17 1301
1 12 627702 632827
84 71 501447 508914
32 79 637738 641406
92 5 654301 659990
45 75 408727 416111
88 55 297014 305228
89 77 74163 77787
80 95 506446 506617
90 96 313149 322025
16 87 853050 856277
42 72 964842 968227
34 89 269318 271433
20 81 39082 40398
14 41 980502 989024
15 19 267912 272630
33 25 952862 962406
57 29 74803 81493
72 63 291608 292747
8 35 736601 738966
71 95 632178 638555
91 29 123101 129765
96 71 403845 410478
17 85 2901 3809
88 24 149278 149830
85 5 973804 976649
30 75 935937 936223
24 50 508104 517069
54 101 61377 70083
36 76 61563 70777
34 48 132130 139803
50 70 565077 570723
88 11 707865 717472
79 23 764139 771323
89 46 762791 772402
98 2 439156 441281
65 43 534533 534677
53 50 93731 102658
12 22 829051 838097
77 98 143475 144022
5 90 855046 863621
62 86 417755 423946
65 75 124480 131902
97 47 927574 934879
75 100 514335 523219
89 48 983997 990126
14 14 594240 597216
54 86 164447 172820
23 6 577924 584964
30 80 62776 70431
89 49 980696 986358
80 61 81448 83248
36 25 339424 348664
67 26 210406 216995
2 0 812538 821529
98 7 727224 728401
61 20 887482 894225
89 14 949591 956193
87 41 330519 331275
97 69 796462 803742
75 81 153267 156637
23 73 767341 772914
25 21 773583 775040
35 29 968517 977269
36 2 313464 320855
50 99 155652 162747
1 27 310640 313931
62 28 495232 496827
28 90 846213 855843
80 57 362604 365200
32 11 198284 200838
66 46 597289 597323
77 80 901075 908410
35 20 727487 735059
1 71 866465 870563
94 60 346383 355003
18 87 716244 722853
57 80 549618 550823
74 96 741286 748023
91 71 246932 251271
45 90 476128 477091
35 38 425518 432591
71 1 729594 733625
90 77 932328 938119
64 0 830417 839744
99 25 136018 137621
1 63 54713 56275
56 81 797890 806161
1 57 488915 491841
69 75 742097 744402
14 39 120327 120728
85 97 326216 334581
35 69 251526 257186
42 92 610795 619068
3 14 434278 444092
91 21 708562 717909
46 14 65869 66671
41 25 549874 553558
91 40 370813 373019
26 31 382965 387150
32 67 209742 213073
6 70 185766 192600
69 69 539903 543585
61 43 689912 699460
30 95 468222 473149
89 45 879179 888066
63 81 53020 54640
3 92 472141 478054
70 28 484613 492923
1 73 203317 211169
94 33 790147 792518
0 100 23682 30140
1 52 897916 899369
34 74 464694 474377
51 54 847543 854437
5 56 850536 853530
73 88 784992 793601
66 99 562631 566471
64 2 477364 480593
7 66 444112 445171
14 82 520031 524881
91 19 618192 624035
85 69 213519 220368
10 63 38375 41356
2 95 569937 574540
64 29 971818 981025
95 45 821392 828461
67 11 546527 554635
21 47 39999 42204
45 44 410218 419107
99 98 265297 273945
18 73 157855 158286
89 11 798688 807934
92 12 955079 955894
83 42 412233 412606
68 15 705149 710619
22 5 84426 91023
49 38 519690 522436
87 48 4674 10779
27 52 360246 366407
79 100 356988 359400
24 57 413129 421659
49 43 858583 864570
49 25 753828 756681
78 11 637805 646802
2 73 935784 941222
16 41 636567 641057
83 33 731122 737450
25 69 958006 963299
76 3 420207 429699
79 8 24807 33088
51 20 220094 227090
99 13 19141 28684
4 66 727335 728747
60 53 30972 35375
12 85 835614 841714
45 53 851322 853604
47 49 881366 885891
46 80 36649 42045
88 37 782100 790354
52 72 38409 46163
52 51 850025 858734
9 5 412922 419035
69 1 369407 371900
66 68 334763 336554
61 86 727009 730078
89 40 502603 511804
25 65 498881 504383
6 88 644953 652963
15 66 315001 321656
6 15 103619 104774
27 80 667826 676988
53 36 671354 680858
70 59 591188 592936
22 40 889737 897911
23 37 706247 708670
56 29 936396 944076
23 84 18479 19476
87 65 686266 687921
100 98 978278 986937
9 27 578728 578814
73 3 425229 425698
46 57 19733 21234
86 59 676485 676719
33 99 926522 930380
22 22 301556 306947
68 1 831883 835051
56 47 677136 681141
43 36 934651 941564
9 66 550165 560130
63 80 623732 633316
24 8 918692 921871
46 25 406151 408043
101 37 108466 114939
59 22 73090 77031
54 4 513542 515023
28 60 936313 944229
57 72 670112 670514
70 5 966143 971931
36 44 915121 919623
29 69 366874 376749
38 26 414247 418654
11 3 121598 130397
76 51 885953 888351
29 20 877427 881354
22 57 8356 12761
92 51 898071 898396
19 78 905855 912028
55 19 405530 406332
53 40 99097 103339
67 12 364248 366834
26 34 334859 335375
40 10 548571 549480
49 12 541243 542425
96 4 910355 914191
86 86 41945 43304
64 23 772796 773959
79 101 809188 816405
82 11 228870 238141
3 1 357834 365747
35 9 860609 869905
79 59 514983 521166
3 12 694929 700506
0 21 886916 892613
98 98 593506 603354
87 26 309902 317094
100 6 124668 129556
79 46 293529 296007
73 76 115756 121512
39 62 683121 684165
39 77 882286 887120
16 2 649339 654423
44 57 554710 559808
26 5 422281 426564
26 12 104846 114554
82 90 760605 762368
19 57 883212 886882
18 30 170196 178098
22 6 185736 190123
45 24 827386 833732
51 91 979562 980230
91 73 647290 652452
66 34 169219 171950
61 2 778390 781022
60 60 416421 418089
75 21 31263 33396
44 11 609981 615380
41 23 475375 482913
60 56 253090 262918
41 63 751149 757375
73 17 142821 149366
82 80 573147 580220
82 28 289034 297804
101 71 889800 896041
62 98 836056 844398
35 25 580221 588539
33 96 903486 911893
42 82 282823 283453
68 75 400424 406151
17 75 391044 400177
45 93 196816 203054
20 95 409082 415112
0 80 366431 372774
56 0 919394 923087
97 67 760428 761050
73 23 292911 292997
22 94 324395 327243
54 14 9485 12646
86 32 243576 249244
82 94 62502 65576
1 36 620226 628386
101 33 667307 668678
71 94 832026 833950
27 18 534879 543082
3 101 1165 8718
12 6 734870 737709
82 62 25348 28561
26 81 745630 747728
52 18 4320 5945
47 64 966862 971175
50 30 524545 526371
3 72 659567 660129
50 16 490110 500094
20 78 888387 893757
82 32 8509 11499
38 55 442986 447290
76 60 82711 85675
95 52 677374 682826
60 95 20792 30390
99 71 630257 635429
1 82 286144 291658
37 34 195839 204039
32 54 235836 241544
36 30 865092 868226
57 98 789619 792428
58 85 95735 103079
52 4 618750 628457
85 74 451270 456923
28 0 731876 732545
64 40 194994 203719
48 54 3646 4810
41 8 722918 731198
85 30 658993 667587
60 28 944933 949445
7 5 803227 803654
101 68 822435 824987
69 98 547644 551654
83 35 160422 170314
86 16 943168 952952
18 42 506933 508088
13 66 919302 925467
93 21 180977 189090
81 9 957781 964834
52 20 903192 909828
8 46 923622 932592
76 15 779650 779690
14 20 644590 646930
42 33 172730 180560
101 67 31770 37750
32 27 898669 907488
55 36 986191 987445
90 16 71920 74797
78 29 620332 630179
84 19 357493 359714
5 20 551515 557405
33 60 296930 304046
49 88 322378 332371
60 72 92218 92409
95 69 423131 425574
95 59 739560 741577
66 9 436752 439428
95 24 11294 16102
38 38 586651 589126
48 75 954043 959598
40 59 995001 1002714
26 56 887714 889219
33 8 936170 940255
12 1 385796 390623
33 0 166969 170800
45 22 91023 95012
14 92 645857 654444
27 32 165582 169587
36 101 957991 963455
76 20 386458 388670
42 34 278620 279315
19 22 142899 148661
101 39 496597 500492
93 84 594652 601881
19 34 854741 864153
79 16 659439 662019
0 48 642085 643791
42 100 522203 531878
92 42 462703 468832
44 7 611221 611357
53 51 158767 166733
62 58 828138 830804
1 14 493130 496507
76 101 135186 142054
58 91 354732 363982
94 93 801833 804302
8 51 364507 372377
36 15 887683 895414
87 3 844512 854354
12 33 572769 581944
17 15 141802 150657
22 49 530550 535424
72 51 44474 47430
39 73 6465 11997
54 56 148021 149472
54 45 468143 471524
39 58 389348 391083
69 3 592379 600263
59 65 406831 409886
88 94 181005 181891
16 30 935711 940046
89 22 884011 893507
46 2 532113 533258
56 85 676163 677239
89 13 711734 712335
59 88 963805 973000
24 98 62333 71202
16 72 767575 772346
58 94 959751 969279
21 87 904252 906149
16 0 565550 566104
84 84 465958 468385
69 87 890571 895582
70 100 180604 182708
92 87 54254 61916
76 7 150782 157012
3 98 83755 84405
49 7 168666 176757
28 72 54908 61517
92 40 808174 813784
6 35 552898 553653
87 55 932098 940077
64 77 568314 571163
101 65 879918 889307
96 50 669470 677113
66 70 619170 619226
38 87 144515 148578
57 67 397758 399631
100 66 722594 724081
101 97 90134 98652
60 67 98952 100986
37 8 638770 643060
83 98 422944 430522
13 72 771069 774805
46 15 894095 897989
29 79 353630 355240
12 87 680312 688378
28 101 103270 106457
4 77 338473 339485
71 91 17106 26421
62 36 466777 474263
98 27 192023 193656
23 44 694916 698507
69 26 950002 953779
93 59 250461 252710
15 56 608093 610449
76 0 269486 278317
88 63 799929 809489
13 32 875402 880024
8 24 623268 623836
81 93 541904 544845
57 2 131972 133753
73 66 840747 842251
91 47 413920 421715
76 87 467369 468623
80 8 865538 875146
45 95 681373 688811
64 31 194745 203500
55 40 116056 117883
94 39 630075 636823
75 76 975444 976457
101 32 408410 411040
34 60 216199 217608
31 76 217178 221929
76 68 308982 318388
60 7 133323 139870
35 50 408712 412412
27 66 856170 865396
79 92 845701 846143
44 28 683924 684862
17 47 298678 299094
47 62 520356 521307
30 60 812100 812518
69 24 935174 943120
9 70 758175 761224
94 78 7202 10379
4 17 924175 926008
79 41 684430 689132
50 27 41985 49469
66 11 987086 987426
18 64 801065 804135
4 60 704737 710176
75 77 389244 394092
52 42 633167 639396
72 73 314392 318129
71 42 997315 1005677
51 55 826611 832647
34 83 795740 805169
92 27 721051 729896
53 7 930128 935047
28 32 408368 416080
47 47 642124 651438
36 14 91830 91887
56 46 5342 14191
38 0 312606 313648
34 9 122159 123928
48 58 285479 287223
73 5 332239 342180
101 8 868812 871827
22 71 347294 350631
86 58 636137 638040
60 31 836119 841042
91 16 79868 83441
26 36 831771 835536
101 76 907870 915029
44 93 571501 577088
26 45 797938 805849
30 35 592068 592263
6 79 951649 954847
18 78 156708 164338
76 64 771727 774422
28 62 85415 87741
45 80 153412 156931
88 91 636506 636923
1 85 704843 706383
46 35 707801 715593
75 10 612793 620859
42 46 771541 772330
60 43 228756 233604
54 71 181238 186482
48 20 314693 324673
75 41 262300 266521
7 22 505950 511093
88 21 896534 904792
25 73 712505 713401
2 28 858848 868094
62 34 628791 636290
73 34 846483 851252
30 28 256229 259985
91 9 921510 924535
60 17 634178 637736
78 15 395581 403400
2 97 344765 351431
22 61 469176 469500
50 38 492779 502697
2 12 244803 251675
2 25 277861 287169
34 6 749007 751070
56 13 886884 886894
95 15 755790 757692
17 16 74944 84320
83 12 886657 890070
89 30 591812 594533
24 58 821426 823408
96 7 708779 711623
63 70 967993 974977
78 30 640821 649988
69 47 276613 284173
3 40 266451 270926
23 70 674866 675705
86 69 912978 919849
42 71 618413 624366
66 64 707462 710189
99 48 427397 434642
53 45 612155 612884
49 81 634427 641003
38 32 396676 404910
1 100 178163 183880
85 67 305237 313277
69 39 344084 348133
31 56 318205 318902
12 56 274766 275550
77 9 856607 857096
60 92 341470 344155
97 12 632966 633697
58 22 844404 846677
4 20 749221 749691
68 85 322242 326616
51 35 740611 745652
78 82 509804 513618
55 92 570956 580013
21 18 35794 43876
7 59 858726 864406
77 15 474212 475085
54 73 575646 577079
16 43 892232 894812
69 7 995116 998155
83 88 140680 149199
28 88 626541 635796
7 85 753907 758946
49 53 163187 166736
24 101 962025 965854
10 95 70611 72491
50 55 473033 473991
70 54 685092 690581
80 77 384643 386265
31 98 334341 340988
4 62 26993 29444
27 36 920753 928066
72 25 595273 596802
64 14 356430 362758
95 80 627783 632557
65 48 639229 646522
98 8 334379 335874
68 86 522286 528820
59 51 739201 748097
71 21 920681 926299
25 14 736578 741514
85 94 840256 842595
97 59 657669 666977
81 29 468315 471591
50 43 280035 287849
95 8 319538 320969
70 97 622185 624089
14 24 949037 951714
96 57 571741 572944
52 57 358580 366644
56 22 153011 155542
88 92 331527 338610
82 68 500198 503631
4 2 240020 241709
88 68 597055 605659
51 90 621619 625098
35 35 789973 798805
23 8 706142 713172
36 57 64982 72799
6 39 161111 167420
84 3 935780 944778
70 57 953228 960813
34 90 575406 583022
30 44 581897 591837
70 10 216652 217406
14 78 185925 193368
20 9 128801 133669
97 91 322693 323659
49 44 797046 799540
10 45 137907 141705
63 98 448496 451636
88 93 681509 688828
35 51 663599 666437
63 31 774266 778931
33 36 533658 534828
49 94 899222 909194
85 37 951554 952765
33 66 608099 614498
50 86 975598 978230
27 75 753856 761049
48 90 235414 240762
46 75 883793 885941
100 69 797229 799530
61 75 988916 994939
31 87 992284 999474
44 38 940772 942339
91 81 524026 530527
46 23 540749 547811
88 14 828023 833736
71 51 301078 304354
17 39 39065 41906
19 45 343030 344039
21 23 511052 511510
39 4 312905 318187
62 2 714032 718655
31 39 893105 895086
32 53 976503 979443
101 35 304872 313676
4 44 554980 556363
29 86 449298 456322
32 91 33795 36418
72 61 284546 292503
37 96 973517 974787
45 30 380256 389738
65 20 53128 59996
14 28 283893 292863
75 87 241832 247589
10 76 7431 12077
101 9 284301 291734
93 18 955807 963466
25 80 858286 859242
85 33 475754 483711
84 32 837001 843805
18 81 361673 364968
70 89 879950 884192
14 22 546909 556352
26 10 976737 986505
61 21 432049 432094
51 70 160095 164951
78 69 584191 587698
29 19 690449 698685
3 10 225253 228078
17 44 918973 925347
74 53 924999 934036
26 91 831429 836380
33 22 57423 60169
9 69 616948 623548
39 44 595118 598366
74 81 118171 124002
32 73 317362 322426
27 29 875681 877172
57 28 83029 90450
90 90 906240 908408
31 58 72717 78985
12 46 820431 823286
70 78 987587 996546
19 75 606568 611626
73 83 533924 540490
18 10 98236 105459
62 13 370377 373414
15 82 209578 209675
95 73 820604 827808
4 76 232753 233476
3 28 862988 869089
14 5 395058 397696
66 78 614187 623263
33 20 663681 672668
65 96 927689 934419
31 100 6388 7231
96 84 543815 550175
8 17 964650 970053
33 81 793881 802683
17 23 596806 598754
77 27 102525 108279
77 74 527644 536701
61 78 300935 308481
46 42 766155 766872
98 43 268239 275349
18 97 922882 928019
36 45 905079 914695
15 2 784226 792231
19 36 154973 158909
86 73 938758 942974
78 59 213059 222902
21 35 773341 782984
88 38 752294 755632
53 83 757454 757611
27 20 737601 737752
36 85 795277 803414
72 53 153536 154641
75 11 547488 551957
89 0 473471 478468
18 32 886838 896656
61 64 211578 213339
18 100 977551 986859
3 46 82638 89884
79 88 234482 236961
63 46 703135 712583
94 79 507548 515145
14 87 523820 530863
87 60 684840 691033
83 43 300306 309894
51 6 28282 28406
53 8 346094 353504
44 58 272680 276634
19 56 822584 831281
81 59 835103 837485
48 52 408604 417220
14 74 381128 384624
41 32 685548 689035
79 63 885315 895304
42 7 910873 919293
36 71 119556 126633
24 88 546872 554866
84 41 392002 398398
4 24 222219 226759
17 10 225735 232452
41 33 240238 242603
14 36 179220 180788
101 50 474569 482919
40 21 436218 440343
11 71 32809 39285
100 93 191856 201585
69 94 363017 366883
87 70 188521 194290
0 1 544364 551711
87 58 853523 861899
48 8 348144 357612
44 77 309549 316044
59 60 20293 22893
101 29 929316 938094
82 15 144770 154528
70 42 319324 328033
21 59 615848 618662
63 6 519987 525313
15 64 13837 21414
47 28 343882 350663
24 11 22608 26247
84 73 508860 512477
17 96 261850 265346
31 45 372488 380309
71 12 577990 587323
54 43 721751 723387
74 43 90606 96093
98 6 624599 629450
27 91 334055 342821
81 82 656751 660518
26 58 227181 233578
66 60 348164 357203
94 2 78544 83349
88 22 577232 583872
49 10 266302 269285
20 68 34755 43218
97 56 455773 465528
58 54 235143 242296
68 41 7962 15462
62 64 288469 291605
94 66 794617 796035
19 87 632963 635512
17 63 398600 400405
58 2 750251 751958
82 67 321273 327330
18 56 906060 907959
64 47 411096 418896
52 91 826430 826761
36 24 967617 975589
22 23 393568 398138
87 43 668935 678735
86 47 301713 310702
97 76 216019 225283
55 57 567994 568525
85 72 83377 91616
34 52 103509 109690
38 35 287743 292415
94 85 315723 319603
13 94 299703 303201
3 41 385599 386394
9 80 582898 588307
48 0 635076 642958
59 30 34669 42284
68 40 609155 616180
67 3 545635 554474
38 57 417500 425913
52 17 685373 694196
27 54 598357 600055
46 87 821787 827501
59 101 5457 6356
36 91 882390 887616
83 26 847873 852629
71 82 839548 849337
24 86 331129 332663
71 60 942421 946999
32 41 924249 930912
90 10 82062 82113
24 63 478771 487687
36 10 137457 145640
39 52 632167 641338
46 40 212492 216511
63 54 403234 411980
4 9 199328 203236
65 35 476490 476786
28 96 431697 437837
92 6 548863 553885
52 11 93173 93374
21 55 362990 370173
58 95 17488 21847
99 39 577777 583154
5 12 842190 848281
80 54 480241 487220
68 87 907234 912950
30 94 846031 853690
94 65 358275 358838
5 86 784948 788612
3 13 317945 322622
60 1 444005 448053
80 37 299781 302228
45 92 172793 182747
47 101 16988 21554
71 22 517187 524863
7 49 272544 277485
49 59 782551 783001
40 58 244396 244941
7 48 443472 443706
100 37 468948 476983
10 82 309021 317899
82 46 646583 653535
88 53 828923 837933
41 93 658355 661005
99 52 752788 760427
77 42 349138 358066
60 59 409093 417373
25 55 312897 317499
92 20 303676 313159
19 21 369566 370885
72 84 770417 775310
1 34 417401 422583
72 19 244184 247313
12 31 759341 759727
84 64 400845 409124
78 14 840110 841678
85 41 412138 414598
100 51 731850 732754
64 11 785269 793333
33 84 744435 745161
44 60 590244 591156
77 90 268662 272800
75 51 981656 984387
43 41 12098 19083
9 64 588554 592659
73 6 720546 729063
59 23 254888 259362
20 19 663130 672811
69 36 783840 791628
32 97 190628 193974
51 78 621742 629477
12 17 706555 712533
41 13 155711 164394
16 22 204312 208294
57 24 214968 216985
76 36 981810 986184
26 20 385323 391531
96 83 275523 285491
21 22 266416 268259
40 54 868027 872535
63 10 279620 280790
62 46 295348 303897
96 21 571230 574351
8 36 470752 474214
44 89 206855 212651
9 30 225093 228212
5 3 375216 382617
38 63 99462 106039
99 100 205944 207871
15 22 459758 464387
92 73 619384 623491
88 50 753600 753798
39 0 503778 512693
14 45 75284 77195
75 35 234484 239637
55 7 241615 246205
13 69 253024 255753
1 58 350440 353004
20 83 616733 621726
49 58 95545 102961
8 89 450948 459612
64 73 721069 723409
99 46 307256 314438
63 11 216054 218659
100 15 791242 798268
48 45 768403 773037
89 1 628332 633558
41 73 41905 42645
85 58 238541 247151
91 44 687296 691506
34 99 85546 89418
81 8 195354 204365
65 27 226366 231287
98 55 845012 847622
8 67 497851 504532
61 71 345042 352953
54 70 573385 578456
25 31 707900 714705
11 83 861759 864728
58 7 485008 485199
4 80 178256 179165
65 24 555611 560466
13 9 686907 696001
24 42 615308 620661
66 58 80958 88357
19 62 443380 445491
36 79 469948 477702
22 74 627935 636254
60 24 907421 912381
25 30 709521 713296
43 31 623960 629024
82 14 215389 219618
62 25 787175 795257
14 10 512487 517825
39 61 80253 86903
86 90 146964 149711
77 8 407130 410226
39 8 142873 142999
65 66 909588 918434
61 9 308085 317462
45 55 513122 517456
73 61 613260 616704
87 40 626277 634706
2 6 972038 981458
23 59 544012 551075
38 28 508090 508547
90 55 845588 851145
69 31 714816 717486
99 10 641750 650092
21 63 532893 541662
76 98 62146 71937
62 49 398557 406838
2 61 758562 761544
54 63 747944 751171
31 51 476263 476281
95 30 296849 296962
39 97 690477 698298
84 15 150343 160015
39 64 801128 806589
87 83 154115 154547
99 47 537235 540630
81 80 50332 59187
89 58 910522 913082
51 67 206624 214801
92 19 916079 923601
77 25 477517 485602
34 98 603741 612957
72 98 469450 476391
33 68 161106 170260
89 8 70174 72941
51 18 684398 685246
54 81 608929 610014
59 70 629737 638320
87 54 130697 134518
50 12 997415 999675
65 47 412855 414061
80 16 187396 191386
24 4 951738 954867
100 91 583219 584200
78 22 308304 309787
43 48 741812 745119
9 63 801337 802865
87 10 398496 399080
50 97 502358 507350
40 38 62974 66649
53 75 597950 600130
61 89 446224 448323
87 45 923683 927728
97 3 855882 865473
77 100 313119 315723
63 59 844210 845366
26 40 53932 54085
90 74 314206 315912
77 53 642173 649818
25 2 437709 441006
50 81 544288 544773
83 101 481835 488877
81 4 454292 455584
39 80 716927 719711
41 37 970385 979426
72 40 883620 892779
67 74 818326 827241
39 28 272834 282403
13 27 473350 479095
99 26 541809 543374
92 49 474295 483037
71 53 819388 827977
24 62 849847 852678
55 101 931544 932995
61 11 111711 114000
65 0 951501 952094
68 0 389815 399709
92 99 536041 541132
50 4 415585 416806
11 66 977802 979551
28 70 674812 683340
9 88 805705 805944
66 77 536704 537969
2 21 128920 133626
8 76 213610 214816
48 89 678185 682293
37 86 302456 306027
54 94 951026 951187
14 52 163369 165978
69 85 612616 621126
5 7 720616 723381
18 83 143961 153106
11 81 306252 309789
64 33 956114 961989
51 30 180695 184171
37 93 833526 836413
86 42 412940 419847
90 85 249980 250156
73 68 824247 833360
19 20 392998 401723
72 86 533777 536977
39 34 610507 614474
22 46 74396 82366
13 33 397520 399334
45 61 948768 955677
14 95 927326 931579
37 54 869471 875659
56 40 433139 440430
16 77 996032 999406
78 92 32746 39194
38 39 566437 571389
41 43 443898 450286
63 19 787311 788966
98 65 527624 532631
99 23 963680 973217
78 44 625027 630116
40 96 157530 158050
93 42 397473 398307
39 25 392013 394927
19 43 840497 849973
28 97 687101 693779
7 65 840707 849178
5 37 273016 273945
59 87 355129 356138
79 13 87004 88785
7 92 670561 679435
4 94 413785 423483
7 81 715000 722631
66 66 654728 664592
88 64 435624 441276
91 37 510524 513740
23 17 311158 320853
61 84 295802 305451
73 86 193498 196288
92 21 338059 342517
35 57 634481 637729
14 91 555795 557296
35 42 119234 124390
74 26 260349 264614
10 26 283470 288424
16 58 639368 648514
83 57 154577 160063
53 37 27121 34092
68 32 415451 421908
87 100 441263 443339
23 7 583053 589175
22 3 185617 192866
77 46 147939 153786
32 74 176888 177482
51 46 436267 441813
47 83 652773 661867
21 0 844916 854638
9 62 431603 441323
73 71 318296 326356
69 62 198565 206510
96 24 607658 611779
8 92 411867 419088
13 24 830701 837209
73 40 854535 863540
14 90 769849 775997
46 13 258720 260270
39 20 311355 312094
53 88 591374 593404
5 100 801099 804387
81 14 614879 621399
66 49 210809 218120
83 20 250305 251201
70 1 681474 686356
8 96 246985 250832
88 80 662494 666022
35 39 935428 943023
78 101 859356 865936
75 85 568096 571926
94 14 691566 696708
75 54 495014 495426
10 11 240478 245895
91 31 866469 866564
84 51 631771 634679
71 96 980261 989777
48 57 582479 584263
74 75 85723 90044
78 96 468409 477265
39 42 732463 734828
22 16 287031 291607
83 5 701706 706497
5 93 192215 202141
17 70 468816 474610
54 46 622454 623793
8 86 904234 904396
35 56 782268 792222
24 43 696532 698964
84 83 548396 558142
34 5 971898 975828
70 69 12945 17086
39 41 873254 879361
16 78 205501 213830
46 54 774510 778353
5 95 962791 971084
10 12 776285 776763
77 30 14954 23799
13 68 209372 214617
19 7 590671 592029
37 58 673173 673449
29 11 222908 225814
41 88 211571 214350
59 43 86733 91873
79 77 501591 509345
74 92 555674 559042
7 97 873930 875614
12 20 960638 963114
90 30 937838 946977
16 7 256787 257236
33 32 929708 933283
73 37 678749 685002
22 91 566965 576786
97 94 227764 234869
90 56 599545 609291
52 19 750438 752352
40 41 393343 397656
77 64 633663 641657
11 4 297509 304515
16 65 63741 64217
11 49 483007 484614
87 34 705012 712810
91 49 182764 183270
55 27 697820 703948
50 76 868640 869468
66 18 824660 831632
32 5 883316 884798
22 66 605502 606896
75 61 37675 44553
58 1 739056 743888
86 94 594601 595907
7 32 844282 847941
44 94 680577 685918
18 76 327127 328384
23 24 798292 803053
51 65 365217 372656
32 19 408495 412386
70 26 138557 147515
59 52 825572 834103
1 46 963242 972416
37 0 323515 327279
63 91 785953 790598
23 29 285752 287241
60 90 245753 253324
3 44 926696 929951
2 11 46757 47648
80 87 420318 426985
51 96 636458 644586
53 89 578809 580868
2 42 251363 261079
34 31 395551 395568
8 75 209613 212056
27 11 287568 292329
56 25 932683 939446
89 55 630462 636614
75 7 69649 74071
58 16 67049 73228
56 38 84965 90045
3 52 743063 746050
65 85 61675 70210
80 1 457049 461404
86 83 626498 628351
45 43 546284 552720
58 80 313500 317102
88 72 818180 822635
65 67 374192 381418
27 24 447772 448830
82 52 222745 227522
97 98 558708 567297
42 94 595534 603609
52 7 520686 525309
40 68 913679 920901
65 50 21333 26578
68 88 775724 781211
62 19 966450 976076
60 79 362029 369517
75 73 750875 760739
51 3 473610 476606
25 71 878602 888464
98 63 991830 993208
97 10 705037 707400
72 88 693070 699924
22 99 179498 189174
18 15 709642 714064
61 77 819146 828345
39 13 693203 701891
45 2 80206 88137
64 10 541331 547284
89 65 855048 856181
80 51 913343 915746
98 35 773260 779285
27 27 949633 957848
33 86 503938 508556
71 7 51423 59396
3 90 196200 200785
72 3 995838 1004604
73 85 94820 103896
3 5 636433 642112
8 33 921506 929756
97 54 557249 566059
101 15 755746 758473
71 75 503934 512874
44 73 870271 873527
91 99 387508 394251
83 92 953640 955000
48 28 982886 992874
28 67 759551 759611
39 36 244101 248355
59 33 736535 742093
50 33 581208 584393
63 77 432167 440596
6 42 716496 726381
51 17 446651 449301
22 62 102372 108502
88 47 315858 317810
97 37 940491 945951
69 45 840261 842232
82 72 874768 877982
43 79 257784 259714
56 58 112725 116165
12 51 810452 818663
10 58 467716 476195
93 36 411537 418367
71 67 549752 555820
93 40 301168 303477
101 83 203691 208215
62 57 640052 647134
95 93 806242 815860
17 73 971860 975500
97 77 417578 425762
18 33 619367 621768
5 51 927840 935827
64 63 188683 189089
61 80 490392 493368
92 57 899503 908304
53 101 340385 343961
42 64 431143 439071
21 34 658872 660038
19 24 774072 777097
6 51 368435 370606
23 61 852683 858539
17 0 117933 127773
91 34 942875 950508
94 24 146636 147966
96 12 221885 223871
83 4 984709 989246
49 49 781125 789210
100 20 90082 98883
91 53 232025 235070
52 31 529459 533030
70 3 786659 788884
98 101 514917 523507
39 86 591133 592971
9 18 315902 323887
42 60 389555 397626
70 21 647875 654684
80 36 716091 719620
89 18 90083 92554
29 32 941220 942150
24 46 958421 963329
74 9 706169 712614
45 18 122101 128474
84 96 56152 62624
43 23 156509 161502
49 31 62558 66145
86 77 36136 44410
20 101 501682 506970
101 11 777697 784514
78 70 67917 72658
28 30 759521 767957
