20 1711
24 80 53900 58414
77 32 974441 974617
68 9 367428 370313
65 25 346130 349998
37 20 368221 373419
6 53 374990 380944
13 44 648794 650606
70 72 302504 311046
4 27 663888 666094
50 0 24750 28818
9 61 672661 680591
31 32 153960 157300
30 77 3947 7515
99 4 81718 90469
69 16 49906 55407
20 86 639644 639909
53 55 474507 478994
9 23 23006 31922
96 16 474420 481147
83 77 624616 632186
59 66 331650 337052
57 11 823147 831326
39 52 55174 62766
38 23 714889 719055
24 8 792431 800902
71 23 847606 850319
43 53 888611 897397
69 80 658718 659304
50 48 867086 874809
92 15 855372 864064
84 94 815741 823537
4 65 203721 209466
40 18 378225 380959
60 90 535565 540128
57 38 150322 158735
14 98 473010 476050
34 83 965959 969772
67 40 737091 741002
62 96 398403 401815
76 90 181332 184177
73 51 617706 626649
83 34 227175 232663
35 66 280603 284379
66 50 219080 225498
101 12 279740 288725
75 100 55249 57698
30 10 139130 146891
67 87 369942 375992
11 70 447582 452504
50 88 945449 950874
45 26 821285 822741
56 62 660932 668619
59 6 295960 299262
53 101 235752 241483
66 18 622550 630415
42 19 405633 409979
69 15 309876 314873
88 5 752340 759861
64 73 394232 398178
78 70 179737 187824
17 25 604319 606694
78 68 577177 583331
74 26 248850 256552
68 52 24143 28026
54 75 651790 660457
70 43 177406 183075
44 52 956042 959199
34 37 358211 364742
86 32 251291 252205
98 54 259516 265878
54 83 723600 732204
80 23 344953 350470
64 66 321697 322897
23 100 468877 475588
88 99 91074 94676
86 44 674919 681710
43 13 962962 965131
93 82 945902 951629
83 25 147986 155240
42 28 886966 891190
2 90 95662 97830
89 53 549113 559042
2 49 339909 344808
80 19 629165 638777
95 65 823959 826399
50 11 695127 704042
58 6 796945 797716
97 97 513890 522162
13 59 124601 133940
40 10 442270 444566
64 78 331468 340270
6 10 143508 151210
90 63 627471 628496
89 2 49019 49892
42 65 344868 345306
86 30 739562 745011
21 82 494058 496480
33 53 49066 55919
75 94 344173 349024
89 14 469847 478220
4 66 325270 327299
44 75 989181 993186
52 13 54377 63909
101 18 555591 558472
61 67 766657 775416
81 69 198887 199763
19 35 263527 272430
14 85 360438 366338
9 65 354613 356400
66 87 75966 82470
12 6 203673 208941
90 30 661888 666570
67 19 130142 137965
84 75 65454 66459
4 42 483119 485863
75 34 949544 958174
22 35 502571 503797
23 99 763757 768647
69 14 852828 862779
8 62 321175 330491
65 17 907082 907260
2 7 666784 671457
84 39 420370 428927
7 15 141486 149107
22 7 269726 277421
18 60 883170 891100
43 26 673335 681663
19 76 254206 258610
93 39 96447 100215
28 16 329622 339439
90 49 868621 876154
9 76 848032 848667
56 16 603202 606599
35 57 278666 281834
12 61 221271 221342
37 74 586458 590238
36 79 972858 980899
7 2 856970 864742
7 85 846624 847745
77 19 710205 711189
86 38 905177 906746
83 75 590788 595709
5 77 489965 498848
2 37 268744 276231
60 97 945505 949362
79 69 917533 918525
41 0 819942 828650
95 46 578020 585968
95 55 933932 935822
3 100 710194 718419
101 93 206383 211729
6 71 943800 951725
69 57 8358 12925
80 7 732613 737864
14 14 278099 285423
60 66 25592 30976
44 84 900402 902451
98 67 772940 777287
72 0 456907 466382
39 5 398720 408604
12 77 98508 107529
15 88 583704 587977
60 47 19741 28330
58 35 207260 215622
27 48 620308 628079
61 55 746998 750371
38 69 848343 858250
91 85 109113 111293
96 33 95674 100972
86 92 962481 970258
10 14 61717 68346
60 98 126921 129789
51 25 522228 522817
63 15 229415 233550
65 54 115032 117187
12 90 166421 176157
23 71 302051 311394
55 48 85871 88621
95 54 546661 556276
11 78 376864 381751
25 77 977357 981219
31 20 993135 1000413
10 35 72518 81584
65 93 438874 442807
31 12 726596 734228
19 58 527462 529442
27 4 725223 730828
17 62 764393 769877
99 90 96747 97080
45 78 994509 1002142
93 66 470560 473518
24 35 465781 475466
72 4 33070 40624
60 42 337734 342685
83 71 425203 426403
12 73 43179 44520
88 10 492406 495426
62 72 958921 963748
15 3 145645 152522
12 19 475718 478824
0 52 334092 341178
36 58 567787 574006
14 38 507099 507777
85 85 385788 392973
40 31 311968 316138
101 28 254602 256058
24 71 506281 512582
51 81 878326 887857
22 16 485958 493851
46 30 145352 150621
31 38 110424 115831
88 49 475550 481376
24 62 940415 947690
67 39 485633 488848
50 95 438479 445929
80 85 199404 200263
34 66 275430 279774
24 6 876574 883764
15 9 28559 29493
29 31 524645 533519
8 76 615166 617699
87 43 397053 405663
45 93 316850 325794
87 9 239909 243561
34 44 307361 313331
71 29 63646 69886
81 94 575258 582895
41 92 284925 285170
36 73 221459 224828
9 16 490494 493519
84 90 983786 988353
53 72 234820 237854
91 63 862130 864458
36 43 819041 821449
11 90 352826 356687
101 21 68967 73361
15 63 512859 513578
13 74 513822 519843
52 54 779967 783141
25 2 126469 134867
6 21 149329 151179
42 64 857210 864348
16 94 90780 95693
89 60 644008 653686
20 1 733631 735550
100 35 378666 388149
60 73 660903 665566
22 32 1487 5537
64 48 540622 544959
101 100 48919 55776
65 13 813658 822937
74 75 92080 94257
43 17 210284 219446
91 88 580708 581680
14 18 6230 13249
60 26 261500 269751
10 59 257950 258064
59 4 936856 946738
43 45 435666 444819
52 66 148579 156125
2 58 355402 355735
17 2 433019 438461
75 90 490924 499506
83 51 948043 954159
24 29 488071 495478
46 25 905835 915098
19 42 450632 457044
7 71 225167 229801
27 89 100653 103430
5 82 879792 888943
82 83 827493 831492
18 88 81511 88978
30 22 991804 996737
84 60 642059 649581
34 24 442625 449222
83 1 421361 423107
13 51 178262 181152
48 31 18097 18784
63 54 271275 271409
97 61 211942 217839
82 94 871148 880561
66 28 178465 179108
41 57 706131 714095
32 52 206816 216520
11 79 335922 344113
1 57 326699 333066
14 66 730096 733455
83 12 230154 237593
78 64 571534 580138
63 60 562823 566634
22 70 318497 320803
20 75 753119 756281
38 75 132700 136137
95 47 507640 516547
30 88 132169 135226
86 85 513710 521864
41 32 923917 930194
39 8 166759 175392
40 66 464139 466758
64 71 524867 533694
101 8 772398 780795
92 64 125351 130521
33 56 213772 214606
78 19 274288 274494
60 8 81666 88072
46 76 931279 938099
92 5 5662 9672
79 8 105750 106044
2 68 450247 456033
86 89 965098 972521
69 97 411654 413378
21 71 241768 251514
42 96 196462 202962
77 18 730514 735585
100 73 200435 208903
15 92 196939 206557
21 100 243019 247221
92 70 479086 486824
23 17 523052 527970
37 57 207249 217230
2 40 647 6935
38 8 577234 579388
23 22 86161 91029
12 94 810080 813212
45 96 361764 365757
99 39 79512 81128
67 56 129671 134660
25 70 514696 516509
47 87 302738 311384
54 71 932824 935072
74 87 213763 215126
45 85 742817 750659
44 61 807635 813851
42 39 471004 475906
30 91 345800 348540
73 44 932501 932683
1 51 37196 45136
0 46 437953 444256
41 8 40045 43152
99 40 325782 331770
91 7 432572 438026
32 28 47512 54588
19 38 21215 21223
57 73 58078 67131
45 70 208204 212774
16 14 292850 302559
38 49 760838 766302
9 11 213181 220203
0 23 233846 235248
0 22 646001 652501
52 81 990145 995658
37 58 179237 180865
5 68 96399 103929
30 3 926663 931864
72 71 347580 355936
19 60 771076 772079
42 2 859689 868935
21 50 857625 867340
84 31 794146 803342
93 4 1820 7886
58 73 411252 412284
98 97 981457 982119
37 39 708359 710821
84 87 494865 496544
78 47 572399 580295
74 71 458242 464876
64 15 62905 65184
26 76 983999 984202
96 70 128187 137551
19 96 265927 275386
72 65 801353 803234
43 100 723782 727147
0 72 693785 697701
24 20 974704 984556
96 19 96231 98397
66 82 992866 1002275
5 41 741051 745503
82 51 259969 267329
41 16 228727 237193
94 58 294635 294837
80 47 551950 558539
43 44 289907 295971
89 44 460784 463987
68 20 512779 513200
1 44 209479 217672
55 4 444969 448840
9 100 524078 530520
50 60 454539 455079
84 44 252831 258665
90 86 57044 58746
20 64 516779 519275
82 73 445092 454301
75 88 892436 900451
77 101 143140 149386
26 13 284655 292467
43 41 427831 427930
60 69 27956 34096
93 61 503628 512285
81 65 293341 297084
69 9 676688 684091
76 82 622614 625403
93 31 40654 47437
54 44 104834 113082
16 65 397310 405645
14 27 181722 185679
92 84 500046 506509
83 18 968768 977118
79 40 895442 898790
10 13 742704 745906
87 77 610745 613369
43 24 54819 58267
56 56 637299 643959
87 10 524716 530783
69 50 364852 366748
65 47 271378 278795
55 59 177477 184411
79 80 489598 497552
61 97 614624 614821
37 70 246099 249295
40 15 18149 21810
74 15 249754 250142
9 34 549844 559083
18 10 392592 394354
9 89 63320 67376
79 27 69180 70039
40 52 682529 686506
33 80 157760 163824
39 86 53611 60342
79 82 118986 127647
25 76 62071 65583
29 22 353645 357978
90 97 850282 850937
23 78 930324 931228
101 35 350307 352094
0 16 33715 36391
63 58 373832 381870
85 73 103447 104125
93 5 47583 53465
39 39 497704 499015
87 81 115909 120722
42 6 888796 895428
22 94 248152 248360
31 66 566853 576110
16 31 137389 141121
31 35 70661 75648
89 96 414527 417202
79 6 491847 498676
22 91 600430 609690
57 84 707600 708464
65 36 26676 26909
72 46 779044 785646
71 89 570120 578273
94 41 625720 626334
93 72 363626 364428
28 100 519487 522872
98 22 619309 621082
11 42 243119 251003
68 91 890221 893237
96 7 438591 447168
19 92 434371 436131
90 43 226748 228667
18 43 568002 570327
60 39 583528 588115
37 52 663283 669595
30 90 635610 639725
15 27 433066 437437
35 15 13250 22533
22 21 552211 559868
58 22 239024 239141
86 79 546448 550079
58 54 179523 181742
48 3 363020 368687
95 81 933311 942287
36 66 799407 802589
31 100 365434 372334
36 24 682393 689883
87 63 858051 862635
54 2 394323 395497
68 44 96199 99822
25 32 480138 481963
16 88 686296 690385
43 78 35903 37849
24 79 154026 162376
33 62 579628 584229
56 27 559587 567822
22 24 929470 937842
37 81 158187 159737
78 15 51380 55857
21 32 739425 740506
93 22 902279 904882
37 73 752170 761731
91 23 765940 768117
6 59 586313 596062
79 42 108253 115857
5 19 516518 525161
92 76 767696 773543
24 101 100622 102104
31 30 738914 744243
18 72 704892 710520
26 60 764765 768593
94 2 244216 246261
34 10 571109 577838
91 4 465457 465868
32 79 384559 389144
75 97 861613 868936
89 74 101548 103608
66 40 501359 503121
7 10 222686 231657
27 39 332586 338375
67 97 46124 47565
95 31 170384 171121
31 49 850423 855065
12 55 133149 141366
101 41 171126 179976
73 88 940597 944882
86 18 932375 936576
67 38 28381 31912
26 30 687246 690788
48 50 630885 631014
97 45 780863 784679
77 5 253612 259236
41 27 553523 562186
4 99 359445 361048
23 72 435277 445218
7 20 386682 390177
100 56 14901 19969
89 32 708415 709585
0 74 651688 652902
36 69 380554 384953
68 32 980009 982388
76 47 943730 945202
42 27 36783 37314
88 80 998661 999948
81 11 905588 908211
55 56 434181 438119
45 99 650367 651095
26 0 575861 579990
43 32 964362 965223
27 79 347567 353536
23 16 799430 801893
53 85 141421 145550
51 100 76352 84470
17 38 49907 57686
0 12 585885 588078
25 3 644403 645958
76 55 650027 650410
97 52 250738 252607
88 64 403352 408930
38 29 439866 440832
7 89 191362 196769
21 28 905968 909975
82 22 626769 630811
78 22 572071 573959
52 38 183582 189348
97 79 699012 707207
19 86 887773 894407
32 11 33175 36052
48 98 555925 563728
45 37 483463 486888
56 54 857128 864843
52 22 666567 673609
41 11 832076 837787
97 18 56857 63509
9 81 395115 400930
23 82 522733 531693
60 80 332219 337947
7 75 296464 302317
26 24 444890 445326
53 77 539665 549130
80 16 537103 540850
27 90 111183 114061
65 14 709570 714894
37 77 266982 268111
101 13 388266 397784
31 92 162345 167473
35 7 74445 75397
23 42 15496 24349
73 40 176639 183269
78 16 580961 587063
6 25 769613 774859
37 78 496206 502745
34 5 866767 875525
63 39 27967 28956
2 27 559477 565209
81 79 333532 339409
51 51 605782 610814
59 65 648303 650461
63 99 901789 911687
91 78 547460 553809
40 70 284510 286386
50 24 668737 673459
8 7 61804 62368
92 44 917830 923656
39 50 26668 34946
101 32 380577 389767
7 64 198889 208804
54 56 683906 685438
16 43 735966 744297
85 33 970086 971686
52 63 595927 605328
27 26 269452 269658
39 67 331837 336428
62 9 399597 404471
34 45 819160 828631
98 37 970783 977477
71 84 290775 297416
28 17 853751 855806
40 20 624340 631439
59 59 62827 65362
80 67 977444 987416
45 2 440322 446803
88 84 616531 624450
15 24 804800 814399
4 39 114259 123622
72 10 380694 382427
83 70 836404 843140
47 67 245926 248553
58 52 128255 132656
28 23 769468 770176
46 21 748377 750497
5 49 852840 859788
41 6 378041 386572
66 67 363338 372637
87 95 692086 692171
72 61 644416 649814
87 50 659428 666803
50 97 132928 141390
8 29 461949 468212
68 46 847378 852227
39 62 671378 679164
15 54 33897 41386
37 68 862322 869086
88 32 10236 15881
88 42 432967 436069
4 41 837468 845848
51 18 660319 662006
42 97 898425 907900
97 89 240956 250811
62 5 277719 283818
13 12 903773 905257
55 27 898281 908115
47 7 19250 26583
85 55 976551 981860
28 10 840331 841975
99 8 269372 270151
18 54 224966 230715
58 45 270703 280117
40 77 599745 609118
15 20 662010 662635
95 11 456814 466357
78 32 114834 122359
80 98 386559 387048
77 81 106177 111884
46 43 879660 879980
7 39 996241 1002419
43 93 442201 445343
24 61 451950 452790
84 55 927262 934068
94 73 892978 896131
16 101 111924 121169
83 95 217990 218938
65 7 780078 785071
44 39 32796 32803
23 57 101596 105237
100 33 595521 596076
48 87 172004 172025
44 60 745357 750832
66 52 726788 727503
13 98 304029 309895
71 51 273059 281194
20 31 82339 91086
45 81 365075 368780
69 78 510744 511929
82 88 280582 281357
48 24 547479 549099
12 36 331476 337358
58 16 570330 573234
54 87 934415 941703
32 60 718377 724302
45 66 174113 178613
56 3 487370 496440
6 94 455381 461240
96 82 903983 906008
41 89 827907 828311
99 26 653287 653964
28 81 822531 829142
8 82 120823 128237
39 72 381193 382331
44 26 583775 583857
28 92 344621 346362
72 15 339763 340694
46 60 135844 144126
101 7 705352 706603
20 25 921209 921575
100 19 969977 972129
47 39 65786 71571
49 23 592852 599615
10 79 790541 797184
41 35 679615 687365
74 16 705779 712812
37 51 554642 560678
69 18 414051 418990
21 12 569058 570035
98 69 584404 585940
77 61 34327 40350
29 36 570743 577362
87 24 210250 213975
11 12 864212 864654
69 54 754124 756849
44 63 724743 730772
17 49 709896 710018
92 20 828893 831221
1 32 491822 498434
43 61 907434 915236
97 87 86866 88660
21 36 718701 719636
22 84 788060 789916
45 50 528050 529010
88 1 637664 645345
55 88 256478 257347
47 77 799021 806151
9 90 659105 667948
29 89 19255 25135
26 52 873126 877778
75 16 559935 564125
63 27 147383 153202
67 32 399427 403008
80 51 767985 775547
99 89 727489 734027
100 44 2716 4209
56 10 6589 16362
79 65 881014 887455
42 33 58522 61743
62 48 708657 715274
79 26 768734 773272
90 68 562220 569012
97 41 558195 561360
58 61 914390 917381
101 68 328609 328720
44 28 769236 771381
28 31 971406 973400
94 62 769888 770966
93 27 657732 666454
61 101 648390 656991
75 33 150785 152283
55 64 18840 28715
89 62 81473 89010
95 101 359312 365283
75 2 959371 968320
97 13 69449 69728
87 65 603049 611826
18 25 280861 285988
96 0 143604 149148
74 90 943526 952302
46 94 465840 468420
55 38 362412 370443
71 85 657865 660387
58 23 329328 332366
42 70 218081 220227
85 84 55438 62976
65 68 880721 887369
65 26 497987 504759
34 11 624055 624623
33 66 830607 832604
56 41 950164 958892
57 28 130493 136631
51 65 350056 354395
47 80 468639 474144
40 39 815906 819449
36 90 763448 772294
92 52 596880 605896
20 48 756349 764704
60 20 622645 627569
17 24 671016 671120
5 61 341420 348028
78 71 899346 902562
13 5 972308 981768
89 28 954808 961078
66 74 494849 501788
100 96 992077 1000552
35 61 902528 904833
75 76 174591 183876
99 60 608304 611274
19 23 459845 465022
24 98 2283 10760
36 47 774417 782518
39 91 299721 300737
97 38 83003 88114
38 47 89367 92608
60 93 584772 588830
29 79 823754 829192
69 36 745582 752896
90 60 225862 235695
51 73 270637 278940
3 55 224280 230244
0 31 940823 947340
66 86 98666 98766
45 75 915073 918212
93 10 470774 474097
45 8 236044 237558
34 38 950096 955235
59 17 642671 652013
88 20 284936 294432
77 44 23150 27498
43 69 171443 180051
9 95 858551 866788
42 24 785870 792336
96 23 448829 458617
28 76 886164 894705
32 20 226810 231659
65 59 592409 599190
37 86 525342 534915
22 9 245361 254081
100 42 627304 628086
76 80 443052 452561
44 35 801045 801726
63 61 959047 966582
31 36 618415 620242
80 24 758896 759713
48 65 192732 200415
80 84 982616 983705
69 12 255901 261084
80 89 829462 834612
26 70 244104 246519
87 55 452599 453966
69 81 680817 680961
32 23 317059 326478
80 29 843315 846626
35 35 770972 778150
74 1 776847 780804
4 98 140527 142405
19 47 756506 762300
32 36 261448 262534
56 76 476504 479549
2 25 313744 315845
100 1 327825 330473
90 31 703709 704823
41 18 912233 919278
41 54 70686 78490
23 64 130955 132424
72 97 727094 727427
70 80 642178 644153
6 5 44870 45043
70 99 152596 159342
68 101 922263 928745
99 101 159114 163530
20 76 839618 845512
55 3 424742 433371
15 33 683759 689534
97 7 439365 447160
94 79 791030 797780
54 64 550166 551568
49 99 820440 821937
22 63 546106 547799
10 86 718868 719386
94 89 299504 300148
21 27 96424 102801
87 11 397719 407217
51 11 407085 410997
55 99 575074 581554
24 16 405984 410011
38 36 473322 475888
17 75 381687 390530
51 31 907774 914000
46 50 547075 549950
55 16 547911 550770
95 30 741722 747369
42 73 537762 539193
99 61 176460 177805
68 18 5480 14854
56 48 793236 794869
77 78 897860 898309
20 5 872046 881042
83 88 657047 658977
12 87 318406 318942
46 97 378520 380494
75 35 588720 592019
20 3 858668 860861
30 101 461315 469195
81 0 109587 110891
38 32 58354 67221
58 81 427759 437526
98 98 869876 873496
54 37 591310 593161
46 48 359594 360690
99 74 329729 336863
11 61 708759 711394
32 29 113008 117159
25 9 236786 244932
44 50 398065 403426
55 86 525683 527577
52 23 616518 619749
68 84 990605 998666
84 85 446602 452672
95 99 125346 135319
82 27 401361 403569
62 39 394715 398323
30 66 988865 994916
68 49 585587 585847
75 101 206944 208346
69 41 562191 562534
52 91 333350 342681
15 77 852228 856657
78 44 478854 484639
30 60 643838 651448
10 94 383654 391538
36 21 339077 348290
63 100 687083 695616
60 101 913499 921105
89 52 271004 275225
48 11 973699 974488
36 67 181833 181993
62 11 689066 695077
25 100 935038 937396
81 81 249451 257732
85 47 588088 597978
101 47 144818 149956
26 91 950527 954831
7 63 761984 766930
88 37 448690 454349
78 1 85723 94119
97 101 855862 857877
70 77 328462 331691
13 70 507411 510121
25 36 664414 666796
93 19 920679 926965
12 51 874121 880796
52 86 468905 470684
55 11 399921 401331
73 22 904972 907148
84 53 414239 418770
35 73 13443 21836
65 5 817499 821100
6 12 838353 843510
86 94 935437 942959
90 67 653869 657176
0 20 325203 325732
26 3 52026 53258
75 62 954448 955894
22 65 340457 348367
58 78 841578 842103
50 69 319078 323948
91 29 102377 106246
90 85 906157 907665
52 16 939241 947051
64 49 874312 883395
33 9 620260 621578
47 101 27499 30167
60 16 729686 731250
46 63 818036 820752
55 6 185593 194231
36 15 907810 909941
92 87 728131 732364
20 11 659563 664292
36 38 834782 842016
72 49 937955 939673
69 46 201798 202494
6 57 862387 864266
38 73 414872 421599
37 6 727475 729152
93 59 439251 444600
86 0 761716 770923
43 96 682373 691234
70 81 484552 492667
24 43 436090 442768
76 91 42083 46555
36 13 570397 574722
72 19 14476 15861
40 94 569254 570902
9 35 460192 468695
19 45 131591 139447
38 13 240935 247844
93 86 703002 707290
24 56 761672 762750
24 90 621844 631640
33 99 523699 525051
81 89 65526 74026
72 2 331306 336451
31 4 64317 70600
78 59 665513 668691
66 75 750912 756062
66 80 2714 4534
69 100 288592 289385
23 43 959372 961136
37 75 136435 140479
81 8 633041 642182
39 60 172614 175444
25 88 181764 187514
96 76 105733 107498
64 20 813759 815947
37 91 845840 847531
31 48 77368 85823
33 21 945347 952604
53 56 908807 913011
77 49 193711 197582
74 19 965464 969253
19 61 852003 858855
87 51 864180 868734
41 72 61658 63454
100 86 391825 393725
57 14 520978 526553
29 98 288761 294964
59 42 169645 176593
90 72 221947 228453
87 72 341552 344547
98 9 715084 722237
57 49 495054 495297
80 42 638441 639177
34 53 649196 659150
2 43 989963 997745
11 44 644214 644489
21 48 895950 904213
22 30 590963 593127
0 42 438472 440672
11 2 287789 292490
43 83 435025 444853
95 10 156696 163537
31 96 952427 959124
6 49 100991 102738
73 53 484947 489515
72 3 473299 474642
96 25 536191 540340
95 90 258569 258999
71 8 585728 589316
16 34 606949 612292
5 78 661703 671328
62 99 983102 985897
96 81 13944 15400
15 75 46057 52824
60 9 16000 23753
94 63 290369 296992
66 45 69260 72414
12 24 246932 249882
77 84 655540 659465
64 99 130829 138289
26 64 167784 177141
96 46 265299 266280
74 59 715432 717133
51 44 711865 721112
12 71 304979 312144
80 9 535029 544877
48 8 564211 572777
39 84 58053 62361
28 83 264975 273999
47 97 999823 1005228
32 94 648523 650837
77 15 700172 708112
78 5 566409 570450
69 92 707579 712718
90 62 924205 927640
90 48 956801 961152
1 91 499032 501721
4 88 504077 507552
0 83 35566 36834
20 6 895848 902313
39 2 623240 628601
74 100 126425 130555
38 85 184299 191543
8 97 835767 840179
16 20 883075 886040
33 64 408425 417659
31 13 593469 598628
4 62 999469 1007868
64 97 815734 816005
33 43 873561 879933
64 56 94269 103242
14 32 211370 212101
58 84 727588 728013
48 60 418918 424050
5 50 132023 140793
17 27 349020 353645
88 68 453836 456451
45 64 608623 618189
69 79 435309 443184
10 40 146976 151902
3 24 351539 359062
1 78 248851 251683
42 35 237116 239725
67 75 317945 320711
17 31 221160 227487
13 57 148121 157582
58 12 386065 395503
95 57 732536 734732
68 58 44052 50931
27 2 216270 216586
50 52 461809 466089
76 38 896835 896926
95 7 4527 5345
13 47 849558 852315
49 72 311840 317754
99 2 538429 546313
74 27 409144 411436
37 97 395225 401402
28 6 618198 622254
55 95 186602 194468
78 81 840960 847755
43 57 959807 965719
43 90 671471 673519
37 21 694883 700427
50 10 600077 608339
41 31 708123 715798
91 9 636504 637560
17 55 82124 89265
96 47 584319 593041
18 36 141143 145894
3 31 656183 661764
80 38 145998 150356
46 80 569302 575473
37 23 722536 732291
48 52 33137 39719
24 14 220198 221754
85 87 612877 617342
2 61 428816 431502
0 92 274990 277941
41 34 94776 97628
73 91 621122 622036
36 64 563440 571922
67 59 336875 345114
27 5 270857 276131
5 52 606586 612633
64 36 594687 600428
53 98 511864 513432
75 43 833697 842423
34 82 817750 825446
11 17 66015 74718
8 94 761285 765497
84 17 241304 247531
98 86 691176 694869
65 46 258222 259855
11 49 948518 956997
19 32 648389 657295
86 72 254759 257561
50 13 128358 129848
29 88 683967 684703
46 17 930096 939384
50 4 250978 258963
39 15 331733 337196
39 53 807974 810966
101 19 71189 75608
85 3 967206 970918
76 65 411756 419219
78 52 1754 11158
2 24 219473 224303
21 58 334443 339399
1 65 888474 892671
45 12 300739 302741
36 94 764694 773884
36 57 910476 912458
86 3 362371 368349
70 95 548597 557760
64 64 528127 536462
27 70 880142 886514
35 26 992037 997421
45 30 437025 440823
72 23 535719 543864
58 43 243788 250180
29 25 308770 311457
39 42 77062 82829
21 40 573981 582414
20 88 428392 433379
42 23 186718 188098
45 18 442596 451622
98 21 976717 982332
66 93 15086 21992
100 92 998406 999614
94 31 781210 781903
73 64 344715 354592
3 67 609637 614383
99 19 256134 265763
80 26 610853 618800
80 0 568934 578278
14 52 372261 377197
73 30 561639 568285
46 92 745396 755252
13 40 865633 870662
28 78 92397 92551
54 23 459996 460332
41 17 246429 256337
33 18 685387 686001
49 68 187568 187972
29 30 83572 88313
91 34 901565 905580
16 100 398961 404512
11 66 154844 161779
40 53 581521 583374
76 93 187737 195777
51 24 456258 457730
16 30 990165 991158
86 6 83084 91755
71 28 314277 317860
60 6 899843 908433
69 8 397404 402955
78 95 646126 651747
9 24 804805 808166
6 87 432429 433841
14 9 346900 354103
96 17 738445 739088
98 91 582328 585838
44 65 282901 288517
49 15 937022 944631
83 57 209825 216809
47 18 656418 660068
59 98 354289 362543
6 55 856186 861381
6 51 50199 59310
71 59 84654 88075
55 77 115883 120846
12 29 943646 944805
75 12 496768 499580
68 53 839673 840403
90 23 637093 642207
12 96 286918 289467
29 66 197793 200190
84 1 614505 622085
86 26 661511 669456
61 88 115672 121553
34 36 886165 892997
27 33 852170 853558
17 70 243234 247646
0 57 295233 304754
91 87 105478 112618
56 100 154820 159055
87 78 702160 705670
99 100 836946 844685
73 27 825502 829936
72 40 203762 205831
32 37 360133 365165
13 24 52121 59265
97 49 59908 66915
39 13 479557 484432
69 91 435299 444077
94 45 973513 981440
70 98 674914 683119
20 33 622639 626896
76 36 543281 543472
35 85 830501 840088
56 13 950282 957349
77 71 16395 23366
71 60 688071 691539
91 93 501478 504709
50 67 107797 114794
0 100 544936 547051
1 16 471927 477869
67 67 574250 577967
29 55 383258 389756
50 29 71684 81262
43 87 436209 437603
100 11 490762 499239
46 39 966574 972874
0 97 94267 99520
93 49 275354 275397
47 55 231145 237056
12 13 839081 845647
9 77 976345 984983
89 59 458754 464320
80 77 433986 435861
61 76 302148 311925
19 14 775494 785228
52 50 735882 744175
23 76 114186 124156
74 4 896871 900819
74 37 381534 389132
56 21 568559 570022
25 30 994412 1002440
10 83 782022 788099
94 99 944481 950759
82 15 126163 129511
37 11 415418 416772
87 70 175367 176688
73 50 396206 401143
33 17 756827 759547
49 18 697529 698666
32 40 502383 503186
100 0 820411 822492
81 18 889965 891986
58 0 135300 140312
66 11 240208 244990
91 64 268388 269092
62 42 443312 452843
60 54 751809 753831
20 4 977015 986537
78 57 691532 700222
70 57 117673 126366
57 7 905984 910789
36 70 403779 406940
9 72 897317 906121
65 73 327081 327609
59 41 344659 347648
100 18 954009 954221
95 4 919406 923504
51 93 962455 971323
44 33 975338 983333
26 1 844256 847754
18 87 93000 102825
8 73 221805 223442
19 25 251261 254821
45 59 560420 562606
80 11 58448 65053
79 95 107327 114151
51 5 732712 735581
96 6 38990 39156
97 21 318996 324185
53 38 155950 156083
26 97 832312 839633
46 45 540729 549245
3 23 716435 717212
46 58 148433 149946
74 38 294 9651
94 83 937367 942199
17 1 14909 17305
45 34 691076 695233
36 3 937233 947092
50 85 329856 334360
41 10 385771 388914
2 83 135656 138605
38 87 477358 485365
18 8 447848 455807
70 76 536557 539287
55 46 772000 774870
61 20 966474 968590
26 41 760961 769371
2 69 740790 749436
26 56 313245 316731
4 45 549352 550687
82 82 23101 25605
44 30 650824 656533
38 70 892899 900748
1 20 866338 872459
73 7 905467 913015
57 60 634241 638962
93 34 7710 13006
5 73 906461 913350
15 57 55198 64012
99 25 81622 83369
7 6 399144 407543
89 29 667767 674164
35 17 89896 90176
81 80 305179 313560
22 66 469520 477305
88 66 682109 686229
79 38 598858 605405
79 1 374766 384243
53 74 119943 122138
46 22 435318 440277
85 50 827408 830846
58 96 792827 797520
8 70 735044 741350
56 46 930073 937150
71 25 796345 799967
70 62 413863 414560
66 24 751526 759431
98 95 167498 172637
99 88 723774 733713
88 89 257170 257270
13 66 85848 90602
19 52 803509 811380
28 52 256321 261406
76 9 866717 869693
68 77 151058 156924
46 99 842723 846171
11 23 615480 617798
75 53 178906 184702
21 38 70214 76631
84 73 923984 931282
16 36 262043 266247
20 87 658931 667179
33 42 981398 982391
87 100 862380 868754
78 100 14391 22321
28 95 576817 583898
21 20 682722 684050
16 33 166461 167259
1 21 699129 704002
62 3 773152 780830
68 3 669066 673837
98 24 932037 938813
0 10 145338 153018
7 14 706849 711356
63 44 470054 473282
19 10 440902 446390
38 7 848027 852750
61 7 661067 670789
93 41 422095 431235
59 76 813429 820211
42 78 836965 841299
48 27 782723 790867
44 69 970954 972397
8 96 293868 301247
74 14 735109 735661
101 52 508012 513698
38 66 826900 834294
5 96 140011 143810
56 43 410385 415904
65 35 123199 132965
27 94 901732 909090
58 80 273150 282327
50 3 830559 833103
85 8 176306 177554
75 44 989225 998439
11 83 541540 548689
74 57 855195 859358
12 11 646063 655041
53 35 736091 736217
53 70 80827 89178
15 35 338291 338708
96 72 279736 283878
26 94 231338 241316
89 76 163644 170846
24 70 66238 67355
22 64 987345 996732
37 17 277240 281809
91 25 636680 641538
74 92 276116 282453
26 42 117678 124281
10 78 774090 781324
26 87 128706 133143
63 2 528822 532349
95 19 760451 765424
33 36 555616 558242
64 62 777253 783989
69 82 695802 704524
37 37 183209 187900
91 31 503068 506661
68 50 93112 93618
61 38 333211 334124
62 8 540214 541586
84 71 816169 819446
0 35 615340 624662
27 81 521628 528341
30 99 218102 220712
6 50 191847 201838
61 9 24590 30011
68 67 320793 322360
27 66 525975 530441
47 52 907773 915617
64 14 905655 910931
83 31 256152 261061
10 15 150210 155705
67 25 16691 19012
59 40 958891 964344
28 34 396203 405029
62 80 388409 391226
21 61 581697 587367
84 46 103450 111268
92 63 868389 876070
91 8 933036 935823
90 41 37654 40577
20 67 142150 144383
86 10 512823 516025
10 69 640689 642567
63 10 766154 775617
45 15 509300 517455
98 55 611986 612228
25 68 671536 676145
42 99 356531 364334
36 48 289375 298847
22 44 269526 274633
37 24 255604 259229
59 51 232778 241032
3 97 530855 540715
83 8 891518 894350
38 39 18556 19592
11 85 146454 149554
0 7 798218 803291
76 48 989748 997717
100 54 588748 596571
87 5 346505 354974
87 34 593193 593259
68 62 220024 224444
78 13 571748 580231
50 81 234577 238454
27 44 663742 666265
40 34 896778 899857
85 26 65096 71367
24 34 787629 791605
7 94 461569 470791
88 22 282046 283003
84 70 866763 871090
92 59 457256 464104
6 83 46374 50489
57 42 420351 424518
60 22 160273 165581
66 61 563802 565427
40 4 154035 157853
16 58 839308 845017
19 78 65708 71991
46 47 328706 336825
62 20 27903 35547
1 27 371227 378676
71 22 58818 64188
81 91 344243 350921
85 59 590896 599857
25 1 859971 869652
11 101 850499 852285
34 77 152866 158558
78 46 900881 910541
39 87 72983 74265
1 40 554225 560166
51 64 910543 916528
92 16 704587 713099
96 43 47276 47384
16 52 102923 104001
43 21 438054 444253
57 66 771373 775570
76 83 852007 854139
4 59 945118 947749
43 12 7423 12846
5 35 466355 467961
70 45 639237 647634
43 89 193503 198264
38 63 363114 368462
47 24 908635 908971
2 20 596313 602829
0 1 69590 79461
31 41 307948 315975
98 77 105768 109276
80 48 8548 9422
47 36 239740 249704
74 64 986589 989903
3 29 72943 82884
101 27 419805 425448
25 29 278081 285453
14 97 917580 921576
66 73 807550 807667
72 86 446648 454858
46 31 230524 236535
24 28 792086 800854
97 30 448024 453898
50 73 832079 840559
49 84 135148 139766
25 93 685356 686839
26 27 985732 986088
37 25 985606 987482
0 49 899552 908530
0 11 524297 527515
63 88 65 5194
36 82 475945 482220
38 41 156300 164222
12 84 309552 316560
16 64 134430 142753
39 95 615698 623803
26 29 624727 631739
83 65 86798 93649
31 34 470908 478139
28 64 818463 820423
59 26 656512 663123
2 76 994296 1002544
51 101 354486 359326
81 46 870710 880406
47 29 855130 858463
7 99 814519 820398
48 68 599088 607633
21 86 882739 892285
56 50 569467 575180
76 69 684197 691809
88 45 355932 358157
74 39 751028 752145
82 72 923428 926787
66 97 956548 966479
66 54 44752 52209
13 17 237959 240289
50 90 754089 758867
61 17 73229 74624
76 84 289384 298758
27 71 250320 256788
37 18 884174 889104
99 77 979185 982994
22 58 774531 779545
83 13 104561 105636
96 3 143491 146478
53 95 430258 437325
56 29 233998 235064
88 6 962391 967823
25 81 430934 433299
93 80 430269 432066
99 45 182570 187670
72 57 769559 772041
54 50 639496 646703
97 88 57868 59790
79 61 23746 26178
56 17 760322 765743
10 36 758119 760667
69 44 300872 301574
22 75 160044 163987
72 89 720488 729590
47 49 467699 475576
15 83 198538 200574
5 74 974542 980344
27 42 162646 166647
58 92 455872 464427
100 89 151139 154996
78 30 394473 396548
5 2 285667 286553
97 90 9315 19269
0 6 624223 633754
7 21 241558 243756
81 2 788485 793928
30 61 318886 320406
46 56 787796 792194
46 13 197188 205730
87 99 269569 273395
27 45 915587 922632
42 62 848716 852390
25 27 10703 17792
63 101 544893 546239
9 21 883764 883769
71 79 792831 797198
86 88 511149 513573
34 84 648339 650441
12 48 110099 118509
48 86 772958 776611
13 45 884614 888193
13 38 729862 737769
92 81 324428 330224
60 29 749772 751460
27 77 424258 429281
58 60 985195 990420
24 32 382182 382810
8 84 146918 147008
85 54 683375 684602
64 26 818420 823554
0 32 232137 234512
25 92 967487 967593
91 15 411108 418325
61 52 366107 368719
73 29 616219 623509
56 67 545934 555217
100 94 72830 74729
65 72 611156 621064
41 97 743550 747118
59 16 598806 599689
43 20 130811 135783
51 60 262619 264139
68 25 867204 874857
96 88 700031 702517
24 44 823484 827047
88 52 906902 915330
86 33 13512 20379
29 14 63163 64103
28 15 608125 614263
26 61 279863 286215
6 64 693621 699771
33 32 627815 635278
8 47 729456 729852
60 87 693746 701002
59 56 807181 815066
36 19 322137 328017
50 22 300434 309053
34 61 505797 515417
84 62 339464 345591
97 94 34801 36214
65 86 435014 440967
28 33 898151 902599
26 54 306448 311182
29 92 38707 48325
27 61 14330 18494
49 54 917254 927219
7 98 294240 296337
73 76 310376 313735
30 11 424680 427480
94 44 377147 382311
47 94 614193 614627
70 17 89714 97422
1 54 435801 445486
3 56 485116 487362
3 73 707271 710073
40 56 384415 389919
83 4 843687 849146
30 0 116893 121913
52 85 803426 806573
74 62 979196 983007
11 58 406644 413090
23 93 678920 679326
98 92 710623 718423
48 92 267977 271011
0 95 928885 931955
70 67 674855 677579
52 70 24847 34477
27 17 645604 647088
82 99 858605 863098
37 83 6300 8888
46 26 833592 835637
12 49 357349 364513
54 96 880184 885765
75 40 516490 524996
15 16 44907 47866
75 69 722359 730075
46 84 370252 374989
86 36 678030 686799
93 96 481175 482870
21 85 366876 369321
91 42 424085 433647
19 54 834684 836415
11 35 251936 259465
33 67 685713 695023
99 49 145550 149012
12 16 951824 961107
41 82 379992 389164
65 41 14439 21406
78 20 627249 635678
65 83 497665 500040
12 12 317302 318075
28 14 313120 320371
57 26 486336 492210
17 60 396372 401018
42 20 779615 788967
48 46 824442 833650
12 20 28531 34566
84 69 951068 959174
18 96 186495 189228
61 34 130424 132913
