15 1227
89 10 243400 250644
100 6 857766 860409
96 51 880833 888441
97 80 230924 233334
96 68 200572 210261
17 86 291758 297070
29 94 814971 818466
99 100 845632 849755
67 92 137882 139314
43 84 949874 951275
0 69 783970 792036
11 42 3594 5357
71 42 556917 561595
71 77 450975 460701
45 85 807319 808517
18 97 756556 764887
83 19 643315 648714
59 94 427429 437342
16 63 31706 40491
69 94 121505 123921
98 71 894809 895291
86 30 909072 914062
4 2 391576 398679
71 15 409378 419141
90 72 204802 207437
63 63 792047 799647
65 90 249413 253891
56 95 671872 680179
41 27 819019 826109
56 65 951474 954174
79 75 30568 31025
66 29 80542 86722
10 20 334316 337723
4 97 8058 14286
47 3 667166 671928
74 83 853281 856787
22 101 848085 854643
20 95 947340 949480
81 28 815716 821032
36 21 13116 16192
25 2 64994 70773
54 58 734188 741038
30 44 11853 18197
99 39 382810 390153
81 99 3430 9208
77 82 814487 823944
49 87 685403 686832
16 18 914692 923210
40 24 371609 372326
30 8 235427 235546
69 22 597955 607536
26 47 304623 313567
4 25 368455 369818
63 28 314934 318824
8 89 652272 658728
34 54 576670 585211
85 72 340166 349570
40 23 993955 995634
39 29 204701 211177
1 25 182538 186973
4 58 532694 533989
71 94 669847 679749
50 40 880304 885547
35 22 182361 189680
29 25 979560 982473
20 7 733026 735268
41 97 64656 69007
87 37 940538 940794
28 10 265933 266525
45 87 18069 21694
59 32 554123 557474
4 42 768412 777289
77 26 321511 321899
62 80 860893 868399
44 56 394718 398160
5 78 872273 874080
55 66 936543 939436
39 61 111383 113436
41 33 835907 839352
28 97 394610 396409
82 81 899881 908300
81 69 335903 344844
56 68 814701 814918
86 39 645199 652970
43 76 213856 219618
59 84 120019 124375
63 8 778745 787862
80 49 613992 614900
98 67 70294 74970
56 10 458925 464516
80 96 21745 24177
56 54 879663 888324
20 57 258745 261474
83 5 928833 931988
94 63 475114 480434
90 25 834739 835597
27 70 965921 974502
74 81 561974 570565
43 51 505892 515772
45 79 524356 531243
100 54 498705 504454
94 35 219166 219420
24 30 677842 680122
31 22 438906 441715
96 33 854601 854797
97 6 652288 657378
8 9 60494 65107
82 27 783773 790005
74 50 486863 493781
8 85 235955 244177
96 73 992178 1001033
100 42 165876 166998
96 7 602180 603929
79 54 794807 798224
46 61 71852 77555
20 17 795453 796002
72 27 474752 475863
77 52 945511 948015
60 12 42086 47561
23 56 73859 82730
61 76 605413 610724
89 46 294636 296042
52 94 105614 112475
34 10 903906 906979
100 52 361028 364705
6 14 999080 1002408
23 33 490818 496248
51 45 468667 475212
39 40 374456 384020
16 6 550357 559736
38 89 81862 82181
64 95 45300 55187
17 89 700710 706930
15 80 324539 326040
57 48 767775 768840
31 10 705840 713618
94 80 441845 450292
2 92 490119 492889
42 100 737973 741180
88 65 168537 170793
58 98 865082 868265
51 91 325808 335770
56 59 321400 322801
67 70 186219 192614
11 80 313370 319436
33 58 914109 914420
16 28 50685 53791
4 16 741219 751011
58 30 344441 344756
31 23 658597 667666
2 87 16548 24297
96 87 543585 548356
28 24 857081 862715
42 81 519734 522438
58 14 122656 132011
97 25 291315 291565
73 43 161761 166450
57 58 686926 694657
70 49 513332 518270
64 72 915700 921072
6 53 61443 66624
13 98 15859 25146
68 20 210028 216544
56 32 592426 593805
66 35 363765 367366
88 46 799014 805906
0 14 674052 681816
6 92 302755 303545
33 31 693269 698844
99 86 867714 874938
8 19 480868 481215
35 98 571518 579250
100 96 37837 45253
50 101 874945 882832
75 48 332082 341673
57 49 174669 178284
3 19 633441 634154
53 74 343682 345706
18 48 115378 116996
98 24 610781 618985
72 1 459560 459720
74 91 932666 938840
76 20 734589 735782
44 7 204675 210304
20 75 384512 391428
84 85 819119 827203
39 6 406700 416426
53 89 312842 321799
73 47 775631 779332
48 4 673266 680375
68 83 278540 281787
95 34 936026 938341
97 38 110141 111857
50 28 336034 342575
9 101 836435 844010
32 66 887460 890434
34 46 462215 463528
12 75 812223 813483
86 53 977521 985382
19 97 742938 751064
90 41 624289 628579
13 58 666882 667905
64 10 301163 302969
52 56 742479 749677
71 74 591184 591281
72 54 826246 834964
80 37 271294 277059
21 58 853004 861176
12 19 416984 419267
62 22 706005 714834
99 50 760642 764346
58 42 379874 387679
11 4 816918 825877
14 60 198375 202746
77 81 969019 974989
29 59 166039 174105
64 59 863828 867647
4 41 494981 502062
87 75 573901 575129
96 88 107763 116466
68 79 682407 687956
2 98 407087 412245
5 34 80380 84235
45 11 606725 616123
88 45 623265 623613
0 85 853624 853644
101 51 636259 639418
83 81 345935 352880
65 81 64139 70632
62 30 15475 19323
30 60 468100 473616
11 25 916765 916967
100 31 581440 582442
41 8 412024 415363
9 3 730242 737956
14 44 911129 917244
69 34 842548 852473
13 42 929319 933383
52 69 71098 71158
12 101 95276 103616
12 69 189793 198260
74 73 278154 284847
4 10 519410 523145
77 0 881298 886034
62 64 818412 827432
18 67 134454 143123
65 67 527527 534080
11 59 39736 42297
36 67 759672 762887
83 76 39872 47812
10 82 121327 127485
62 5 758124 763594
74 58 979961 984523
27 93 388580 395648
93 101 417560 425182
15 21 250273 252525
11 38 171557 175722
48 68 365302 375107
92 18 757358 759204
37 85 954167 957138
22 42 832301 834825
13 71 702971 707608
42 92 682880 691640
37 19 256492 259782
32 17 189961 195501
73 23 120892 125380
33 51 461221 467506
65 7 977237 984370
7 29 777871 786748
63 29 577905 580517
100 87 344079 347191
41 17 625352 628409
73 87 148450 148608
18 5 631633 635364
53 25 108698 115096
4 61 417274 418448
22 25 190602 196748
6 82 29154 37102
51 83 201153 204635
91 80 713062 713330
45 96 24244 26738
8 95 484431 486763
84 87 95751 101493
41 22 918227 920083
21 89 669825 674884
32 28 126253 132134
57 79 67048 71049
38 52 288557 292907
11 0 394397 400277
20 38 915649 917913
100 66 366440 371273
48 38 256619 265612
94 90 855919 865625
62 84 650017 659954
94 99 36118 45174
67 2 608720 613689
17 35 226447 233797
0 88 669107 670915
26 61 19824 24160
68 50 311729 315283
30 30 919664 928641
70 3 166633 169386
42 4 767844 774835
37 55 227366 234413
78 67 775191 778733
69 2 788422 791763
6 6 946206 951618
0 46 661429 668743
22 28 448718 457834
86 7 332831 335578
73 100 980530 984045
80 75 690135 694280
88 73 746765 748119
26 66 770662 775211
55 15 717549 721239
75 39 986066 988412
75 53 345694 345772
77 76 336534 344403
63 67 585574 590361
1 76 95168 101791
95 13 208388 211238
17 9 173359 174320
66 48 476262 479572
58 72 491657 494029
31 77 75768 84320
82 7 294080 300264
100 41 298859 301252
30 38 239402 245429
85 56 125117 129962
75 16 759500 766962
60 99 519413 524706
35 1 863533 868504
59 77 736702 739106
61 21 468151 471107
74 40 655635 660603
80 19 718814 719023
33 56 468017 475550
25 69 816292 817853
29 74 96273 102771
16 69 416000 417533
67 15 109833 115364
74 77 741220 744841
12 7 514222 518296
29 90 936155 943519
64 96 917026 925689
79 88 394498 397206
86 68 631007 633344
32 40 754653 762251
26 6 469546 477259
30 4 79979 88776
59 16 143756 147525
95 94 463667 468937
45 69 422187 424956
7 45 528359 536410
61 18 329722 334318
35 70 997358 1001871
100 91 957286 963066
43 39 812467 819274
68 96 877636 886959
36 30 945608 946889
96 83 515281 518925
33 99 290470 292904
90 95 675811 678543
10 38 552200 559506
93 31 565389 573557
62 87 429680 436931
95 67 864494 868002
80 95 824061 825612
93 49 907979 908448
36 26 794533 798703
91 46 865883 869393
5 1 607782 614876
2 65 187175 195086
82 96 928044 936091
4 84 679524 683040
64 43 309591 314504
78 54 33693 37714
61 27 618705 621811
11 36 576569 581697
16 52 701155 702476
60 91 427508 437150
38 67 640426 642289
82 98 207858 215458
41 42 841397 846332
71 41 839540 845613
80 50 101049 102478
78 100 709907 710124
66 23 706537 707324
0 40 866653 868772
93 81 525262 535166
82 1 21875 22270
74 2 757069 766608
99 23 904631 905783
38 94 642259 643192
76 91 42861 49335
95 100 545097 552520
58 54 779976 782158
19 92 112955 116174
97 98 912374 915720
61 87 753747 761238
83 69 136409 137444
33 32 341819 346563
34 69 616897 617291
58 81 936436 945442
34 33 305155 307528
52 99 958432 959689
55 7 509732 518975
72 15 250972 258721
28 17 295974 297139
52 65 232416 233935
6 54 74205 83529
11 65 163180 171645
68 31 733416 741317
52 27 709722 710029
63 12 465846 466523
97 18 714348 715461
67 39 298348 303853
32 41 452919 458421
0 73 425608 430354
1 94 432688 436899
60 75 157149 158875
87 23 92082 94847
37 93 126721 131982
59 88 952764 957764
14 73 714543 720970
68 4 905317 907069
31 8 546886 547937
6 2 257795 258328
2 94 261350 261524
36 34 646932 651885
61 14 818424 818661
86 46 328508 331336
54 38 468286 476366
60 60 438808 441089
26 82 415700 416269
18 89 164769 170765
33 50 710668 713876
26 72 837 9714
49 80 990003 997946
82 0 356668 361637
76 7 671545 673190
16 99 5482 8415
30 52 563041 572492
97 26 812990 815399
10 52 86573 96085
30 0 457722 464741
85 18 963040 967734
92 86 934628 938961
9 29 544088 552829
20 52 418158 423862
43 9 734374 741736
55 24 48945 54563
46 2 325033 333274
91 65 790312 796834
95 98 300098 306515
66 57 152721 160817
9 43 500661 508217
90 45 256463 259039
67 95 476523 480599
94 54 601570 601743
93 52 517088 520325
16 81 866262 874794
10 97 787786 792612
81 46 84484 84917
3 68 924608 933898
20 26 117320 126237
21 90 577689 577701
21 22 486743 492420
49 3 828481 833010
83 75 760698 767201
57 97 896412 898112
27 45 674979 678574
73 56 347255 355324
98 58 987023 996602
89 87 533801 533981
88 35 289556 291701
33 33 443545 450199
19 8 273320 273800
16 67 112565 116664
50 81 297114 299909
27 85 484567 485584
59 61 862649 863319
50 27 582790 589915
6 81 717843 726489
50 43 855496 858516
31 9 189934 199498
35 16 275463 281676
16 73 7770 10593
62 44 547177 552824
44 36 859225 860451
33 4 594840 595807
40 66 569477 578971
24 98 149190 149747
2 91 146597 153607
91 4 234459 238185
53 4 676768 684589
15 47 930450 930455
94 38 373744 381508
31 30 646629 647694
2 74 408575 413210
10 25 485460 495244
54 93 245066 247726
51 94 400706 402484
25 20 781136 786752
96 18 725238 732810
87 45 462044 462257
87 87 946519 947086
95 77 457900 459582
35 73 795959 798423
85 97 821099 825307
39 3 772551 781238
0 92 757091 761502
91 82 633051 633933
47 83 952413 962219
23 43 621670 630235
11 22 994933 996632
47 79 505916 510210
93 4 597550 603004
17 0 469538 470052
75 20 737997 745244
9 42 164613 167988
65 47 548876 557961
94 6 269396 272011
94 51 295923 297496
49 26 9882 12953
77 5 228099 232053
82 89 826581 833267
21 10 69991 75366
61 25 572078 573352
99 10 823478 828923
39 38 450246 458369
82 82 519713 524073
49 99 599488 604297
6 62 925852 930350
59 62 771218 775734
42 71 860113 867973
17 62 449069 453161
3 41 708578 713022
60 100 1191 8972
16 84 519003 521583
6 63 770228 777481
33 53 230770 235135
13 43 509282 512869
48 29 607125 609132
77 21 303372 313049
47 60 405918 415613
17 75 924281 932811
52 53 708370 712353
59 25 58290 59835
73 85 124792 126862
39 96 307781 316228
26 90 123635 126597
97 15 802866 803167
39 90 276198 279751
44 82 865483 871043
92 89 779672 786343
66 97 773610 773828
76 62 203839 204961
67 55 344749 353250
82 87 690789 698591
48 78 409806 413511
22 0 727819 734430
47 74 130928 131072
65 89 787810 791627
39 77 806236 810256
20 37 39910 40556
73 63 846287 852624
73 29 211442 219524
77 48 171251 178207
85 24 624512 633308
11 57 277862 282241
95 79 56680 60376
45 70 598079 604679
38 74 840751 841539
70 19 609955 612309
13 50 344350 350361
76 97 234254 236569
66 53 994096 1001663
14 10 529298 534769
21 29 280876 286623
69 99 423155 423402
5 32 566561 571823
87 16 922757 930297
101 88 905833 911116
13 83 471990 473519
52 24 151869 160889
88 78 29729 32950
74 66 659246 665469
6 31 773120 779560
27 101 252423 262337
94 3 786322 786742
100 5 362959 363630
38 43 37554 40234
19 18 224128 225865
77 101 686019 694078
43 37 357044 359926
75 54 760264 760784
32 8 551282 559856
89 37 908444 918040
79 28 561250 562385
23 11 270247 274988
39 93 348488 350998
32 55 818141 821244
23 46 994067 998393
48 85 781470 782497
42 96 402614 402978
45 101 792529 800662
92 53 811897 813175
85 89 560162 561570
47 64 390001 391323
65 29 97431 105916
56 91 771467 772602
89 38 138559 148254
2 63 955059 964577
73 44 425350 432737
100 47 925285 927804
93 99 640340 649593
101 20 370908 380018
33 92 38262 42638
3 2 629690 631332
63 11 42356 50152
86 26 454666 455027
92 45 106443 108293
86 11 506633 510043
98 51 58545 66636
65 14 693955 695389
12 13 752122 752158
35 50 270463 271591
24 55 929419 933735
5 2 89918 92473
61 49 712895 714925
76 12 742919 752797
88 28 542711 546376
79 79 113821 116925
42 1 927267 928911
80 61 782294 782599
4 79 316664 316757
13 1 291154 294355
66 86 456567 463348
52 47 19897 22704
29 87 314576 318134
21 16 512155 521625
60 8 491973 498883
68 29 241201 241242
6 41 559508 561305
90 31 222638 231970
12 83 978160 985029
19 78 410797 417615
90 63 482965 483046
101 53 407350 413067
20 89 695806 697567
34 79 440288 449639
63 44 473296 475634
63 23 986627 994815
56 8 64401 72134
91 11 259991 265793
16 45 688253 691790
18 32 863393 870404
0 42 759927 766683
20 25 174456 177348
47 62 718328 719773
98 8 649604 658125
98 34 721931 722694
80 90 586715 594438
20 58 445843 449627
100 15 147739 149147
3 75 919695 929020
94 24 900783 904316
40 90 996502 999621
81 42 122426 126593
32 77 626673 635663
87 20 331753 333737
81 29 802096 802400
51 18 531294 533781
39 60 780926 786465
48 15 138101 145924
20 79 922353 929287
24 34 860927 864627
73 97 156812 160085
56 89 246510 249365
31 28 403911 413198
46 13 152240 157252
81 16 69079 75597
81 33 3542 10748
51 59 193090 196625
77 66 197907 203383
89 47 927550 933549
74 99 625914 631064
37 21 541017 549267
5 22 226060 229233
94 50 893845 901013
84 9 540595 543218
1 49 614134 622975
44 29 395436 399706
86 70 94304 96931
26 32 563578 567836
83 70 38594 44193
22 50 231854 238859
43 34 627769 631542
74 7 391019 400425
67 65 47854 52832
25 96 860218 869130
46 24 578818 588072
4 72 542171 547935
3 42 223166 231497
93 26 644294 648672
23 30 283391 285598
79 95 699938 703206
11 14 746286 749590
100 34 965679 973038
99 12 976258 982112
37 101 730054 734557
22 39 374203 375428
78 48 341076 342286
85 40 978537 979726
85 36 81541 88528
77 12 188181 192636
46 45 14221 15066
6 65 873218 873339
37 87 11716 14509
95 23 191201 195388
47 45 330577 339201
21 87 10916 20615
65 88 213057 220371
11 58 637652 644461
8 90 766784 773898
29 82 483751 487352
72 87 43234 50004
101 63 67511 72907
58 88 229853 235938
67 10 238509 241111
67 66 229150 235163
19 1 795973 804859
24 3 593665 598082
40 46 959144 963299
89 27 139233 142454
65 86 593704 596335
65 58 340176 345098
36 82 12474 15265
1 35 506791 514876
84 37 821235 826082
40 95 282598 287643
28 14 81153 88124
74 6 352060 361169
48 100 160242 161293
39 34 379717 386734
101 43 87782 93161
65 39 409101 416518
28 22 395103 404748
10 5 965353 972016
69 82 916209 917905
40 11 807454 815122
2 101 756247 761395
1 34 521472 530968
84 52 159471 164865
13 33 551834 556481
11 32 63156 72673
68 88 736511 737195
14 77 826348 828303
76 34 822677 832182
27 97 328879 334983
70 26 699635 707216
16 7 69182 74580
24 12 690206 690493
34 62 730258 736327
50 90 822101 831236
7 86 885908 892831
23 55 102657 107646
88 15 684549 689791
41 36 81610 89512
54 3 589789 590018
3 78 444243 449934
40 17 656026 660864
101 11 734851 744598
16 74 449879 449887
61 68 117689 121102
89 43 858403 863439
71 95 396428 406367
11 61 792492 792721
66 70 482489 490907
91 48 618722 620451
5 92 884026 888596
54 21 169154 174752
50 94 477947 482140
32 32 29941 36880
79 17 176838 177956
7 34 810248 812487
13 63 842753 849900
7 74 371309 379513
16 30 92119 100327
96 20 236542 243199
48 30 121008 128822
18 83 270666 273294
56 71 844470 851805
41 78 966735 969812
101 35 731378 738203
53 20 326100 328412
40 16 48737 50773
48 7 619585 620364
70 9 823865 832579
52 12 396184 405791
88 39 803493 807050
78 82 707990 708741
48 79 833564 837358
26 9 426368 434235
43 28 49157 55922
17 24 673470 673785
81 76 311154 319382
25 5 115009 116995
53 38 394539 396344
62 57 929245 936909
34 63 449332 458655
67 41 620296 625818
18 39 806952 814190
29 36 465506 474868
98 97 562602 564391
71 89 26819 36465
70 41 901886 910091
24 0 718465 723311
97 62 728905 731750
34 75 806381 814004
59 54 150406 160000
8 100 37364 43707
18 64 898100 906247
47 6 406552 406804
25 63 470393 473530
100 60 931552 933313
69 7 135783 136841
97 28 966219 966848
22 48 257230 261324
22 58 900063 904028
89 9 612208 621937
49 7 603768 613717
47 73 610567 610817
26 29 679208 680307
99 21 808791 810432
66 78 367320 372924
35 86 55066 56007
31 16 283582 287659
95 76 997935 1007654
93 42 341631 347606
101 64 214379 214897
98 41 870340 873771
67 54 363369 365591
98 0 914706 914834
76 5 280483 289783
26 48 784524 793935
56 66 71946 74994
85 5 504951 505784
83 64 311901 319626
44 52 98695 107549
3 4 47231 50076
20 85 864101 871643
28 62 396083 403006
63 65 699033 705148
81 58 424771 434012
89 39 91360 99592
44 95 650208 657964
77 84 147329 150557
8 39 523540 530283
94 86 364697 365510
5 48 885483 894251
59 63 941665 951221
38 96 759790 763602
59 3 474806 475326
25 34 843780 852652
51 23 573823 575925
10 39 694281 695312
42 55 205326 212697
10 87 97529 103796
52 29 819406 821711
45 23 94333 99436
70 55 675893 683791
4 66 321231 327538
38 41 365782 371644
81 65 918975 924769
17 32 757095 758265
91 55 190238 198166
48 13 601741 607612
75 70 453505 461197
27 27 57823 61423
26 65 226238 231966
49 69 541983 549512
22 61 196244 206107
18 10 371958 377883
54 9 851941 852783
41 96 444082 453860
76 8 964104 969424
42 50 570185 576629
68 77 286820 293044
99 36 194679 195379
63 38 280591 286868
18 84 84305 89569
31 33 357067 357646
57 50 950662 951194
67 98 515400 516429
56 62 316147 321958
15 85 297546 302293
43 29 422563 424113
84 19 982044 985025
36 90 562553 567126
21 8 627685 629347
91 94 416729 426615
43 60 293572 295642
27 95 260399 264442
18 15 373291 376599
101 12 935307 940948
85 0 187134 194613
68 26 20097 25165
57 83 44079 49297
38 99 262058 262957
7 17 801300 808881
81 52 138918 145997
90 38 127803 129236
39 55 515338 516999
24 35 442147 450204
45 73 324113 333618
83 42 170639 175618
89 23 871582 874483
95 19 824058 828436
28 13 333548 337142
69 87 952044 953893
29 71 164033 173615
78 9 904102 912712
35 40 123400 130500
80 45 335100 340680
93 36 171325 179877
58 10 275809 279497
30 55 231485 231662
49 27 163645 170263
93 47 515735 523794
10 46 411667 421405
39 10 808441 816892
21 84 644306 647219
89 95 953892 958137
96 61 235620 242106
27 82 916995 925415
56 18 578710 581028
16 89 142084 144697
54 18 569763 575952
100 12 721850 731337
61 56 641257 647239
55 74 80406 84306
22 29 687329 687451
65 50 726667 734781
18 76 219040 224327
76 60 292501 300088
74 97 993100 998473
82 64 154730 163192
9 23 971840 976005
96 59 127452 130097
7 68 471230 479795
31 96 71099 79390
9 35 247704 254979
60 3 413738 414279
34 3 962077 965263
38 0 680339 689575
39 72 291607 292211
47 28 703373 709059
21 66 52651 55077
9 32 261011 269593
55 27 151750 157001
93 1 411718 417879
42 12 698179 704529
81 21 826927 835107
27 29 245594 255349
26 57 781157 783897
14 50 420413 428130
48 47 135465 141544
58 46 863130 866428
42 38 432139 434322
46 16 65882 67874
60 49 800568 804965
88 80 485126 494734
19 36 471074 475428
17 94 667017 667295
15 53 173964 183078
35 42 465994 473774
55 30 978529 986380
15 17 357279 358008
75 6 960304 968761
90 59 670902 672037
26 67 381219 385382
76 56 693574 702771
86 69 430677 439094
4 44 942830 945232
47 13 620836 624842
88 62 13495 22513
44 83 612900 621035
15 23 197634 202063
68 94 673065 681462
2 68 897709 905947
98 64 418162 419804
81 18 558811 558877
64 81 270242 276360
14 48 679924 681393
71 1 584338 585184
8 26 418762 423197
64 71 15940 17944
83 72 297490 301855
34 56 514763 517775
7 60 696872 699229
63 27 771541 771663
53 63 755693 758379
52 63 285180 290949
84 99 771507 776527
88 86 624514 624926
83 93 509070 512625
70 6 330717 340524
69 29 988289 989739
15 83 368464 371989
92 12 32834 35439
72 12 116409 122500
49 41 232640 241690
79 61 831324 833548
75 15 16577 18940
1 82 1870 2854
33 24 394221 399703
44 86 49324 54579
101 92 263863 267849
38 47 103315 112400
60 86 707598 709231
89 70 465475 471480
10 23 536407 539597
61 82 971765 973213
86 6 48580 52474
23 100 928586 929045
30 86 701314 702490
101 14 575168 583838
32 70 486514 495898
89 1 580655 584499
83 100 247826 252339
63 59 189497 190499
8 79 458333 467249
46 97 242117 249793
87 32 45035 51028
20 80 882081 884320
16 55 472498 474094
80 54 149137 155280
64 85 650401 657765
92 65 875632 879091
37 52 993 5483
97 16 229828 236811
26 54 568359 568787
49 22 66014 69021
92 19 157172 166658
101 19 107112 116268
54 97 636869 645610
20 31 515692 516041
95 48 573134 574779
30 61 312528 314510
6 9 173801 182442
4 80 551961 552483
92 3 256216 258553
57 34 823033 828648
3 14 442978 443544
23 88 894977 899645
5 16 957287 963700
65 91 663128 668656
37 0 459546 461663
52 86 322692 329178
36 15 327586 328823
22 47 17334 21327
67 74 703784 712480
92 26 779348 781524
0 27 126689 131672
7 30 794218 800927
45 89 350113 353140
72 50 185628 193284
13 67 659832 668858
16 88 734858 742096
23 70 781450 788720
45 93 944391 950658
35 39 325567 333210
21 62 82040 86323
21 81 432206 439825
18 34 731117 734482
9 11 500134 504171
85 3 963242 968004
5 99 493298 494440
83 29 607504 612215
51 33 883093 884089
101 7 239907 249419
12 16 651180 653649
13 53 643044 647695
1 6 1797 8957
98 20 633981 639040
32 19 861468 867591
1 26 510606 517985
30 18 646580 647277
77 64 966666 970181
18 93 786748 791272
74 33 254581 261506
67 56 733322 733816
90 54 833549 836150
11 82 899589 900115
27 25 999517 1002641
61 55 963471 964390
57 71 916917 918155
18 69 771434 772281
16 41 344551 352951
64 21 595840 598896
8 51 5118 12049
95 7 669540 673468
30 34 741887 746020
56 48 431736 439492
58 79 435700 441049
36 74 436490 442763
51 82 148289 150570
93 27 134250 141819
55 67 808701 817138
87 21 174201 176031
19 27 395390 397207
86 85 716836 723923
35 59 92280 96634
40 77 564033 571546
20 59 559764 566961
65 49 104477 113257
92 82 702990 709427
72 95 350294 359164
97 75 247940 253585
73 8 261339 271122
13 0 657467 658281
98 95 199119 205454
38 68 773176 775893
69 40 118604 119309
54 40 790035 795923
80 4 910341 916509
36 97 212167 214225
85 39 663164 664135
88 88 407389 416197
17 13 320169 324621
80 94 815047 820932
33 79 741830 742735
46 50 859428 866026
31 67 685582 687773
100 4 802181 809684
57 84 506423 506596
11 31 908976 915849
62 18 147938 154769
85 98 768154 774906
1 8 715887 723165
51 22 810254 814895
83 56 485331 491878
69 24 391203 400693
88 5 586144 587403
83 90 641502 643734
87 42 591710 595881
61 73 750091 757319
55 76 296464 300788
5 39 641438 651432
52 34 358324 367264
16 83 347087 347935
7 42 269693 269901
65 97 202683 209600
59 50 264572 265562
78 25 901668 905492
36 96 496456 500110
0 67 273717 276435
38 40 850048 856618
45 6 764742 766304
66 56 389098 398878
29 53 103549 113464
71 62 973051 978593
94 64 940989 945763
54 17 978704 982895
80 101 918479 921550
89 56 818126 823867
12 99 470978 478115
4 15 887837 892545
14 37 446396 451414
17 8 168661 176677
69 89 839646 840156
58 68 231407 231654
21 49 662046 664159
78 96 466827 473588
59 51 824880 827950
57 80 109500 114200
42 101 538347 546603
22 45 407860 413660
45 0 55689 60740
47 84 940117 949593
7 16 401626 402680
98 18 881752 890593
30 97 90292 90412
51 100 898464 901749
1 15 442470 449000
36 94 884682 885609
20 87 715504 724517
12 40 903859 910450
85 14 583541 585299
39 86 929553 934236
32 10 477110 482603
10 37 254711 255277
100 25 417076 418258
1 52 867399 877032
96 85 192244 193278
51 27 604379 610038
16 72 858780 860939
48 75 695256 696374
64 24 408106 413763
60 29 616223 618209
18 43 510437 511342
66 69 775987 781632
42 75 402258 405214
6 70 113971 116707
75 81 553372 555885
53 52 255547 257105
8 5 266179 273468
30 48 25994 30539
66 67 345496 347542
85 15 324648 326651
75 7 439943 447139
49 39 876118 880814
45 65 794750 796312
8 82 606760 610878
99 43 979001 979141
73 33 532285 534721
14 39 333361 335576
88 19 602854 604392
61 84 517282 519692
21 78 330556 333628
49 37 483314 490889
41 84 994937 999204
67 18 125594 126353
62 20 463105 465537
68 97 36383 41363
