14 1121
5 37 197681 205004
43 68 729136 730691
13 11 740044 741417
63 100 423482 432946
11 36 418237 421628
10 23 584559 592332
67 41 831176 837125
44 25 566841 574332
72 81 256300 257024
98 34 654357 655396
15 42 851970 856552
36 42 219671 227531
100 37 957771 967562
19 101 869918 874448
60 89 401365 409002
28 10 221290 224557
71 20 74277 83895
45 57 948678 957868
12 95 92378 95094
35 29 782522 788769
41 97 269610 277215
95 13 161524 162007
61 87 586363 589069
49 30 491887 496997
89 14 719039 723345
64 66 309017 309031
33 59 532893 536494
77 46 686773 688150
99 5 405650 407235
38 11 118867 123057
1 88 291980 298940
27 8 837601 838325
20 20 954349 962709
89 36 730738 734163
11 94 939871 940709
74 65 533470 536623
99 72 460401 465342
25 0 976194 977776
66 36 798362 799223
89 84 244092 252233
65 91 268483 274649
97 37 76284 77854
88 101 126781 129809
6 58 114583 115397
81 73 991173 997156
31 5 470154 473280
14 54 371306 378526
47 8 411517 411624
0 74 576298 578838
24 70 860998 867007
23 84 306914 314788
13 59 674416 675776
0 76 716229 723636
62 62 993763 993900
29 15 700617 709719
31 9 206189 209374
90 89 619011 628342
54 32 943444 943830
15 14 892101 898720
10 17 179210 181311
0 6 419441 428290
94 51 705074 709115
42 20 836703 836742
35 14 102154 102390
66 75 413981 414550
85 100 599137 605303
75 83 211777 216951
90 61 836480 838045
60 41 816033 820751
23 34 433971 443621
52 5 139041 146733
49 7 541710 549490
40 66 857849 860856
0 25 152098 153007
63 94 241520 248379
14 89 873727 881534
87 67 574576 584223
97 41 668929 669290
56 62 230890 234755
44 44 245894 249592
1 85 784901 792843
10 68 577656 584824
48 53 335393 344569
3 77 973075 983050
92 70 434508 435747
41 12 518479 521331
75 16 802757 804953
36 26 864444 872868
45 13 270170 270504
41 101 229043 235592
18 34 321077 329636
100 75 343407 343736
61 57 717355 719945
18 39 236456 237543
61 27 141121 148207
64 96 197196 205389
67 6 967607 976141
16 17 221338 226027
78 42 309840 312924
72 56 217249 222607
5 92 298426 302737
13 15 627236 631274
79 89 601766 603569
70 70 610390 617633
101 66 913233 916661
8 13 464025 465578
30 9 427323 432885
68 41 402925 406493
41 95 986269 994769
28 81 358697 363290
79 85 389552 393306
56 42 596279 602089
10 70 438460 446790
11 72 662863 664180
68 74 916405 923265
69 62 787587 793737
37 80 433810 440013
99 97 480623 484787
47 70 760096 767801
27 26 896158 897442
78 80 896521 897396
17 4 1298 5693
9 1 548537 558215
32 39 424794 424908
52 38 364848 374306
36 31 330404 336265
51 64 29337 33015
87 76 239759 244555
59 16 74132 82894
95 93 384071 392334
51 95 170470 179030
17 61 472035 477424
7 50 752569 756159
63 41 948315 953424
50 49 194810 199538
72 83 659187 664887
12 79 664831 666998
2 31 766947 775971
96 58 357662 366205
46 94 110249 118264
59 45 459363 467332
85 10 783505 784777
13 47 25857 34310
59 3 636218 639305
53 27 900607 908367
72 90 617783 620889
29 38 934308 937396
31 20 903961 913506
73 34 391409 394937
14 38 753407 758134
43 1 1140 6814
16 0 86215 87896
60 22 770673 772137
85 70 520661 523152
16 91 262184 269272
38 86 519848 521093
12 1 655296 661267
63 56 66176 68964
1 96 670052 675913
98 90 325938 328842
23 20 273472 277245
46 8 360420 363379
39 58 344916 354533
91 71 536430 543337
88 20 693632 703134
63 38 335942 344145
20 96 753328 757140
45 52 752008 755387
47 27 806016 810220
15 86 289213 293160
4 48 182298 187776
3 25 827628 834568
53 87 344449 352036
3 52 954789 961204
53 101 973498 977559
92 98 27071 31414
96 2 686576 690313
89 55 838904 848597
36 67 943980 947034
41 62 763479 767512
98 21 752237 753625
20 2 524226 526928
86 82 749100 755505
33 65 230044 236811
26 5 659370 665801
55 90 921992 927587
72 73 912369 912925
26 37 990846 994381
48 26 198006 207127
23 51 490514 499027
64 57 90798 97096
1 92 299784 302158
2 76 781124 785967
32 50 840125 847582
38 47 960577 969603
36 95 397977 399684
76 63 115288 125083
10 5 466203 467493
86 94 693212 695979
47 81 241732 250382
98 43 991625 998424
36 12 135731 143301
5 21 182496 191029
55 2 909906 914368
61 19 403998 407487
55 70 843077 844834
83 78 924069 931397
70 86 184225 185193
2 48 230767 239867
15 81 551255 552470
13 19 210394 218287
84 99 132478 138496
18 76 258790 262333
58 94 976594 978685
6 81 162983 172890
8 99 514396 524019
98 31 770580 772855
95 55 711132 719389
95 83 245537 251869
94 8 236039 241708
61 79 510922 517943
43 41 879922 888989
28 16 602032 604097
67 1 690883 699258
43 91 680571 689949
97 84 370255 370442
26 87 871231 876265
51 5 165907 174307
53 54 94270 98439
38 7 905346 913466
61 22 600556 606696
59 74 996431 1001975
6 99 10140 19542
71 12 447310 448229
38 20 702593 712500
69 65 948859 954769
26 1 369439 377938
25 15 526962 530697
28 59 886308 892826
9 11 390242 399440
93 50 242175 242398
4 28 25043 27641
47 15 981873 982452
75 57 736040 736639
69 27 316750 321096
78 27 426118 431718
3 84 439704 442603
15 52 718397 720476
60 87 730858 731735
44 23 19011 28320
10 72 287344 292168
39 92 466173 472881
76 36 964583 971218
73 78 807617 808269
17 29 259370 264089
52 68 510114 517034
5 26 562988 571721
7 52 319856 324595
7 5 130794 138592
46 54 850587 856430
42 35 927406 933883
16 52 864470 868780
48 50 320338 324187
54 93 625499 626498
16 6 512995 515215
49 97 777630 784917
67 54 989205 997237
44 46 197777 206367
58 45 517379 521715
16 40 716305 719266
0 22 79829 83827
63 87 843135 851167
12 28 621103 624852
75 24 954854 962384
63 55 841767 845131
85 41 405104 407720
61 66 753756 755143
80 46 606112 608180
2 7 167859 176122
7 83 449602 450576
100 72 326872 336837
56 73 590327 591163
23 16 273826 275487
57 6 950365 957969
89 61 510607 511964
33 53 428719 431487
69 44 591715 594274
37 53 186511 193409
38 99 712783 717304
34 31 659049 668080
100 89 140378 149537
14 44 27410 33359
24 91 771838 778144
24 37 447453 457299
62 71 846661 855735
70 33 149696 159408
55 59 779400 788629
40 50 151022 159195
79 10 371780 374147
2 82 914899 918396
4 18 689686 693894
87 85 211358 212809
92 37 354854 357618
3 56 528232 533692
66 28 449798 456143
50 23 409524 414747
65 71 729174 737325
88 87 325913 329260
72 10 551331 560392
19 49 566726 569287
47 75 526536 531996
11 84 822671 830136
7 10 581042 587354
94 59 221161 223291
5 55 155486 162340
43 32 641090 642232
59 20 209096 213852
3 69 458754 466798
64 3 281100 284622
80 92 704452 704789
23 95 403079 404258
1 99 381747 384096
101 34 111314 116993
63 50 950874 957374
79 54 6221 8014
6 90 141349 141867
3 101 937812 944071
75 80 369912 379104
8 28 5036 11378
64 10 52954 61933
29 10 441401 444108
16 23 820329 823278
67 78 71238 76648
95 57 776471 785141
50 17 846170 854810
25 56 340331 342800
79 34 517279 527078
34 27 519592 529398
36 23 534020 534851
83 34 410914 420020
26 38 479018 484711
35 62 858222 863800
4 89 184911 184973
37 3 75656 85256
2 49 196106 203615
82 92 820660 825393
63 29 976171 981587
93 44 220451 229144
5 75 88624 97441
53 1 609584 616232
4 74 75027 81808
21 2 31443 39611
68 16 866812 874758
73 41 585544 593908
43 46 221234 229297
21 70 846365 853470
49 9 652721 660728
40 74 111583 114489
78 69 919015 926693
71 35 926174 934534
5 73 110899 114327
62 25 177035 183616
46 7 198122 198863
39 101 367134 375939
86 54 416355 423465
10 2 439197 444285
1 62 986544 994482
79 74 500528 502077
87 21 490457 495301
12 67 590315 599280
27 31 572536 581501
72 52 390777 396512
92 35 605714 611020
91 70 619842 629568
47 61 87020 91296
85 15 823057 823360
57 75 976456 978729
86 52 777588 783416
78 25 43943 50360
21 5 367898 371390
84 37 478748 485283
54 67 637288 645504
23 41 936446 940457
84 83 499915 503033
11 76 162815 171384
65 24 301129 309843
18 46 673237 676907
68 63 62263 63199
36 65 992431 993966
67 12 475510 477878
6 40 317961 319052
87 31 540218 543899
79 69 108947 111492
36 22 203557 207316
25 69 668468 671797
26 77 182415 191508
33 74 232100 239575
46 19 622352 625235
57 88 227540 233901
43 81 756987 760832
23 44 183706 193244
77 48 813528 814349
39 38 267427 271473
9 75 592308 594940
69 41 624244 624459
58 27 704313 708269
42 13 857405 861349
55 36 638097 644850
59 78 966048 971836
30 47 780303 786981
8 101 462405 468521
3 21 35023 42832
28 64 691393 698358
34 87 277362 286453
73 93 438660 439915
62 39 256097 264583
54 43 550754 554315
94 19 204544 205817
74 73 181998 191517
68 3 881074 883524
60 55 802904 812043
23 88 614446 622011
15 57 1287 5662
60 83 622158 630196
62 10 390952 391623
4 8 429844 433965
0 30 716914 717670
79 83 179904 184026
79 43 126860 132884
39 80 359111 359456
7 75 517243 517337
76 1 598013 600122
79 8 895221 903264
82 19 223452 225722
21 76 848995 855966
53 2 477195 482699
5 83 893832 900780
41 98 876799 881825
53 98 844940 850775
14 66 667334 676283
75 30 383254 385269
46 16 885965 891625
18 79 727610 727687
36 64 764719 770860
66 88 538642 547409
96 55 143076 152351
93 74 772608 776344
38 61 940970 948739
48 74 293565 298413
37 25 286682 288899
37 100 216945 224807
37 60 746709 752177
1 48 85397 89125
49 19 394998 395017
83 81 546416 547829
4 7 731906 734031
8 62 812086 821784
3 85 858266 868034
40 2 604852 608046
87 79 867824 868536
57 68 395269 404295
74 66 17935 24680
3 88 636554 642615
56 51 986742 990343
62 43 238039 238169
41 55 451843 458382
14 32 823796 829621
26 15 325664 326726
6 55 735322 739034
21 86 948477 954553
22 100 902044 906696
48 9 238658 239914
14 11 475779 481163
77 78 129640 132852
20 91 489036 490572
53 49 745722 747520
74 27 31958 40047
88 96 129590 137147
20 77 639022 642672
8 29 400691 405228
19 69 460977 467813
0 58 384148 392425
86 27 914492 918589
65 99 788659 795863
53 60 927572 928504
89 20 652352 661459
92 101 412135 422025
95 8 310137 311710
60 32 386551 394258
42 1 278343 280868
3 26 315281 320222
43 18 160671 162469
96 18 501954 507103
35 32 52405 54172
58 52 522467 527501
61 99 233765 238708
56 75 234758 241155
44 10 742946 747135
8 33 412406 415206
71 83 268322 274241
21 29 571242 580459
78 61 202015 202601
71 100 905573 906512
75 5 852123 852257
54 99 273609 273842
40 64 779124 787784
37 59 606303 608288
53 34 429304 433218
53 30 603796 604639
60 74 296575 303153
60 20 90334 91518
21 52 39389 45192
7 30 69930 74610
57 31 701112 702285
92 10 561220 565825
48 76 926939 934128
88 16 777796 787706
17 10 390333 394470
7 2 432784 442728
17 60 501325 503756
61 63 621497 625312
83 70 246421 250645
62 67 768035 773113
29 25 473889 475838
85 28 109489 115869
45 91 701394 707598
11 60 279636 284001
61 28 626631 633007
54 88 92084 93202
10 64 881294 882274
3 29 681015 682961
68 35 362176 368408
73 9 544728 550376
90 14 603382 608044
30 25 573230 576427
28 33 726204 728288
37 65 916083 916369
28 24 959068 963250
23 48 27106 30646
6 5 760190 766107
84 57 243422 253047
7 25 370100 376521
5 58 343976 343999
73 39 880098 885468
96 82 173765 176056
30 2 822440 831443
74 51 634724 637988
45 19 431393 438739
75 38 371631 371722
58 72 356301 366090
36 33 65546 67578
60 27 404303 407148
77 52 549517 555387
64 82 135992 142306
98 26 191310 200195
18 92 403368 411959
9 29 115388 117752
98 78 499473 504662
75 4 767609 772506
84 90 56648 60600
45 75 971231 977465
68 37 604344 612423
80 99 807326 807538
36 28 792187 801150
40 4 241111 243093
24 5 706264 716218
28 56 847694 852217
6 63 575846 582721
15 5 657988 664087
49 43 985184 991924
72 27 899675 904799
65 41 803315 804808
3 43 659128 660721
37 8 677648 680357
86 2 824259 824638
58 36 294457 301932
7 1 358778 365680
57 83 663616 664572
24 32 436874 441631
89 37 35856 40008
68 70 341467 350103
20 9 693800 696973
43 7 129540 131630
25 19 507588 513668
89 89 385961 394416
77 35 453329 454387
81 66 667828 670591
71 2 503845 508346
13 86 369574 370850
64 4 930676 935259
90 9 216642 222268
96 76 163929 173550
45 49 476469 483276
22 19 470765 474089
0 35 284161 293511
92 68 361466 370958
47 46 412237 416211
43 28 29070 36844
63 32 378840 386495
39 54 938229 940636
26 93 150306 157500
14 56 980786 985497
74 1 844489 846679
55 80 313438 318486
98 87 699791 700171
89 32 156493 156990
59 73 684120 686932
68 28 167096 172370
18 80 478271 481514
46 101 230582 238249
71 96 185277 190892
47 87 729531 730104
93 72 172084 172691
30 65 616512 623540
66 25 290222 296131
73 73 891027 896679
75 86 546356 552354
101 61 906708 913522
0 80 895449 904587
40 48 557123 559320
97 58 779787 781173
84 24 420560 421592
48 34 66267 71013
66 60 158652 166127
12 14 898506 905810
26 75 48985 54277
27 2 504085 508967
2 97 438402 442200
10 56 331497 336961
92 85 342834 348418
78 24 163344 169283
85 42 402108 403695
94 95 881825 890543
87 23 480713 483420
12 50 861883 868203
45 5 999566 1007399
54 56 260373 261166
54 83 172121 175372
61 32 514879 516630
43 10 911114 919992
9 96 427004 430868
40 99 733353 736500
13 90 282725 285702
70 64 40568 49701
43 74 255827 258217
41 100 953570 955038
42 27 233610 236662
90 4 732292 741675
23 9 536652 544016
8 90 837620 846224
50 16 81376 83691
6 35 347487 355322
14 62 126928 127645
45 42 74529 81018
49 6 531431 539189
64 24 117961 122508
101 67 943590 949787
43 77 966402 974987
50 75 151683 156612
18 55 46052 54280
63 0 232761 237936
43 65 87635 89712
36 4 837824 840227
100 24 636543 643280
93 95 560018 565874
35 16 6723 14396
29 61 349704 352062
63 49 42396 49875
43 14 157618 159591
73 24 199475 203718
61 74 438943 447389
20 52 253520 256422
37 1 841494 845785
64 7 986108 990467
87 58 278720 286086
76 78 621720 628794
58 22 193719 194993
34 7 589407 598708
25 38 468707 469453
89 23 747902 757257
73 33 148898 156448
4 27 292665 294849
75 58 355159 356533
58 31 952281 961051
47 84 659518 663555
37 11 594825 597667
84 80 488855 492770
33 48 592967 597733
46 74 269723 278851
7 71 880395 885344
66 84 815156 818932
56 66 193258 201429
83 75 173730 180835
84 19 543319 544708
92 91 896307 904872
64 44 636958 645164
14 76 75927 81188
78 5 803633 806447
27 72 355023 362101
55 42 178443 180801
60 35 498731 499092
7 94 360955 362409
51 57 172308 180302
25 32 693772 701785
67 47 592162 597242
19 34 45350 54171
97 68 215317 224948
88 51 481888 491202
53 15 454732 464533
57 46 974232 977902
56 54 755897 764111
31 50 381786 383138
72 39 706542 714149
89 41 488468 495006
95 90 443599 446283
8 24 135549 139045
45 74 191367 192932
28 31 723294 732980
89 65 874444 874652
4 82 924566 932142
41 92 482732 491905
88 57 704504 709080
44 88 961373 963742
89 54 632781 633306
33 87 535002 538880
9 44 120327 120748
12 48 333548 333562
86 87 147214 148209
71 84 45180 54017
8 49 684702 686656
91 46 702565 707369
6 34 670829 674435
84 69 325267 328236
72 77 483290 492282
57 90 990982 1000076
29 52 394991 399035
78 67 643264 651398
7 21 989419 994376
68 77 898335 900120
8 81 497338 499441
21 97 792789 794751
48 11 730216 733427
101 78 30771 33449
40 22 468198 470672
84 66 61353 67328
52 88 54833 56577
34 26 409919 415249
21 31 510171 520037
62 80 472200 479941
67 2 819481 820790
71 52 546278 552480
35 46 219514 225149
34 10 957644 963197
80 73 555092 563510
83 40 82128 83107
97 2 529586 538264
5 81 579088 579386
32 82 382924 391674
81 75 133351 139168
27 13 88597 93179
86 9 851757 859012
80 33 319759 329410
86 3 25325 30011
14 61 758111 760811
87 84 218114 219316
17 69 78090 80677
68 71 111523 119251
4 44 148740 154074
77 95 354659 360354
39 77 55820 62416
39 40 527692 527812
82 94 623328 628928
88 3 78139 86507
77 16 703927 711744
15 23 161999 171741
43 49 376929 381077
100 76 386223 395176
22 1 426655 430016
16 70 114420 114683
80 41 288150 288296
42 95 8889 11473
92 39 405375 410013
43 52 921395 923038
77 45 400956 410186
46 14 909227 918635
9 77 607309 616432
2 91 745653 746147
62 4 143443 151046
4 34 57177 63484
67 93 627948 636307
57 97 99361 101409
93 7 609858 617976
62 58 541401 549410
64 12 461154 470372
96 63 638920 641905
56 100 700403 707906
68 24 394627 402319
27 11 9873 14627
11 62 653268 655452
52 91 794424 802021
14 19 943794 946282
48 20 92966 100015
77 94 999943 1006260
15 53 323200 328053
40 9 9650 11784
11 29 99941 101396
90 55 291367 296882
16 41 540095 545415
88 84 455808 462592
92 63 191532 198779
53 50 103592 112606
1 81 413100 415699
34 75 504317 513032
71 74 666500 669288
35 28 156844 157756
94 47 332864 334052
72 92 69582 79068
59 33 22040 25941
93 60 955810 956854
64 40 758831 765128
25 57 932195 939455
54 68 537016 537782
25 24 724367 729588
74 23 995346 1001811
65 67 222742 227443
43 87 759995 760947
48 51 460532 466927
46 53 394782 398309
49 36 63980 73247
88 6 972366 978578
55 68 472150 475722
55 77 431258 440505
28 70 61387 64951
1 51 157480 167285
74 24 188220 189155
49 53 927858 929772
44 3 548764 549974
86 78 846733 851536
90 100 523036 530825
36 16 766968 770630
99 83 412499 414599
78 17 127211 132641
24 88 35329 35547
34 72 741997 746637
7 62 853360 855755
68 72 211728 218908
35 87 487902 496801
2 33 656654 662451
25 84 21258 30374
72 79 319586 322632
33 77 693263 694201
89 30 614607 619500
35 18 985524 994034
44 60 994125 1003152
31 71 893834 897901
46 58 366099 366506
15 50 785401 789666
0 61 914481 920114
65 83 18039 21530
37 67 857103 859176
88 26 212414 219542
29 41 550064 553126
46 3 917858 921343
58 89 238950 245771
23 36 406834 414249
84 44 164983 171245
23 5 260675 261964
18 30 383113 387092
60 48 338165 346132
99 64 18380 27215
17 100 461119 463359
93 47 188098 192824
54 15 668311 673270
6 92 862956 867660
93 62 535933 538355
53 64 996352 996658
10 62 112200 117001
81 57 738169 740070
80 91 610405 612326
15 91 598326 606292
85 34 568404 569763
0 71 20660 25373
68 6 225378 231984
99 35 841835 842444
101 48 578949 582814
84 88 698144 699803
28 49 691611 697848
101 25 315674 316461
79 22 453755 461548
43 70 176761 186486
10 80 488725 496147
88 45 518855 525859
57 19 405657 413891
17 59 987732 994989
79 78 422292 424419
38 52 662805 668598
59 39 391652 398302
60 66 895325 897066
42 50 763741 763745
34 3 557851 564629
12 10 131890 132074
24 16 607611 612662
64 63 697856 706156
100 11 816581 819856
13 55 763745 764142
79 32 776584 783395
53 55 219995 224683
20 42 70608 76367
12 94 146912 148984
99 27 118135 119473
86 45 270 10231
26 78 402015 402869
79 11 225076 228625
41 15 868069 872020
82 79 466890 472880
78 84 817954 820483
31 16 327960 332685
3 22 726115 733148
67 15 681391 685926
58 65 18466 18973
26 71 125941 129660
26 66 801122 807483
77 2 328021 337075
21 4 804605 814247
13 99 482430 487299
12 63 29604 35718
99 12 806737 806826
84 5 362004 368458
23 93 143309 149871
70 60 520764 522679
76 8 999771 1002575
77 92 472016 478228
0 23 504177 504337
11 100 200676 202282
0 85 355021 358766
24 90 501284 501814
13 64 226520 229414
45 41 175380 175938
87 42 348136 349449
90 93 806964 812683
84 26 789878 799582
91 35 818872 821677
76 71 965795 968860
29 94 928233 928737
38 49 242516 250632
5 99 348925 358746
58 28 236239 236970
100 51 878003 885013
34 40 685963 695672
70 50 381445 389439
21 62 888636 895444
90 74 38713 43583
22 82 687634 690549
93 25 33940 41425
20 38 506022 511562
32 28 274283 274440
33 24 611311 620738
86 55 729292 734988
11 16 810046 815357
15 71 968230 977752
83 21 277581 285978
101 41 394289 396758
69 37 841278 847644
90 7 492281 500349
27 6 446044 455191
87 14 302222 311295
67 34 672406 673942
77 27 209719 213757
16 24 425848 432686
72 30 368479 378300
45 94 447643 452224
0 36 487177 495956
94 85 590956 595517
58 17 261144 270646
72 48 592608 594059
95 35 948750 949505
67 56 570316 576936
4 95 997609 1002047
45 69 748162 749737
66 15 607619 610475
77 79 523965 531404
24 50 531333 537631
32 58 386149 392511
51 72 857852 863783
76 95 315016 317188
81 98 629354 632537
24 97 111982 116954
70 71 140997 142493
1 27 867922 877875
36 60 380254 385861
42 2 308447 308554
55 24 374617 380640
18 29 650916 656558
38 24 701664 708634
64 77 987487 995017
35 36 385878 389626
89 4 986748 987540
75 22 502475 503662
31 14 380599 381751
11 90 514823 518762
101 60 472590 472820
99 49 10703 12595
45 83 726819 726841
78 46 678802 679894
49 92 727755 734180
33 23 569903 577373
52 27 599087 604982
1 25 563002 563124
7 86 661300 662593
7 43 30317 38133
77 31 665642 671635
39 70 148948 155588
100 8 871277 880413
9 73 764232 766303
28 85 29117 38824
8 37 953717 963627
8 15 290073 291369
35 4 497974 505854
2 39 138016 140086
2 19 465773 469401
53 65 233180 240785
37 83 46863 54047
65 18 922534 930086
71 21 57873 64040
101 7 25967 27381
60 43 153110 162297
64 50 729833 730253
26 28 333617 337013
23 10 74113 80493
8 80 762043 766795
94 94 619654 622274
42 88 472681 478496
52 26 204112 208725
65 65 952619 955169
36 56 41695 50344
5 62 146803 147930
20 24 176184 180520
10 101 807699 810389
27 49 132723 138145
69 76 213663 214349
91 83 697986 703812
52 56 882314 888153
51 18 189093 196040
86 62 107583 112116
77 67 165251 170708
4 52 960080 960266
80 89 743271 744888
67 58 447845 451983
73 3 907325 916917
65 58 173461 181950
92 21 209390 210807
54 14 953055 957185
91 47 178354 185396
53 81 59332 64929
53 22 155636 161287
56 37 270215 279004
90 77 380063 381496
5 96 952520 961994
44 78 520577 525761
87 0 936219 945205
42 86 313342 318993
72 60 602410 604947
80 95 774251 778320
82 93 138002 147258
8 63 437663 445456
71 59 859017 863023
36 30 806907 808414
89 91 95843 101593
33 25 276239 280883
32 90 559868 560720
51 90 553957 559277
1 12 161961 170520
54 8 321295 323009
100 97 658094 663709
43 90 118019 124958
85 71 951703 957543
75 70 675740 684972
93 19 425950 433215
87 81 55547 60814
53 4 541066 541360
12 7 51432 52541
83 13 445535 446266
8 34 458764 466184
96 41 625032 632539
4 6 74184 80174
85 96 200085 206835
39 56 664255 668110
28 21 543375 547325
99 100 243008 249667
7 45 423748 426780
73 28 89588 91441
20 55 664352 668327
1 76 770397 771697
91 6 909245 915170
17 81 981171 985137
18 64 169295 179152
81 8 87597 92767
11 4 364121 364274
75 49 940425 945630
30 98 939467 941845
71 45 827002 835365
87 61 837179 837447
4 41 117769 120763
85 65 431843 438887
97 76 577289 584505
94 83 553235 558340
0 28 224298 224374
36 63 51227 60279
81 83 674486 677800
81 14 895736 902771
73 26 383187 385971
10 18 722877 730887
13 97 461369 467157
1 30 857381 862134
4 1 812197 814507
16 80 627711 630923
17 79 324675 331408
39 73 578839 585782
92 15 418258 424468
38 58 600914 602146
30 101 196878 202010
