18 1629
44 14 248164 251142
6 101 727491 734108
67 80 522334 526419
4 35 161806 163282
17 5 969912 976930
95 35 681703 683815
24 26 69902 74819
86 39 164706 165218
58 95 969119 976239
54 75 771883 773997
3 95 879324 887864
87 51 781046 787377
56 37 671925 675604
85 41 622211 631572
71 62 133480 139119
96 76 60462 65826
85 48 736936 742647
7 89 958572 964291
54 50 371512 375241
89 26 911594 919539
3 80 68927 69065
66 38 828391 829224
2 16 828053 832129
55 62 762135 771726
50 85 908300 910875
1 97 967256 969984
53 18 781961 789997
61 81 917859 918630
84 38 682273 689002
65 67 375839 383111
35 70 757126 760011
18 69 212223 214083
64 24 812404 821235
13 21 27271 36713
85 82 148688 153363
44 52 19040 26242
33 40 823752 829211
20 80 381017 384630
74 60 628572 638024
98 12 773921 781414
3 97 957517 964519
15 92 588351 596985
93 88 329534 335856
79 23 576006 584824
96 26 813571 821043
62 36 154332 156705
4 85 147184 147875
15 32 362558 363331
36 68 981996 986001
27 94 706876 712559
52 83 544372 551767
18 43 357105 366986
56 84 433200 439068
40 15 704448 709933
18 45 135616 140932
81 63 548752 552760
79 65 932775 934029
65 11 62533 69033
83 81 705310 706989
15 12 705240 713792
74 63 95265 104960
29 53 872140 872987
54 18 88938 91711
72 100 168343 175403
45 23 727688 735639
81 60 731310 733504
97 1 211976 218947
55 49 531842 532900
30 30 351311 356415
100 50 417628 422238
2 11 693977 694230
13 40 254641 264451
72 5 144691 150715
34 19 589048 593616
88 66 409278 413484
60 32 956083 957225
85 76 1498 2395
0 28 486455 489021
87 89 255219 258078
75 24 399371 405468
30 15 984246 987086
52 44 510036 513422
3 52 589380 597535
1 81 648622 655557
63 7 518637 521635
10 37 910801 913523
75 40 143365 145027
5 93 754991 764466
68 94 852579 859856
69 35 900822 908305
13 98 202180 202926
63 83 59887 68691
28 10 815593 816658
65 97 796068 800438
27 7 384217 392565
11 71 904488 912375
59 65 455206 464378
85 0 436411 438725
84 54 188347 189685
44 21 907688 910684
34 86 977860 980523
66 21 728858 733472
48 71 21093 23217
53 92 814082 814270
27 82 176311 184617
46 46 34237 34436
55 53 511310 515088
29 92 825955 831926
76 54 900750 902002
92 9 282596 292352
64 54 440652 445546
82 99 401242 406201
18 55 243690 253393
89 54 61493 66612
39 4 43406 45170
95 75 313616 316509
83 74 578930 587393
21 33 884647 891914
93 93 696950 705627
31 23 365936 374913
67 53 398050 404369
41 96 709900 719675
99 101 948167 955307
69 76 177837 185005
98 95 959647 962046
81 79 761518 769378
22 14 503532 504832
18 95 29785 35175
27 25 681872 682478
71 24 113311 116172
59 37 796742 798059
73 1 172065 180659
7 26 601777 605652
50 30 571858 579202
72 91 941983 950007
75 75 37123 43500
38 43 588493 590086
52 34 387967 395901
85 45 621216 623238
64 58 716625 717424
44 69 837806 844179
44 29 389647 393361
88 10 476151 476274
11 85 745865 753196
47 55 700872 706436
41 71 881784 887001
17 54 831082 839871
99 58 851211 855817
86 88 7124 9386
72 1 988898 993236
72 85 346915 353963
44 89 299717 300966
44 87 507599 507800
70 49 136344 139684
74 99 441785 446469
98 65 413014 419227
38 71 314920 319036
56 82 664964 673863
72 56 14164 16843
92 75 274735 284450
58 52 113011 113907
2 2 787145 788995
6 18 282424 287116
46 84 120459 121363
49 83 252425 257966
60 93 929087 935879
61 83 468396 469895
22 91 952810 953084
2 53 754241 760409
69 101 326986 329522
64 90 188340 193875
68 78 177174 181326
72 2 162809 171890
79 13 597928 602345
21 44 27732 34196
79 52 161490 164605
48 56 270150 270161
60 61 582788 585671
88 88 878951 879225
56 48 108452 114283
84 39 328086 333190
25 6 451912 460541
90 62 206930 207274
99 5 823737 826208
91 40 690635 700539
16 66 290029 293556
63 60 100832 101590
43 38 642397 642693
54 33 778907 786021
77 8 448805 458651
71 101 649303 653841
49 96 594841 600941
49 87 596950 603417
2 37 621840 630529
51 88 622713 624598
42 29 129186 136472
73 10 38790 42442
73 39 365998 368312
32 76 14828 18597
55 58 290367 300213
98 52 120290 128223
95 44 531279 536175
93 59 160074 160569
18 18 229865 235339
13 94 341401 348774
99 60 928814 934332
77 21 778124 785337
10 49 192782 197290
21 42 171284 181007
44 66 411529 419739
3 93 705944 706157
84 86 191811 201351
49 3 94027 99308
16 54 551951 552824
1 37 760354 769740
63 97 225016 233158
34 67 276057 278248
10 12 432524 439754
26 86 546205 551112
47 2 777733 783479
34 8 765875 769752
94 2 817854 826154
81 66 209136 210092
14 59 664738 666064
34 1 810271 816011
64 23 479343 479865
21 67 96123 97262
61 19 952335 954187
8 57 718147 725330
13 69 371521 380382
100 23 20161 20475
23 20 724619 725428
65 44 101486 104911
70 2 818434 828089
57 59 515302 516932
91 46 902879 906674
55 93 126465 131513
38 16 867766 870728
14 1 457315 458691
77 99 182961 186485
101 47 656364 657659
27 28 314330 320374
32 9 422293 428590
5 49 440606 447056
78 1 220692 220844
94 13 642268 649067
67 22 836103 842843
24 30 548731 557743
7 85 501127 510352
85 69 681364 682666
19 29 222891 226304
15 51 240095 243824
81 33 106521 114572
73 42 756414 759579
96 20 258526 263829
40 86 584211 594159
5 30 665087 669581
47 70 389139 392425
46 14 675208 684825
57 97 508063 515144
36 23 952163 956735
67 21 213880 218016
6 69 462594 463476
0 72 725571 727740
78 22 347414 350840
43 50 358549 364534
28 87 70450 75535
53 34 493440 495584
71 89 460128 465718
90 0 593186 598249
12 31 2200 11653
87 16 492134 500193
24 27 403068 405587
79 96 864205 870763
62 85 889979 899748
67 32 127807 131038
96 41 483033 489927
8 12 272193 275010
49 38 656571 663627
63 30 357286 366945
50 61 610400 617583
74 89 790036 799697
5 2 24724 27042
24 53 754566 762001
58 1 971777 974871
67 101 348498 352442
28 94 940877 941906
81 90 759319 768453
32 0 412459 420103
35 5 67596 77260
4 72 647424 655310
24 97 646413 652886
5 86 621476 621671
96 100 140096 145161
83 88 147918 152730
60 84 273368 279107
97 6 298665 301837
57 42 505709 513070
39 8 365833 368275
83 24 890228 898984
28 38 345299 353445
95 45 187429 189133
60 53 898745 903180
87 70 288480 297407
98 75 900163 904508
87 19 134771 139322
33 34 569677 573963
48 9 853501 861425
8 20 130385 140385
9 7 831024 833273
64 6 109029 116615
66 86 569677 575934
44 10 997104 1001553
3 64 172356 176237
48 97 746185 751266
4 78 55129 61353
41 92 656316 660782
57 35 963957 971141
94 76 980104 987057
24 39 561136 563205
95 88 281200 281235
98 76 830203 832551
23 77 691990 692145
92 84 368738 372572
57 53 902964 908159
45 61 979701 986714
69 37 962640 966225
29 77 854957 857527
70 64 775237 777342
8 67 907941 908373
47 76 220862 227643
88 6 467900 473068
13 85 527877 534741
46 76 952932 959583
9 96 58614 63228
84 71 144499 146650
69 6 379685 381197
53 40 6394 12099
93 22 785448 792490
28 59 503541 504996
73 82 289136 290769
23 29 561811 565189
46 56 107998 116664
45 100 472068 481096
72 75 660329 666395
66 72 616729 617870
78 80 589749 599125
2 100 245628 253357
81 75 228824 230168
12 25 958257 959546
68 26 67655 74811
35 18 128470 129575
94 29 634390 642632
28 19 209523 215459
85 33 814899 818309
65 99 787181 788396
38 57 877433 882216
73 36 193147 198181
86 42 772826 778789
50 18 160047 166530
32 87 795363 801326
28 23 772038 774070
1 19 324803 324860
55 98 354797 359025
76 94 457796 458970
88 68 744018 744885
57 60 645769 649077
42 57 950000 956710
26 25 821408 823464
39 55 452307 457798
69 16 51830 54240
36 58 732483 741015
19 88 706211 707296
79 73 533604 538301
38 64 554036 562110
82 24 918760 926132
93 34 204820 210743
43 34 304448 308066
16 79 333939 342267
20 85 717216 726556
19 39 127632 127865
11 2 951061 952238
43 88 924545 926562
33 72 728811 732149
39 9 937562 946040
98 73 595120 602619
57 10 77975 85673
56 2 435530 444536
25 79 105093 111567
65 77 673616 675263
36 77 972179 979318
79 74 336319 337468
101 87 106507 107748
85 72 47324 50195
91 37 816853 821843
48 64 976519 981567
1 25 306878 315726
56 50 502878 508783
64 59 199147 205154
10 86 803899 810747
74 0 600382 606589
55 7 351826 352451
87 44 920368 920467
59 35 115076 115125
20 77 901588 902741
31 33 971052 975764
12 80 765900 772934
81 99 999980 1008912
45 95 775234 782797
31 71 69207 70558
84 17 737168 742309
4 39 96847 98742
30 80 638923 643743
37 43 310588 313575
53 84 812690 820441
40 69 200897 207333
41 61 309922 316110
19 34 333417 338709
70 44 875500 881099
35 66 188022 196445
79 16 889354 890899
69 29 3171 3923
32 60 348633 355421
87 36 435452 436750
18 10 211749 214790
17 63 105227 110029
41 56 244233 248194
50 96 154928 161598
98 10 108565 118071
73 45 505548 512464
75 59 992409 994347
60 33 839711 842813
35 37 908106 910999
12 3 570091 579200
55 69 885299 893779
30 45 104249 104656
49 74 515039 522716
79 81 506629 512132
36 98 413911 416010
84 100 512447 515681
95 5 998071 1003813
2 60 311499 313484
29 87 628565 632984
75 74 138934 143697
19 94 222471 223308
50 57 784974 786897
57 82 303766 308525
19 57 732575 736941
75 9 317150 321084
75 15 436243 443445
75 82 232750 240920
83 76 987249 989216
34 81 516904 526700
17 6 532954 534055
95 21 350489 356653
96 75 367755 370075
75 20 536297 538709
33 97 472241 478220
47 50 654118 654494
85 27 700336 708552
38 90 701115 710747
64 98 567104 571267
97 82 920148 923035
8 90 810577 817607
7 38 378166 386380
7 5 427191 436206
34 15 422845 428639
57 91 402283 406721
26 20 879961 888333
95 13 352427 359952
70 73 564082 571218
94 4 857549 865295
33 60 767705 771585
6 60 894677 899451
1 91 154336 155973
82 47 258277 263918
62 56 188888 189476
23 76 935768 944355
93 3 878232 882992
8 55 260984 264236
76 29 948580 955103
25 72 87742 90392
70 55 824760 831240
65 16 412272 414400
95 1 348298 354483
55 95 786786 789334
90 6 818355 819993
31 19 461290 461699
39 0 391888 400902
56 49 919656 922854
72 41 271402 277510
39 37 727769 730278
98 13 472014 479825
5 51 646679 650713
84 57 739125 741472
86 55 32023 41541
1 44 654793 655223
48 68 707629 713395
85 71 426066 433481
75 37 103079 103998
2 31 326246 328389
37 20 755287 756976
82 44 734335 743959
100 63 452229 455405
59 21 843415 851878
29 84 173074 175861
91 84 651914 654999
1 75 211377 217594
37 45 608086 610425
67 51 383174 386041
77 38 911813 911842
32 59 859551 862800
41 93 222316 230026
79 30 481409 483770
76 95 550297 553944
85 20 813778 816578
43 36 791718 793006
20 0 259660 266549
35 59 99906 102240
93 66 186228 190049
23 73 456135 458603
4 74 877285 881638
5 95 193617 202808
53 28 112672 121071
47 68 733986 743596
42 100 200651 200977
48 85 358998 361325
50 75 499599 508013
18 38 934190 934465
12 10 151040 153947
28 36 678585 686353
99 65 322715 326007
15 5 220737 226091
80 1 749403 759116
66 64 330822 336624
85 43 606075 607533
8 17 239573 239916
81 82 74263 77732
89 29 340121 346965
8 74 755067 760056
67 94 655371 662799
24 18 562324 571334
34 101 737738 745007
2 38 77445 80136
21 56 168540 177853
51 67 154759 158499
5 17 62932 66185
93 79 795925 800440
71 8 361244 370127
42 90 354065 356604
88 11 642396 646196
22 5 281840 289121
12 83 396330 403817
24 72 735927 740516
59 96 30170 38464
92 31 595939 605343
89 98 514308 515833
67 18 676684 679048
61 20 934286 939423
2 1 374623 379558
20 63 849898 858900
7 77 216584 223531
24 33 167947 168461
6 58 37966 46370
21 50 985791 993695
70 23 354160 355034
79 1 429292 437535
70 68 553988 560186
82 15 876853 879851
2 63 353243 354587
9 15 567974 570479
60 71 840857 849796
55 68 517627 517674
15 25 76094 81728
72 92 717867 724052
58 20 624420 630842
7 99 185403 187446
81 94 611654 621317
19 81 605963 609851
79 34 476068 483402
76 62 334128 335424
36 10 557867 561575
83 69 612262 614971
11 36 566530 571167
89 88 659938 661041
72 36 85597 86440
99 38 467991 475894
72 19 67027 68586
23 43 5001 6881
26 71 289028 296724
28 22 317943 326795
2 21 736935 739103
26 57 713943 721579
83 43 228366 234909
97 40 268743 278006
8 11 801800 807751
50 86 818981 823592
3 31 732400 738846
70 51 925434 930053
56 91 363651 370480
97 63 731031 738698
81 22 47928 56925
97 79 793508 803466
88 80 442166 443375
24 16 984289 989016
34 43 700648 710162
20 35 206744 213565
13 97 748501 757976
87 88 507733 510118
38 86 214489 215505
29 31 691131 691291
73 88 807952 814978
49 82 175431 183229
46 80 7719 14565
98 34 216649 222504
12 19 1049 10036
74 82 849216 849961
0 56 302316 309798
81 46 440310 449661
39 24 389286 390577
16 78 836271 836344
34 49 79144 86038
78 96 860634 865595
39 46 217009 217500
58 28 35874 39489
37 84 785499 791829
41 22 572009 577357
10 9 930873 932909
4 31 256146 262257
76 71 643043 652402
62 42 111285 113377
76 96 10461 16769
7 18 289092 293692
70 77 275239 280939
73 61 46146 50213
40 52 234770 236017
55 85 689217 689707
13 86 254835 261641
88 58 679043 682147
70 52 370921 376738
82 1 978021 981203
66 29 17667 25097
89 69 424280 428370
49 4 321202 321786
69 24 343092 347836
80 44 991076 998160
22 30 931022 938751
10 68 22043 23337
66 50 128319 137589
1 18 306985 309285
29 45 536936 544074
92 77 924587 933535
4 13 427732 432177
4 87 472731 476996
75 11 429826 431607
64 91 133540 134848
47 11 912359 915594
23 91 363602 368521
9 72 75936 84955
38 65 152698 157829
17 24 943791 946757
74 4 770011 770877
55 79 964193 972747
93 11 497476 498840
96 69 716973 723939
47 54 993896 995387
73 22 22653 31551
4 71 730991 737250
40 71 753227 761094
3 19 53223 55395
76 99 852175 858339
60 4 230388 236602
29 35 450864 451018
17 69 199736 205011
27 89 439958 444294
15 36 371370 372328
98 3 711233 717786
2 42 400496 407397
40 44 309099 311286
60 2 359158 363347
86 36 300701 303654
35 65 819713 825928
67 67 924977 927330
3 94 230044 234267
96 29 413068 415542
68 92 327226 332570
49 47 264803 273537
57 38 36633 44503
63 6 611073 612765
46 91 123716 132896
44 32 745544 750933
68 15 709538 712809
75 67 315033 318612
76 84 11530 18387
35 23 913020 918843
71 36 100546 101400
13 73 542295 551681
44 45 773044 774924
55 0 19119 23713
58 60 409980 418599
45 36 380345 383385
57 12 996534 1005942
39 44 933720 938606
75 72 78925 83831
87 54 495473 499861
68 30 797988 799444
22 97 429852 435979
60 25 285014 290249
90 63 172225 176925
13 15 901747 902530
18 91 713543 717040
99 4 985758 988723
101 78 33711 38671
74 57 427803 434216
101 20 751679 756546
88 18 843051 846980
35 29 845966 846685
59 68 543716 544599
89 82 414831 422143
16 59 998101 1001486
15 1 539855 549431
46 49 871590 878134
33 82 694375 703697
81 17 579306 582147
44 74 91344 95857
31 96 735846 737715
61 17 86035 94856
0 8 911215 918420
89 62 313470 321582
32 61 606625 615483
87 61 211721 211803
81 71 999298 1000469
17 28 165102 169315
92 89 937776 938125
63 16 724293 729597
7 32 913650 920037
14 15 732828 735781
46 73 502948 509601
3 35 916268 924341
63 84 901321 911057
50 23 589348 591344
27 8 487344 497174
91 68 538875 541743
22 68 333101 338853
55 12 775719 778299
57 24 605709 614576
41 94 85248 88958
31 6 473701 480340
54 49 555574 556728
39 83 118952 123977
82 35 671916 672145
65 87 608571 609575
100 60 511855 513280
53 5 750119 754554
80 30 298917 301168
82 71 430931 434267
7 82 223826 225926
6 100 846741 855711
50 41 417072 420840
87 74 48504 55285
36 54 56941 58850
43 83 27907 31130
39 20 653867 662378
49 73 294056 301442
22 56 516309 518942
35 58 375987 384810
15 97 130863 138045
24 7 558997 568198
84 88 457412 465279
96 45 748175 754528
87 9 35500 37311
73 78 641614 643816
15 61 662982 663988
71 39 272856 277329
101 11 123382 127568
1 8 41881 45779
48 16 918994 924392
42 10 855651 864283
35 30 979425 984367
93 101 74584 78933
100 91 508925 511599
10 28 893340 902334
46 57 308059 310593
93 39 858698 866650
70 35 187291 190932
33 31 451160 454515
82 59 380780 383804
14 18 348615 350379
68 18 197893 202807
3 0 525135 530858
76 25 660558 668042
2 79 626060 631283
73 67 55305 59238
67 7 770740 775206
54 23 946759 954323
18 52 166838 173982
75 17 125693 134515
42 58 320329 323752
39 38 150514 155317
76 43 992908 994038
33 99 885459 891420
19 66 640485 643157
89 56 139672 143505
90 78 552381 558800
58 70 396549 396577
20 68 539683 547779
72 18 375853 383668
37 93 833379 839516
19 30 393132 394587
22 48 685163 692162
40 89 815266 817802
3 39 50473 55024
36 21 554068 561821
40 40 896869 897602
56 97 708667 715943
69 4 57943 61264
93 57 994854 1004750
65 68 370780 370862
93 0 460361 468818
87 34 221684 229602
28 80 841315 845504
39 86 375439 383367
43 59 30971 37153
92 86 58528 58873
44 91 280986 282216
77 29 431614 437724
48 23 85652 94294
21 16 359407 365204
27 79 940711 942167
72 24 572072 572395
95 15 919315 925359
69 12 861519 871458
46 32 873840 878419
67 88 792136 797810
62 45 37090 41224
53 37 319790 327590
89 40 151543 158886
8 39 322732 327403
51 76 933194 936000
12 93 223622 232947
78 93 833190 834564
70 56 144837 145486
8 33 606085 610358
98 58 345212 353661
7 27 213056 219822
64 75 388388 393049
89 12 462606 462716
76 15 219808 225340
3 79 771663 780066
101 62 246565 255735
25 35 637452 641365
37 15 427883 432936
56 51 819647 824411
89 92 73487 75501
68 82 224686 232327
15 11 464325 472191
22 6 941504 946038
78 14 730454 738927
61 47 194909 200462
60 75 785828 793105
36 31 993650 999649
58 88 983040 988734
92 95 204553 214519
54 27 149789 158556
33 98 531455 539912
59 27 613126 621257
58 56 196490 203004
30 90 388949 390448
21 38 67874 76364
18 15 192359 193329
96 35 460625 467255
21 10 55658 61476
84 7 336238 343713
46 83 164352 164714
55 97 679901 685737
41 74 617705 622797
37 101 737665 739375
41 14 279907 286804
37 73 904112 913118
10 4 357324 367035
8 34 556772 563644
11 47 169530 177571
96 21 587202 589824
42 15 212856 222357
12 76 773578 776680
0 98 359951 363109
79 3 21222 27605
84 65 975771 981659
19 71 587156 587594
71 82 655374 663167
4 101 813045 819614
70 90 404383 410891
45 86 929229 929490
7 54 729782 731220
99 44 87399 91886
88 75 174353 178106
48 81 194308 197021
3 83 267440 270367
24 9 920839 926832
80 63 113285 121899
27 55 994907 997336
2 56 757210 759094
100 34 288676 291133
51 78 252633 254648
59 69 316768 318380
74 69 810010 815424
39 100 10617 13948
91 75 262484 263566
12 98 535093 537370
41 18 754402 758087
16 0 329324 337920
16 37 690322 692088
14 42 286387 286533
72 33 664083 671221
66 81 810324 814574
81 1 448142 449601
11 65 77137 84601
53 90 268748 276266
94 37 578488 580083
88 24 648600 650218
31 3 247051 248826
0 95 216907 224404
12 2 261625 267371
75 8 293437 299334
15 75 698643 701032
46 22 830377 836127
19 61 88476 88557
91 100 618310 619372
54 84 411644 417322
78 65 471192 475464
20 88 273662 283053
17 14 265812 268996
49 54 164542 166789
68 84 743017 751631
8 69 502559 508609
12 51 531960 539699
31 44 586631 586760
45 77 214860 224197
72 53 497678 501130
40 35 666389 675405
68 1 941615 943516
47 96 326806 334826
5 19 393424 398288
38 82 495421 498935
100 39 50955 56198
18 53 193013 197633
59 85 680710 684585
41 99 512840 517297
84 28 526034 530694
61 26 566951 571233
72 83 862603 864103
18 4 265280 267682
6 55 603287 608831
27 3 60320 62588
22 78 905542 912807
46 17 285006 288539
64 48 8430 9968
43 4 735002 739073
58 27 347112 349718
26 82 50458 51883
5 20 540387 545695
9 36 419126 425108
4 25 619480 624929
57 2 105142 112040
57 80 303537 306892
46 86 148197 148230
41 87 678985 686163
52 33 767350 776901
62 58 910209 913075
37 38 526584 529488
10 23 293380 301409
2 72 189735 196745
99 17 115464 120818
99 84 25029 33705
66 77 807576 809556
9 20 48693 55726
14 81 419098 424421
31 81 378100 382166
4 33 653305 656691
20 50 668806 677551
39 2 891371 900530
77 58 620247 627146
94 0 723720 733485
30 3 600043 602903
75 45 946700 949047
9 23 923705 924099
49 80 130909 140726
62 18 230091 231514
19 77 80357 80395
84 33 241627 245835
80 10 448467 449324
61 67 208767 215092
32 99 852681 857555
40 12 594165 598014
23 57 647199 650509
52 46 304937 309649
77 85 42863 46822
59 99 629266 629699
88 62 931740 931762
77 87 38310 47319
25 47 259450 269071
62 26 255989 265207
45 82 221294 228319
101 0 776844 780107
18 33 457238 459303
29 83 803006 810589
64 63 725305 732603
80 72 893522 898848
41 70 189225 193735
84 55 200063 209986
60 39 228246 231937
44 36 733117 741814
71 88 646904 649225
75 47 27557 33717
92 45 956662 958886
15 101 254313 262797
58 4 396364 404848
37 16 93616 100934
89 46 974669 975906
37 59 661480 666175
66 94 866484 872055
66 100 173430 183115
45 46 182057 187739
40 17 892414 896191
26 93 362223 369241
85 13 340026 344458
18 20 481056 485985
30 39 439519 440715
71 90 597598 606696
80 80 722021 726702
92 14 539734 541962
70 80 770121 771941
38 39 44971 46879
29 1 667769 668775
70 13 562098 565786
21 81 731586 741232
2 57 203510 204163
88 96 602268 607011
17 43 14834 21328
41 5 930199 937505
43 46 48787 55267
73 55 620512 622408
60 68 275785 281307
29 89 538442 540846
27 54 104845 114329
73 64 183877 184036
6 81 707701 713724
91 54 393014 398083
79 20 742746 746849
49 71 218790 219550
75 98 167455 177091
100 83 593614 595066
48 69 166034 171397
61 92 22832 30049
34 54 658549 660800
5 22 188414 196431
55 67 626128 627864
12 101 342123 346443
74 80 302199 302731
85 46 126717 127582
69 9 738398 741264
96 87 302746 303528
62 78 577187 581822
45 63 338525 343943
86 81 43593 53512
50 69 926087 927163
57 32 342307 346917
94 60 567258 574252
25 55 993443 995163
62 50 943134 948470
66 57 685270 689249
71 87 113564 115337
11 14 177070 183498
67 0 930357 931178
51 66 288696 291380
100 21 941144 946328
25 46 929485 938201
92 36 314721 324304
31 91 780339 790057
28 74 928475 928798
82 69 403531 407150
15 4 458299 466528
76 47 694462 697319
91 69 133524 139584
32 27 422491 430932
20 23 699032 707994
78 48 621205 629082
40 25 52215 56645
5 64 63118 63380
79 100 850973 852052
55 92 866595 872651
36 96 590438 592337
40 92 660430 666458
50 99 798217 803060
32 16 285639 288792
77 47 487341 488550
98 69 439171 445778
2 90 61932 63750
56 56 960575 964927
80 5 921 9419
34 42 245063 251642
37 46 682844 691212
60 13 705292 708504
61 41 438558 447216
61 15 507693 508511
43 21 540504 541351
69 55 566288 569306
34 47 982511 990162
0 37 954781 955367
94 71 567774 574329
76 23 35961 41791
7 40 65430 67705
56 28 877832 877869
50 89 552054 560012
67 39 489502 498947
14 61 46143 49200
97 9 799855 804140
97 71 900656 903395
23 56 759084 761382
93 49 735663 743757
62 6 40385 47794
98 63 513651 519382
43 3 690399 698831
52 57 16831 22497
49 10 340458 343320
51 65 790704 800102
51 84 517625 522990
12 37 570196 571841
12 63 285326 291899
40 30 35021 35695
34 55 853147 862963
56 23 918182 921537
79 46 372 5891
31 35 468039 472134
4 21 909210 918207
10 7 697669 699875
98 39 632238 636593
60 80 126782 128257
6 75 624026 631600
70 60 255022 257953
60 65 699230 699791
2 70 928512 929045
45 99 791612 796365
79 21 386010 388660
12 8 576213 585025
87 1 323678 330214
80 99 196059 197253
17 0 167778 177702
31 18 856300 860971
21 76 30066 37859
80 56 351488 360464
62 92 78218 78240
72 3 98979 105358
64 84 174958 181659
46 85 837757 842733
8 81 294955 295620
14 54 829317 838006
24 37 149217 158439
19 96 926204 926678
48 77 455035 457807
76 70 406337 414299
37 63 26058 30298
28 30 785714 795531
63 85 244462 247106
12 28 554514 555411
86 21 471763 479684
89 38 33890 40221
3 5 764058 772879
99 78 629486 635319
27 91 130453 138340
59 94 843756 851121
18 27 264528 266244
55 22 980638 981524
82 12 97015 102556
64 18 621180 625598
95 10 282896 286168
71 42 794589 794651
42 13 326084 327597
84 49 544439 553409
79 47 675551 677686
98 84 95299 97079
75 81 411796 415452
46 44 268010 271845
58 90 546276 552246
15 21 651905 661704
6 5 894315 903907
76 98 938581 940237
69 45 701811 707315
18 39 218100 225739
76 16 969363 975081
13 16 369419 369511
95 52 259335 266550
67 35 576295 578237
45 40 660212 661857
40 59 136109 144592
13 53 526755 531559
14 36 990085 991437
15 60 752429 759818
16 45 755796 757282
100 51 467592 471508
96 68 917474 923505
38 72 493634 498644
67 58 130604 136639
70 19 603012 611361
99 0 920500 927564
27 57 629492 634640
56 101 482554 486070
31 95 385460 388972
87 77 874236 881713
53 32 606052 612655
58 71 987438 989533
0 10 762387 764800
23 85 103024 110665
60 35 856233 861869
3 27 204137 208332
16 60 102074 108663
17 60 812649 813482
30 78 253378 258553
48 22 812787 816399
100 85 173761 182612
4 0 845792 853791
18 99 621590 626967
62 3 118901 122814
43 17 357673 360757
40 84 564877 567946
33 67 163043 163765
67 82 657166 661863
79 85 996039 1002432
71 15 758762 765734
95 26 959724 961818
25 95 449345 458525
67 61 45813 50254
26 87 51989 53881
101 86 397448 398908
66 53 410820 420783
49 19 299942 306639
65 76 85989 89977
69 83 225959 229916
7 14 653332 662810
51 30 56483 59588
90 20 433666 441710
14 71 149506 150962
19 50 317628 321731
22 44 515953 518951
77 83 266230 273359
27 6 870921 874505
3 20 81286 88267
20 84 506821 510408
68 74 293153 300839
84 91 837420 839869
75 50 803214 813007
90 26 683229 685475
35 19 829917 838968
13 58 325190 326265
48 48 266181 271191
86 35 804753 807955
63 25 341267 347550
29 13 194542 199389
40 1 506096 514948
56 1 878039 883157
5 70 516853 520696
54 95 874111 880829
79 83 155808 165091
97 31 728737 731649
15 82 848301 855036
62 87 537769 542833
28 25 377733 381498
21 70 315953 316492
74 81 722111 726247
94 96 937218 938164
22 13 725694 726126
63 26 710559 718887
40 93 292268 292467
101 29 508008 509470
64 83 417354 417558
30 46 60835 68951
98 54 747127 752544
50 37 190699 198583
86 94 207472 216189
26 39 465382 473035
85 87 660660 669652
4 28 900819 905854
19 59 33972 37273
50 45 522730 523632
80 96 618419 626491
70 93 510849 518954
61 58 265402 272181
96 57 453708 459405
38 7 988468 992800
82 27 611766 619008
1 59 426712 436669
98 23 365606 371670
84 0 515960 517818
77 98 485445 495224
52 54 685397 688392
58 43 553214 559923
29 46 956349 965656
44 12 127875 129703
18 70 670945 678349
89 61 565521 573735
39 65 908597 918448
53 8 842860 844389
5 46 630897 632910
95 41 163781 173356
66 97 457694 464382
72 43 149204 156199
39 25 654282 663003
95 23 201072 208463
38 83 313145 313808
80 60 631928 633122
4 81 168595 176992
3 47 356319 364382
36 95 323563 329903
65 98 1939 2198
53 97 318212 318335
54 86 558466 567305
5 101 750939 756911
84 70 489193 497437
21 101 862872 866471
18 5 953674 955841
61 8 177245 183261
13 35 874190 877921
24 49 647294 654037
10 57 6750 14961
12 56 145130 153846
36 49 210164 212289
38 18 397532 401836
4 96 768974 772818
70 33 88565 93771
41 49 931596 936989
13 81 897477 899371
15 66 511201 520736
68 49 456726 460593
7 71 414987 421329
52 52 963258 971896
92 71 478701 485344
1 28 605647 607683
83 97 348548 350908
12 81 11102 13630
95 31 879225 882732
25 41 324698 330626
97 69 524251 532982
99 30 922479 928345
0 69 77270 82003
93 27 312336 319740
88 43 304528 305304
35 74 294194 295490
17 38 487345 492924
55 40 787683 789584
81 100 859378 865870
82 54 440576 450403
56 7 797966 806600
74 86 329856 334632
95 34 955925 962864
66 22 864738 873209
54 91 731334 736684
46 58 881270 888346
23 11 716557 717215
7 44 219642 228974
81 19 730252 736148
43 22 880399 888591
94 11 428920 436782
38 47 41711 47246
43 52 154328 159915
92 62 850107 855269
78 19 616848 620025
25 1 702744 710375
7 95 303383 310678
36 57 131190 132967
25 73 997411 1002393
101 37 392599 397091
91 38 699008 702584
79 10 575481 585120
38 84 238959 244245
68 58 826663 827244
7 3 219935 226348
72 31 534109 543885
38 42 937229 945002
26 60 716234 724886
49 35 93500 101941
17 84 18414 27810
59 76 687554 692248
88 63 860013 869114
64 67 45571 46403
2 9 543970 548774
5 65 609370 610482
9 67 774704 779188
87 94 700468 706439
49 26 480889 487788
81 10 365670 369857
77 96 572803 579174
56 15 422502 425622
95 76 604225 605821
18 72 660096 665831
83 37 612686 615768
91 55 223682 225490
66 14 807529 812141
19 62 262354 270056
61 44 489267 497214
97 32 398743 401278
4 61 724777 731618
69 32 299484 304118
51 94 435455 443012
15 90 949709 956492
16 39 374691 377459
62 54 101311 105197
55 45 3579 13366
94 51 177846 178191
32 63 366078 370429
9 77 245864 250223
11 61 603133 609668
4 77 961123 963067
5 10 22268 29394
0 13 279989 284751
87 53 557295 566804
30 87 15636 21370
49 1 183996 189515
97 26 682949 685176
73 18 471577 476760
38 0 657017 665956
64 73 232618 232879
12 86 815910 818996
21 57 554634 561734
12 61 119094 124041
42 66 603779 611262
11 72 567018 568293
46 47 682764 687081
79 88 959372 962488
94 1 418719 427286
95 67 177987 185533
72 20 19468 22554
59 97 362840 364584
6 65 375020 381125
74 6 86952 87240
91 35 706667 709870
12 27 619127 620037
92 29 404987 405315
38 51 265225 266822
21 98 533469 541535
74 84 333518 340687
16 58 870369 874806
81 86 659908 663719
69 11 340261 347473
34 90 968673 974513
28 65 973439 976967
33 26 287834 293257
9 94 35953 45070
57 98 812435 814933
13 76 716691 717709
67 29 265047 265466
52 74 186510 192709
85 26 366831 373576
55 80 137698 140534
10 72 477247 484376
68 41 30930 35962
73 25 510676 515458
89 20 140678 144463
66 75 488805 490252
72 99 347861 348162
54 43 443400 447428
23 49 884264 888380
60 60 185492 193800
15 53 33544 35318
72 76 342297 351611
25 51 981275 986396
36 62 846572 851114
62 68 333047 337998
51 10 59762 68827
43 29 722661 730881
63 22 814411 823411
31 5 943202 950610
2 99 93244 99478
37 69 986508 986644
89 85 644325 646374
22 58 414462 419830
94 38 147853 148536
26 56 650016 651979
86 50 228689 233827
28 7 25180 33225
53 47 7543 16732
29 10 981856 982290
25 87 231756 237605
87 73 135991 140214
43 62 913340 915497
54 74 276876 286679
46 15 711103 717687
48 55 88824 96692
49 55 817720 818167
42 65 847448 855186
92 64 416032 425082
60 48 803664 807725
43 56 18392 22392
18 26 762060 771980
79 29 958320 966404
75 70 820113 825172
69 58 891953 894254
28 46 885252 891723
87 4 531538 532538
87 66 574238 583943
56 76 863385 866152
17 75 62272 71500
84 87 896694 904947
56 33 147628 155432
13 89 55729 65699
80 8 921823 923196
58 5 877717 887441
22 83 977547 983109
20 96 315512 316049
57 11 779907 785362
19 45 317813 326391
9 30 86791 91391
96 32 973146 978751
92 69 263004 265199
64 12 944494 951545
26 90 691561 697939
58 6 831683 835346
54 11 287271 291624
63 2 498557 508362
35 54 817199 821709
40 83 685433 686382
72 7 518448 527932
87 12 657269 658763
53 6 14032 17213
61 6 598792 606452
87 71 981664 983894
74 16 655100 655228
90 15 286994 287452
11 63 725993 735927
28 32 441050 441812
16 50 310038 314574
25 59 211620 214290
46 53 102839 103369
3 99 716070 725871
43 20 979675 987803
32 52 596671 597177
55 101 939913 942408
5 68 265974 270618
8 18 651081 654509
3 14 313885 320198
32 79 464272 469879
1 71 284684 292732
58 94 145391 151840
32 30 232141 239383
14 53 978847 986458
43 53 743686 746216
8 29 113059 115539
38 32 390116 392754
74 13 637859 647027
42 0 959585 963668
49 88 998337 999383
10 73 41361 50081
16 95 792674 792924
83 10 254086 258940
11 26 508387 509616
58 99 798350 808011
78 12 357447 363859
38 99 241129 242800
42 59 475227 482293
30 63 842678 842879
15 81 156446 164886
96 80 569099 573895
12 36 175703 178184
50 88 779745 781039
66 54 671663 675025
85 47 742285 747252
23 45 166659 175136
55 38 559599 560679
83 82 712315 712799
24 35 833711 836930
89 90 430176 433238
26 29 355736 362762
49 75 540114 541231
1 40 437466 441677
98 89 761636 769262
49 33 643142 650525
13 12 919635 920873
74 24 887507 893497
45 64 568823 576768
29 18 670255 674050
75 101 195659 197530
38 66 590402 591703
28 67 585689 594386
70 97 80071 89005
44 101 905040 913115
50 28 819935 820671
47 15 825311 829927
89 58 261216 267064
54 82 351593 351637
25 24 873846 883424
61 94 960668 965108
48 38 165755 168909
44 27 128827 136142
27 75 700276 704394
81 43 487929 496345
26 19 35487 40265
74 95 198580 199589
40 16 210565 219647
78 44 22418 24623
20 69 620441 624916
29 22 255899 262390
44 76 377496 387353
85 93 173400 178170
81 58 474755 481357
16 97 689555 697233
98 14 254916 256341
36 55 485620 489930
82 60 441343 442053
1 20 500351 507458
5 48 75939 85271
48 6 985702 990285
97 16 938815 941318
78 47 427019 433009
34 18 214381 221260
11 56 290995 297152
71 76 520540 528420
67 12 507871 516805
7 20 830303 834588
76 39 508710 516505
69 72 116917 123203
28 60 501668 508812
97 27 728760 729901
77 89 130471 140414
15 15 297286 304582
101 58 369795 378230
74 25 65605 72764
1 4 531299 535264
34 0 463592 473188
44 85 897468 898991
15 70 752820 755521
