23 1589
65 22 796676 798735
34 46 573851 575783
12 47 73400 75909
22 89 361295 366583
67 34 168768 176831
80 29 534421 535817
62 1 203102 210313
61 36 243073 244915
35 37 354054 355898
54 60 201485 205200
39 46 147095 150914
57 16 336747 342200
49 5 666287 667895
68 27 172873 175231
95 80 774634 779837
40 54 465574 466818
90 69 82068 83716
0 3 732531 736907
71 44 149289 156041
11 66 117989 123565
52 1 462648 463134
43 71 645759 653228
99 24 159159 167181
15 6 297541 302142
13 44 989337 993078
78 14 894221 899145
73 5 536326 540675
48 58 980500 980768
7 52 601248 604584
14 62 752432 757510
100 64 180768 187822
90 16 901019 902512
91 4 164074 172601
72 48 429116 431914
52 65 882863 885942
93 41 188832 190968
36 82 975611 980942
5 85 531851 533133
24 55 380590 387335
39 7 537678 538165
72 15 520994 524658
14 15 677473 680124
5 9 651468 654577
42 89 220688 223958
47 0 449172 452826
54 10 178931 184024
26 58 657737 658130
56 46 378753 381380
33 41 48600 52717
31 15 267412 277292
23 38 470542 472048
51 48 938206 945165
98 15 529559 530348
49 4 371495 377766
38 100 406890 415359
42 71 934855 938186
100 70 329457 339037
75 87 546261 551762
92 48 797918 799880
57 67 656705 662761
10 84 953520 961276
54 47 885269 889163
53 82 23940 27061
59 26 942748 950344
37 100 382705 390170
42 78 516008 525420
72 6 878429 886181
17 15 917467 925784
23 46 274880 279097
5 48 293845 302144
85 31 846095 850533
62 38 794261 796422
2 75 858252 868188
29 92 911394 914199
68 96 113483 114688
65 5 292774 300635
10 18 270016 277704
23 40 126207 133366
8 66 234020 236945
0 29 242977 251433
75 29 979951 989084
51 10 117686 120984
64 60 622202 631806
67 48 153147 157051
24 85 776147 780952
11 44 209747 212616
79 68 212852 217617
54 0 173005 173176
92 24 744878 751097
69 80 91995 93596
20 51 830735 838997
86 26 103451 108228
53 30 272783 280684
96 89 6267 13763
57 92 461346 465909
32 67 84334 89198
50 36 685864 687154
2 16 427507 434259
16 4 294927 295002
101 100 292518 293467
28 52 148886 158591
22 31 497751 507730
22 17 535815 540276
98 97 195676 202790
12 49 301746 311394
57 48 245777 253819
91 38 570481 576379
38 50 688054 698047
89 91 770652 779298
19 21 862117 867462
33 54 643310 649840
85 6 849124 858446
33 4 432601 436157
48 84 403778 413669
53 76 251039 257805
36 84 216723 221606
48 30 406503 414023
21 66 932865 942147
82 56 707058 716483
59 78 676670 686023
26 52 469704 469814
33 50 633098 636544
19 90 999597 1007207
50 96 983163 986305
85 50 189503 191642
78 9 648727 657435
12 26 954537 964531
42 44 111812 114723
5 62 539978 547778
56 26 729668 735279
80 74 354854 362940
44 1 20755 25965
98 49 278938 286837
64 73 396586 404631
64 11 161705 170987
75 40 522040 524684
9 39 861133 862526
86 18 137646 145598
54 8 553999 557553
93 30 463807 467582
83 42 973390 975072
76 28 731556 737033
28 98 906140 908173
52 24 68159 78145
20 93 181847 191171
96 57 909873 919603
45 62 357947 359676
67 100 57920 66153
92 7 138373 139666
84 66 947874 954049
68 75 493318 502687
7 24 442648 449216
78 52 448407 451357
64 15 681904 683342
13 89 891201 898428
39 53 360186 367830
15 52 958119 967292
99 97 390071 391036
57 38 522754 525161
98 43 826300 835812
97 12 817136 825047
54 89 163917 164371
60 0 360520 366211
75 56 110431 117869
14 66 293370 297568
92 65 452255 455878
67 65 581528 589994
26 23 919360 919525
84 1 802209 806405
21 34 33066 42328
35 24 325997 335840
96 71 998803 1008643
95 81 727810 730430
78 4 603709 608095
39 71 176152 181530
60 67 670984 671114
44 66 584605 594380
17 67 23331 32287
53 70 622895 625006
6 81 116683 123317
9 40 167987 171050
99 60 338518 339768
18 72 973335 973879
68 83 203636 205868
64 40 297495 299565
16 98 170870 173799
89 26 423844 425273
60 59 617795 622968
26 2 841846 844369
47 84 263295 272326
46 7 795344 800260
57 70 82577 90781
101 76 814501 815890
46 64 431638 438949
35 93 390679 400600
15 93 117240 124193
50 45 630721 634602
42 67 206046 210590
67 25 537481 544303
16 11 994538 996924
70 75 65008 70516
78 17 408062 416592
49 69 712594 720986
90 29 121087 131061
78 60 127091 130313
87 52 312160 321021
28 25 844958 845126
1 47 298693 301438
74 26 788299 792857
87 100 715363 720600
62 13 195610 196774
98 7 429051 436341
56 48 441154 443868
56 23 19505 26080
21 52 244445 246591
77 46 817434 824645
91 16 647884 653383
54 45 370665 372637
63 15 402661 403664
55 0 16450 18007
25 54 635545 641687
86 63 850594 856182
30 63 717065 723129
2 38 267392 273361
77 83 153214 158630
63 91 876531 885110
34 44 899796 905344
24 64 229489 230679
27 79 69084 75826
60 58 201504 208961
54 62 668568 677071
23 43 53022 58527
50 8 795172 804232
25 99 192037 196072
83 30 458653 460277
66 30 614884 618046
97 48 539615 546930
23 58 304413 307918
36 25 662204 672006
6 7 917840 921963
31 38 193044 194862
78 32 231889 232426
46 83 94341 95068
67 19 336267 343082
21 21 318960 319565
33 79 387380 395133
8 16 718000 718147
90 54 253389 255261
14 64 694461 695412
21 26 118671 121956
16 22 9953 17473
55 71 214390 223585
65 49 554883 556461
88 66 450645 452916
47 75 595700 601363
0 27 995735 996403
32 12 334862 340658
74 39 239884 243592
64 4 930130 933568
82 28 461863 466879
54 48 588908 596198
76 45 927955 935357
2 36 57230 57972
68 41 695933 696567
72 42 208525 217311
68 48 439527 446239
92 35 484819 494001
97 90 427639 430074
74 24 177033 180235
99 49 384053 391180
27 22 356007 358904
75 4 261558 268387
55 99 255262 255877
88 62 17230 20597
66 71 636555 644238
90 83 483353 487390
57 47 120744 123434
36 80 50848 60054
6 34 185900 189586
45 73 108303 111929
90 42 292462 298832
78 78 575549 579229
95 42 125889 126598
33 29 476569 483496
96 8 545379 546786
97 11 347184 353928
81 11 139906 146165
20 42 845680 850402
2 72 420023 424702
32 18 61 5309
69 41 904443 910325
100 79 137155 146075
45 23 260104 267286
77 87 886254 892684
53 49 177992 184100
96 84 553087 561166
79 97 770613 775968
26 97 401377 409272
86 87 297210 303180
8 30 389157 394609
10 94 94765 95746
78 42 339311 341740
43 79 321244 326131
98 8 851975 852841
50 13 799045 801334
48 98 376311 386257
58 84 877416 881040
88 59 29012 36851
71 87 596949 600165
78 67 660698 670396
94 10 125789 133472
2 32 654498 661773
76 15 6097 15012
63 20 464145 468167
84 35 148692 151719
50 74 424482 434019
49 13 464231 468815
96 12 529340 538128
96 98 341839 342932
2 28 934924 935022
3 65 945419 946149
90 19 415596 416177
82 87 384247 384582
26 69 204445 207178
4 79 688711 694229
6 73 443739 448946
69 15 780699 781131
8 78 445571 446249
41 43 32110 35707
10 53 5337 8543
69 10 346984 351397
3 55 505262 510759
26 56 257526 267329
37 14 780550 783644
3 35 439801 443058
16 54 986545 993892
35 87 290259 298630
85 9 206185 210075
7 7 335693 335883
88 99 501316 505401
18 64 527774 531260
60 25 434512 439009
12 43 383172 383288
20 70 67778 77002
12 61 455293 464860
7 84 897827 905834
65 15 32429 36668
74 6 791570 794413
14 4 912330 918063
39 91 640902 650245
40 62 21794 30343
75 18 495861 496467
98 16 476008 476448
66 91 363294 365122
36 64 686408 690431
46 49 926176 930242
53 100 514669 518654
91 98 769062 772745
95 8 76260 77184
71 59 343922 350100
92 40 312067 315044
78 29 357658 359801
64 49 567950 577666
95 9 236096 236464
6 53 645466 653728
12 41 261424 265876
70 17 101061 108073
5 15 330393 331791
38 73 173482 176366
64 98 764756 765065
15 64 487054 493815
96 82 936538 942689
60 65 203154 204838
43 47 274659 284479
16 56 913982 923150
24 35 264704 273035
0 81 122283 132093
4 8 855851 861166
83 20 172259 181736
84 53 9879 14977
86 53 509860 513724
73 88 935273 936751
58 71 928135 932482
35 29 425244 430682
46 52 312101 316686
63 4 125715 129325
63 47 682706 687576
42 62 463268 469435
99 39 691823 696165
31 22 267883 270120
7 43 675227 676323
70 30 301265 307412
98 95 689104 689473
4 64 471608 473257
40 69 862413 863261
64 71 7383 14464
39 64 959383 966416
96 14 463435 473405
84 28 465127 468950
61 66 210374 213591
7 47 254282 254985
101 96 925606 928437
25 14 427932 435037
70 62 641241 648783
9 41 746705 751138
25 47 824814 829357
26 33 42916 52703
84 16 94628 103975
53 48 648421 657368
26 39 90962 98474
47 78 742522 747444
0 42 317977 318325
93 25 778915 787491
55 26 57085 58448
38 58 323500 325698
59 63 681085 690033
57 65 593640 600373
24 98 906021 912159
76 44 142731 150722
19 72 113714 118032
70 40 229962 235393
6 20 397347 403450
3 64 519987 523571
7 72 341032 348700
10 63 126542 127367
2 19 538068 544940
6 33 873018 879882
34 8 60365 67512
18 20 882292 888885
97 83 857223 867053
101 63 480304 485250
1 86 479265 479909
91 15 980781 982682
52 2 77461 77601
30 11 82650 87718
6 76 439949 443808
78 50 934822 944642
63 16 462589 472234
64 85 514669 523279
89 30 717273 724302
6 78 402386 402558
15 63 589455 591413
7 2 464357 472032
97 101 935401 943795
11 62 359714 363612
71 40 543085 553078
13 8 339275 343799
30 29 140455 148935
96 92 316119 320208
78 8 126297 129513
100 51 731384 733836
31 96 534052 537599
87 42 881170 891075
9 49 121163 125791
55 73 89579 94270
81 100 582571 585990
68 42 593471 593520
88 94 824409 826394
19 46 352804 355443
33 40 789306 793395
79 98 846491 853282
4 43 425802 430489
44 19 921576 931001
43 21 542974 548168
48 93 413066 420533
19 81 783550 784235
34 50 88431 97262
27 13 119894 125120
16 39 891767 897540
70 66 501384 504857
93 57 389155 397750
71 28 875848 883327
80 35 228153 231334
0 75 920282 928607
85 79 466275 469480
35 55 878974 881555
95 20 524954 528285
10 93 212520 219696
25 76 749867 751788
45 24 231878 236642
70 24 791721 793517
61 72 586285 590688
55 18 115593 118049
60 63 320730 320938
14 93 302967 307080
97 78 16352 17545
35 94 774863 780402
62 96 946275 947817
72 26 373518 380890
41 31 450488 458939
90 27 694693 695377
77 80 767006 772528
51 19 947314 948271
86 39 673073 681945
35 56 592250 593247
99 65 39649 48182
23 10 315990 318972
44 73 808434 816745
1 1 424329 433368
4 59 925839 926390
77 101 327975 329864
20 49 208341 210822
19 43 471908 473777
7 78 482279 487494
2 49 626877 635445
30 65 812068 818426
80 95 547794 552135
99 84 714093 723570
72 60 221785 223145
17 7 995949 1001614
76 6 60217 68591
16 95 41475 47439
42 23 72700 76008
63 58 629557 631138
63 86 128016 137487
14 27 221524 229766
44 74 672839 678619
83 70 757708 764131
84 93 628822 633510
59 7 268200 277669
93 24 202662 203122
4 37 379312 389270
41 58 640977 643785
53 6 71076 77771
44 35 760869 767904
49 48 752989 762681
95 6 332500 341984
20 14 651726 652454
87 6 127177 129387
24 32 234178 237038
51 83 645390 650243
62 46 838607 840750
93 13 687762 691573
84 58 399040 400452
11 54 513645 523553
28 49 352917 360505
50 23 793448 796092
57 95 345940 348077
80 56 464211 464924
4 29 214353 217391
73 85 569867 572954
9 78 291936 297964
2 24 29681 29815
96 23 778327 783456
3 97 711314 716397
48 78 266836 276624
73 31 763578 769994
54 91 184163 191893
33 66 102235 104616
101 87 344336 348382
80 71 963742 972968
57 46 413899 420618
3 43 586541 590414
87 37 481206 489773
44 33 672692 675103
86 75 434710 434910
84 70 577746 586043
48 44 370009 373147
30 96 991155 992485
4 66 410033 413464
9 36 867445 872754
52 51 905227 910092
97 84 714129 718429
22 53 105327 105410
2 94 655250 655924
71 39 496407 503049
64 72 259513 266982
87 49 37702 43422
89 51 686612 688421
20 54 966656 968280
80 23 562582 567595
16 42 624627 633602
16 58 455810 457381
24 37 371679 380574
47 97 474731 483816
73 21 509723 515310
78 101 62369 70103
72 20 104491 108889
29 39 94223 95090
72 76 192597 200310
79 42 796120 796673
12 84 743137 750998
59 91 86009 88128
55 17 727927 732458
95 101 708783 710220
22 15 740443 743272
55 44 596065 604492
101 36 329550 330433
25 55 535314 542297
86 82 68318 70075
94 36 198410 203094
55 23 469323 471313
37 62 643295 649459
77 94 543780 548500
9 25 430306 437090
54 15 351798 353974
48 33 111501 112611
76 62 400395 403737
34 73 949688 954144
90 95 573734 583290
69 36 68726 72727
22 62 859369 868821
99 27 981664 987247
19 42 42156 44182
98 0 728014 737886
10 75 106499 115983
29 10 501611 510759
40 86 555396 560629
2 0 147615 149366
45 27 982880 991856
58 56 131043 135806
54 6 430710 434918
51 82 265951 273974
17 32 472530 482245
89 66 44457 47030
16 28 999001 1006588
86 101 154194 155109
52 97 403868 404604
77 58 579673 588160
46 97 151744 161681
60 66 76610 77563
61 55 179695 180245
52 40 792356 794890
49 80 906227 913632
12 11 55210 62064
40 23 328690 337802
9 33 297694 301825
39 74 44955 49553
101 16 228056 236730
20 12 303360 305597
7 98 226208 227145
11 0 371198 379607
86 38 969977 978511
37 51 411214 414880
29 29 64632 66866
20 3 905025 906071
62 8 36609 37196
47 76 19034 26947
10 83 510588 514603
79 32 252008 259468
89 80 609794 616215
58 6 22674 30653
12 45 574708 582224
29 3 342044 348828
59 90 832902 832995
20 6 680555 686319
93 26 162359 170040
76 0 854198 862586
23 35 879279 885004
33 11 191905 194007
49 71 734333 738438
0 14 706228 707011
73 14 892672 901167
90 76 311720 311773
42 55 463563 472486
17 1 358840 364598
89 62 627151 636617
90 8 1561 7156
43 42 542122 543606
12 69 257813 264867
67 45 128803 130223
93 85 8748 9450
101 42 847973 848921
54 57 470736 477466
10 10 701569 701797
58 60 749549 755547
88 46 798830 806427
8 43 256723 261773
27 84 192431 195444
49 3 861752 867595
94 15 389155 397482
86 12 176944 186779
21 79 136158 141763
35 97 974129 981650
3 92 58055 59054
31 4 829140 831383
92 44 611074 617271
20 59 53012 53886
6 68 834854 842840
44 90 610871 616514
34 60 198197 204387
79 27 16127 24333
22 63 991837 996702
80 64 642284 645157
28 79 210235 216903
1 54 65175 72158
36 47 810215 814086
28 97 953099 956353
15 91 159729 163137
71 97 785528 792909
61 5 67145 68626
33 37 526599 529935
35 50 890061 897807
46 55 26151 29359
84 100 353193 360674
22 44 283061 287034
55 15 392756 396621
46 0 933817 936105
70 90 42368 45635
76 46 57598 65672
89 42 97274 100764
64 0 191553 201244
51 40 229593 235876
81 65 591580 599612
29 23 13158 19468
8 44 357143 357452
66 38 537717 543902
81 33 722149 727660
70 5 836384 841816
71 30 62929 68381
61 15 923258 923742
83 47 297045 299980
92 9 16047 23817
17 89 604689 611777
67 80 771136 773343
9 71 68890 75443
53 5 288792 289440
49 18 696392 701203
16 15 457209 459524
29 30 270289 271526
35 35 326144 332928
2 20 30111 35321
49 23 403108 412814
73 42 968273 969506
66 82 744673 746311
96 43 794830 796195
7 29 460508 460895
65 28 780888 787004
48 24 772830 776640
43 99 479853 489309
94 100 444417 453864
22 29 856871 858550
82 27 364424 369315
88 57 975635 982327
22 35 860140 868892
19 88 988469 997615
57 42 813378 819909
28 27 841465 841693
45 53 567022 567296
73 48 757406 759314
65 31 618583 621107
47 91 596229 598980
76 31 677824 685404
9 96 614715 624259
64 92 646138 655961
3 10 272187 280086
21 27 981205 990284
26 68 294259 301619
41 23 335640 339979
76 14 408684 409566
24 50 736685 740584
63 18 40498 44408
56 74 139624 143128
85 78 761590 762522
92 62 796468 801786
4 83 283927 284565
90 15 484957 493030
41 16 499554 501930
95 55 673365 674153
33 65 68517 72991
95 14 602369 603930
2 25 875966 882751
76 1 372836 376033
55 84 740688 741876
14 71 398963 403193
59 44 973454 982744
42 45 367070 375379
6 72 308476 317247
71 79 505416 513446
79 6 903005 905488
76 35 402508 412392
8 88 458703 466386
93 27 553212 560629
42 76 59866 61913
86 50 563792 565887
2 34 114954 117286
21 18 492883 498064
19 63 464413 466731
91 1 480869 485255
23 60 862095 866259
38 67 62341 71073
68 98 912442 916572
5 67 31870 32526
53 52 961184 970546
92 99 501760 509461
48 35 965859 967283
97 44 551426 559151
70 28 552918 555411
35 76 853325 862740
82 70 626555 627529
32 64 177918 186119
75 80 435529 440733
18 66 781282 786877
19 77 18466 25342
84 80 795395 795849
23 95 225223 227806
101 41 521624 529574
86 66 681208 684230
2 2 813151 816974
11 58 966351 974814
60 10 479989 484673
33 77 127427 129015
81 32 499152 505667
37 33 416817 422996
44 98 495305 503135
35 21 338223 340951
46 34 154233 158867
84 4 926940 930215
87 12 171017 171632
68 46 5692 15271
50 91 751107 752003
28 32 771418 780776
24 93 407707 414539
40 98 95413 98811
86 92 270276 278362
59 5 220593 224470
49 25 188013 195720
30 55 245575 246171
97 87 279894 288279
67 40 493076 494560
33 9 179586 186152
28 18 245477 248707
45 101 633447 636978
19 84 136081 140763
33 25 166807 171073
92 30 926169 932512
8 33 643108 647510
11 21 231814 240007
89 16 487168 487625
39 14 670209 676471
99 2 454708 464571
84 73 417249 420208
101 6 492425 495307
64 30 614662 622696
0 95 117349 118611
23 34 495332 498544
55 54 871719 878176
6 37 591936 601195
16 19 859126 866984
10 54 383499 393405
29 37 124658 133894
33 49 190789 195112
26 42 704903 708456
3 67 599651 600607
100 83 314564 319850
5 65 176874 179900
81 84 382544 385275
33 35 631959 635522
48 73 32763 38040
90 101 112198 116082
53 1 74449 75270
65 4 12031 13048
83 73 861871 867554
22 69 405023 413662
65 37 241747 244698
4 50 213644 217701
79 33 45440 48620
30 46 13856 21095
80 5 504228 504379
1 25 908678 915961
75 15 947498 955872
84 96 23381 23432
86 16 481388 485776
28 22 629082 632747
85 3 388132 389385
72 22 965001 971786
100 33 27267 36429
52 27 703345 707821
5 16 751594 760035
0 18 702609 710752
94 6 935633 941514
86 58 350550 353160
78 33 935891 939363
3 45 677123 681632
52 38 900186 907495
72 5 585805 593082
30 90 693581 699599
99 25 870596 874495
73 65 760756 762296
72 53 484436 492927
54 11 778405 779375
4 32 660515 667600
7 64 897865 900843
53 40 134009 141649
68 33 861085 865881
96 36 399312 403794
40 25 956904 961483
81 89 555389 561142
3 3 192329 200703
94 32 489367 496892
53 62 178276 185703
60 75 565244 572436
78 28 141249 148933
101 23 934544 939796
17 77 607767 608971
98 23 762990 768401
15 88 253341 254865
61 2 557000 560990
59 47 208869 215722
70 3 736751 743674
42 4 317305 323908
97 14 20520 29616
45 37 267545 271054
49 50 609333 612396
71 83 54532 64501
98 79 906643 915901
26 41 744515 753581
35 51 342439 347400
61 13 309152 318447
72 92 763864 767951
91 96 390128 396985
47 67 538420 547679
85 29 290452 296897
41 19 617870 623197
51 5 597422 599084
92 95 621370 627247
13 47 812561 814272
58 64 657145 666572
51 26 700700 709331
47 17 599354 605198
1 27 733702 738848
17 18 681833 687868
52 96 120189 120351
87 41 675341 680928
49 15 373045 381508
44 96 659236 669045
90 50 327364 329262
9 21 136645 141235
83 100 195771 205166
98 53 319070 327385
68 50 135064 136216
73 96 362967 368075
76 60 268493 268593
4 26 224068 231197
95 64 495359 499849
1 17 889975 896039
70 72 548083 555995
95 19 704898 708513
35 49 713531 716372
78 35 203604 209588
2 65 456126 465805
47 23 135276 136098
14 55 935185 942439
89 17 65152 65931
7 26 724764 728414
86 22 109189 114315
23 8 377853 378112
86 9 627601 633210
74 64 4105 11493
5 98 466728 476673
27 39 179390 179739
93 17 448369 450502
46 19 955313 961714
49 70 812806 820026
66 66 198485 201289
83 62 702957 711813
36 96 834620 841931
52 43 317769 326407
16 90 390217 395548
27 43 275080 284539
63 13 359903 362369
75 90 897968 902819
89 14 122458 130844
82 45 392806 401295
80 96 173694 175427
48 26 202705 211645
70 6 66879 67305
65 96 843954 846559
91 25 799438 805002
31 62 116172 123763
2 79 232239 242058
22 30 367091 375142
93 14 334664 342918
92 51 887992 888893
12 38 497872 502390
72 2 320746 328716
26 62 990886 992348
96 19 943298 949395
41 96 856772 861501
8 27 191723 200864
72 96 783415 789230
69 49 575947 576778
66 54 198978 203818
47 18 395844 399941
55 65 83558 87518
39 12 237230 239826
27 15 742015 750910
23 17 634483 635395
89 29 258303 261325
16 20 761873 764338
53 71 345172 349613
56 99 974222 975683
97 93 788838 794267
73 66 514828 517284
49 57 607576 613802
61 99 408425 417092
94 71 873079 873328
47 100 358796 360779
41 83 153596 159559
37 9 500030 509948
74 15 99262 100275
5 28 943103 952304
87 86 944692 953262
83 6 475246 484344
16 60 543206 551601
72 4 990862 998051
62 39 966363 968160
62 81 541166 544676
22 22 711343 716171
24 68 852243 853794
93 67 578497 579828
22 100 753131 754001
68 76 718972 728374
93 77 686943 687102
78 97 701267 705136
64 16 754483 759686
78 16 628168 633426
55 77 723887 731865
11 64 44699 47764
27 47 504830 505255
100 7 446024 449577
45 22 30184 38864
35 36 766424 773774
64 56 45783 49322
85 18 937388 946347
14 31 375019 378980
47 52 3639 12084
38 51 664659 668679
70 10 854759 857223
21 6 130477 131425
58 101 449445 456797
71 29 325762 334400
57 78 686237 691845
85 80 158402 163805
12 13 538601 543861
99 43 168745 171895
74 47 979403 989046
14 25 799377 799379
84 75 640383 643227
74 43 625068 631738
76 20 871275 877945
58 91 355468 362473
33 62 775375 782511
45 0 594425 601302
20 69 934016 938200
15 78 861774 870930
41 3 13427 19776
46 37 111314 117598
50 46 297962 301849
35 63 65139 70348
3 36 897481 902992
46 31 428047 437591
16 62 206159 213087
63 55 931939 935991
25 56 146994 148396
77 86 935120 939859
9 7 962582 965663
22 81 665412 669790
18 35 975218 982550
5 75 650794 659921
70 97 14540 15116
6 3 861874 870001
15 4 572674 575859
69 44 237875 242902
75 33 848924 854926
100 36 475395 477210
42 34 708654 713176
37 101 641930 644503
20 36 307735 313072
95 0 642993 652217
34 75 493924 502601
78 63 471564 472994
82 58 209571 213267
63 32 260661 261376
33 23 835882 844355
95 96 883020 889877
89 53 812498 815924
57 5 29903 30457
46 45 931658 931738
53 33 764280 769756
72 41 780094 788484
18 39 383680 392225
25 5 426547 426793
52 95 132087 133101
50 59 290519 292067
65 47 581225 585959
12 1 962018 968070
41 91 165442 166085
27 25 321250 324954
76 36 668019 673766
96 74 916004 924561
56 86 617309 623234
89 100 299578 307497
17 76 488423 491952
45 39 409416 418247
15 31 575231 582273
26 57 808412 816302
13 63 305709 315399
42 85 794973 803207
67 7 496955 501909
53 75 675940 684382
15 73 311431 314347
86 78 476810 480359
94 40 173745 181372
28 71 555373 565231
22 11 297751 300346
84 38 26055 32972
77 60 122043 129226
83 2 915012 922662
101 26 898024 901743
72 46 201371 204262
40 77 174710 177538
12 97 185835 193322
49 16 507694 511412
19 52 808615 810795
52 22 480923 488843
84 5 772938 776561
62 77 696816 701586
9 8 885831 886455
98 29 677405 679117
39 58 825984 828562
18 47 990708 996933
55 59 944043 951853
56 81 223912 225514
11 93 456018 459900
22 85 591717 601666
40 47 537173 537716
72 25 261209 269408
55 60 245829 246155
59 10 434595 437013
12 48 939333 943233
20 17 423439 428676
44 97 479084 484912
6 47 274023 281636
25 48 431283 438937
41 101 380859 387310
26 47 313961 318482
58 99 521715 529111
12 77 453199 460224
1 95 14540 15492
6 99 487839 490097
4 47 198686 203151
14 81 235472 239176
2 87 878061 887544
61 80 123403 128001
48 67 836684 845062
83 51 852782 860862
3 17 959058 964644
56 15 152909 153348
16 70 164499 174262
93 54 291936 292116
51 28 291283 292067
67 35 338650 346315
23 77 174906 175395
30 92 2063 3688
78 12 700693 708142
52 54 547095 553234
74 84 916929 922941
83 10 158986 164028
91 89 738096 743242
19 11 121325 130657
45 96 356494 356971
16 83 936306 941534
87 4 911841 916668
55 28 681414 684790
61 85 192720 201633
100 59 309498 316047
41 92 475371 482727
78 24 887745 893772
21 32 133159 134497
59 64 963067 963296
19 22 268855 271599
33 1 981205 982140
43 49 403220 405302
37 2 993871 1000565
33 97 199681 209221
99 34 264005 273485
60 15 185773 195408
65 48 217474 222290
78 55 532200 535983
51 46 140673 148667
88 21 162516 164777
77 84 209212 211469
25 81 290636 300084
22 88 354487 361055
61 10 485634 491780
95 50 126007 132545
32 66 530645 539953
36 6 416998 422218
12 88 945453 955377
61 51 465834 469280
84 47 694170 701749
56 50 158304 158885
6 5 80623 85538
18 14 956456 960691
66 24 919301 927044
91 43 366035 374175
87 21 497171 498061
70 48 275825 283077
14 56 266060 270607
76 75 875646 883591
81 27 102398 104542
33 69 94481 100859
78 76 534719 535974
10 21 731918 736688
94 88 416903 422382
92 4 59120 61765
65 69 50600 57712
27 54 176709 182280
53 89 299967 309117
93 98 545943 546097
101 56 876378 879327
68 65 362464 367377
63 62 636893 639498
55 8 990926 991442
29 99 280520 287373
21 70 942139 951475
67 84 898788 899639
36 0 191841 196980
45 74 279270 284934
69 18 754252 760530
12 101 984262 985206
29 93 99102 106718
19 38 965539 971967
32 99 596878 602929
40 3 557146 566898
64 44 98954 100461
51 8 552316 553853
10 70 963963 970497
4 76 651425 659010
40 66 98269 101514
32 14 393864 398311
7 99 923676 928409
78 57 411767 413447
63 44 144224 148701
4 91 450338 451109
31 78 859031 862775
83 21 193293 199419
100 44 172042 180045
10 85 163875 171831
4 5 780072 782791
46 9 167457 172949
72 62 448616 456102
25 52 549041 549697
55 3 418061 426380
64 32 182997 183153
11 85 53244 56648
22 79 181561 185264
44 8 322375 330117
96 18 737963 747808
10 66 185124 191991
18 18 589135 594431
19 24 64821 66787
29 5 24469 26352
36 29 526057 527943
65 18 113699 119334
73 49 274767 283019
98 62 403068 405096
80 86 120951 125590
24 11 743945 745341
60 14 297380 300263
17 54 590767 591127
92 25 181236 187652
65 67 860163 863588
87 32 197848 201104
15 95 843786 844672
12 91 822590 830574
43 6 309561 310413
49 88 471168 480736
51 97 432897 438268
93 55 231519 239770
23 33 631100 632303
38 55 716622 724129
24 48 855870 865714
74 88 675592 683346
21 53 508536 517393
28 13 228639 229225
6 6 229839 234263
19 62 988962 989278
69 6 463088 472343
99 83 844514 849660
14 90 815170 816690
77 65 167065 176254
8 71 927660 936676
37 69 211073 213471
85 28 655517 665327
97 82 649345 649643
80 58 912275 918258
87 51 178926 185714
14 80 948463 948824
13 24 961620 964073
35 13 514969 519643
20 72 202179 204334
56 36 769837 772741
86 29 478952 486915
3 41 897209 900406
38 46 927523 932522
96 9 686226 695999
17 21 528523 532610
0 90 367765 368047
25 82 363675 371207
55 64 124054 129669
61 83 197803 201487
92 26 259248 263100
18 38 280082 280902
24 65 42691 44620
38 86 127967 135909
69 64 604554 606655
76 24 621167 622757
81 82 120029 123304
80 32 171178 180543
38 74 94713 95496
97 0 593053 600843
48 8 326612 332577
14 48 726067 731940
96 80 139161 147186
8 47 888870 896877
93 76 138318 139427
27 60 468360 473444
74 40 624189 626128
77 13 583542 589023
38 71 156081 165544
52 34 497391 502470
68 52 173621 183326
101 28 613711 618781
52 66 723449 730857
56 45 358691 365693
73 18 327628 331195
18 96 746776 748764
39 19 198544 204510
97 4 666978 669131
46 35 105380 107626
79 48 570912 580174
53 16 298806 300453
66 85 106024 114336
43 82 157057 161242
13 22 727019 733850
97 37 690027 692885
37 10 706383 709256
101 3 859690 860448
3 37 257423 259481
8 58 260680 262679
12 58 133447 135744
70 81 275206 280847
26 0 580226 589297
96 81 771919 772966
13 56 486599 490782
67 36 995148 1001147
66 70 72903 79166
21 30 665588 670732
36 26 298723 308283
90 82 958413 967690
32 56 394470 398641
15 51 205798 208691
93 18 299538 303626
32 15 580342 582332
61 64 683137 683268
29 0 964712 972813
77 43 702562 704789
52 84 257679 257927
9 77 53762 59145
27 61 847930 850908
51 0 788584 796223
56 70 677582 678431
30 30 874655 877948
33 86 204937 208633
63 90 334083 342992
40 101 185041 186955
97 79 743263 748601
41 20 896694 900521
97 25 296595 306094
53 97 303081 306937
39 83 399406 403610
52 87 697893 701895
53 72 473263 479621
71 32 563816 573213
10 52 403101 408841
22 33 704749 705511
68 70 66432 75921
65 62 466599 473224
68 100 800228 808920
53 95 309311 310880
61 28 646411 653613
52 100 478219 481969
56 20 729195 739166
90 23 231640 239125
13 48 246706 247122
8 8 488806 496187
62 31 88666 93719
76 97 488897 494248
95 62 269083 275933
32 41 950220 958416
55 47 22022 24938
45 10 123841 126639
20 38 212688 222208
78 30 292172 295355
29 58 645697 653340
48 61 491063 497092
9 29 537031 540982
95 84 313293 317149
97 70 550694 557851
31 60 461739 470366
10 40 430706 436901
83 8 212485 217844
17 68 537485 542899
81 57 912131 916254
87 24 21652 21826
38 65 917560 926933
20 60 792712 799659
85 43 861146 862426
56 37 892687 893815
51 29 565078 571182
69 69 466436 467170
40 48 996704 998989
36 36 367632 377339
32 68 307775 314890
62 44 47582 51289
85 35 677426 684183
10 28 675731 677399
37 26 728408 738270
34 5 829978 830330
41 21 971874 981169
57 100 794527 803486
90 44 880773 883173
85 92 249417 252735
73 20 667311 674754
8 45 700394 701867
97 67 347463 348748
89 24 592099 599771
80 19 269239 273449
17 20 422733 432524
91 72 385786 386650
92 37 137675 138668
92 88 701278 710921
30 89 274721 282652
32 65 745578 755212
11 61 925904 931976
49 62 649464 652170
43 85 484462 490309
46 25 557539 565694
25 79 186482 193266
42 33 844160 845244
6 25 843 1710
72 100 583841 588424
65 23 842271 843298
75 30 620559 624233
36 14 814888 823363
27 96 963330 965517
41 38 836928 844607
29 17 750680 755210
1 100 287590 296550
101 2 432404 438328
45 4 120041 122915
72 56 956301 956962
82 74 662437 665950
17 79 845866 846709
4 3 99514 105779
31 58 80297 83567
20 31 535003 542722
40 8 818960 820126
6 61 3875 10926
25 91 284532 294250
7 36 608320 609693
92 93 538403 540599
34 64 546801 550406
70 0 445435 449078
23 42 906360 912878
91 8 498183 507010
61 50 255546 257075
68 24 549679 555991
8 85 444020 447641
25 86 39265 49119
31 56 767912 775829
11 17 802292 804224
25 78 882259 885609
76 17 124026 125633
75 42 368014 371166
41 28 276730 279109
34 24 140319 142703
95 36 174534 177314
95 25 546259 547640
47 54 492160 501446
28 55 89707 94457
18 40 784306 789984
90 41 716756 717778
46 85 859713 866718
37 84 741573 749999
39 16 541156 548711
49 6 43748 53413
15 89 327928 332169
80 9 32424 34782
66 11 542972 545018
2 48 672688 682253
64 3 693284 696871
96 49 969019 976960
35 44 889135 892991
51 79 333008 340744
55 79 41632 46034
96 42 921766 923098
27 53 186420 189952
31 85 290346 297414
80 46 657854 661061
96 90 129236 134895
94 85 615368 623218
80 93 287114 288078
0 85 714389 722434
69 98 731205 733532
0 5 883119 886796
24 87 353824 359341
73 39 136972 141360
90 94 20065 23587
66 6 956173 962504
98 19 129415 139320
20 71 683826 687331
12 0 329504 332407
59 74 688506 697060
89 13 740868 750391
3 51 331482 340847
47 9 665171 668545
34 2 958986 961736
72 52 740099 744209
7 19 942087 950226
60 52 546364 546634
91 0 448371 448980
16 57 544291 544548
75 46 175491 180523
52 8 904203 912925
46 29 148450 155965
92 41 457195 459302
35 61 933217 941209
72 91 477477 487368
65 44 259651 267280
17 63 338763 345207
51 39 616979 622514
92 52 621839 622220
93 95 700574 706089
85 12 639102 641607
93 38 220632 226092
97 76 506320 514992
49 65 453795 457355
64 63 566293 575024
53 11 620322 620327
86 46 103237 104901
37 96 790568 799840
50 71 536503 537653
52 68 678744 685155
39 29 698579 704651
69 39 474634 480249
92 46 854211 856384
25 93 772510 781673
97 49 858253 866518
77 38 989121 990861
85 47 288798 291618
71 51 241762 244716
4 92 88732 89384
70 82 970253 974158
11 88 886667 891666
68 79 961117 968273
31 39 365056 365289
80 14 934064 940407
1 70 222674 223297
99 74 619022 623880
35 33 638408 645452
44 81 200722 209357
94 19 535361 540930
45 93 669556 678049
52 78 466074 467113
43 7 34081 37970
19 92 356992 365856
58 74 475427 482737
25 18 711909 718141
10 74 344015 346115
53 92 706220 716007
8 5 155883 159746
42 31 858607 862949
40 53 571818 571847
64 66 783283 791205
20 27 903009 911556
55 40 893210 903192
59 40 919689 920845
60 21 118172 122430
100 17 221426 227845
79 65 439529 447909
64 47 32981 36805
63 6 398975 403485
15 50 124982 128875
64 22 336148 342946
96 35 865154 868043
51 16 87890 93955
