16 1233
47 48 835162 839881
33 79 813828 819287
96 12 384649 391529
0 92 133830 142308
46 44 151164 157379
92 98 429640 433661
37 71 324270 329368
41 88 758727 759580
10 98 632442 638193
25 4 611818 615757
3 5 835956 836643
48 101 652586 655883
25 31 774442 776476
74 28 842191 842647
68 80 872571 874180
41 85 308360 314321
0 30 999715 1004962
99 79 124986 129767
29 37 605906 607807
8 51 416461 424287
55 62 736965 739237
100 76 521627 530774
13 20 56716 64637
30 90 996244 1001313
54 21 32762 41289
84 34 350331 355054
90 42 640632 644659
71 29 591374 600427
92 39 131890 138338
8 16 558274 558763
44 7 163094 166168
6 62 99374 104155
96 94 821018 826435
92 95 256205 259563
37 72 754809 757732
10 77 410771 413638
32 94 441421 445086
89 6 262820 271481
20 40 282498 289471
96 34 824470 827227
64 19 321298 329205
88 58 867124 867784
41 61 124078 131865
44 35 105419 113351
26 11 751456 759805
32 31 323946 328724
80 1 910497 917979
44 69 823570 832282
78 28 912742 914364
86 85 155319 156862
37 96 174176 176417
55 44 530297 534686
2 27 189886 190560
59 42 119986 122151
13 75 244092 252843
60 12 366332 367891
9 43 555481 559050
21 37 933731 936507
61 30 524907 525618
72 61 264194 270995
40 84 224109 230588
7 38 741604 742411
24 79 93120 93780
93 30 417959 419786
6 46 297619 299477
58 99 573979 583483
73 89 800373 806294
52 58 525022 532193
44 59 750465 754179
0 61 595559 600360
36 36 516829 518887
83 39 975940 984009
3 2 722084 727609
81 81 649595 659015
60 44 800041 804898
32 78 702519 709902
16 70 897524 906414
6 41 274120 274625
85 98 805082 814055
31 54 463450 466968
35 34 996315 1001346
62 11 475818 476276
58 59 58534 64609
82 40 43670 52096
80 92 304625 313405
65 23 820636 827904
33 39 657462 664767
40 94 391791 393264
86 77 39564 39830
52 49 951301 960335
90 40 334663 340618
100 89 967819 974739
37 98 618029 623724
61 101 480673 483852
66 37 688527 691139
24 16 148840 151789
84 64 889872 893896
34 92 665542 670045
14 57 695902 698877
61 16 113403 114954
18 20 240496 241338
76 63 460223 464947
28 89 529876 539825
76 93 26486 30608
63 95 497526 501051
8 74 486658 487519
3 9 607101 607783
1 72 869732 877276
3 43 21254 22763
99 41 959394 967120
75 96 440692 448158
26 35 435559 441171
69 52 592373 600660
53 92 906334 916066
101 57 858207 866855
30 77 978205 987649
52 13 524277 530159
19 39 137730 138803
19 78 168609 175517
91 100 859523 861226
48 83 956748 957161
35 80 136931 145376
54 100 466553 474466
23 92 715863 719054
55 72 873441 879420
55 14 477073 478104
80 98 188510 189795
96 76 704229 708244
40 29 73876 76774
92 81 405959 414494
80 90 659507 666802
101 83 571221 581143
96 63 600485 606908
45 0 282598 287377
78 59 290515 299993
3 82 41919 42164
35 13 213574 215802
76 36 794229 798849
41 58 257419 258572
5 41 811556 814858
5 0 23021 30356
43 86 359925 368620
63 65 769627 775147
11 15 47292 49518
77 59 760220 762054
86 70 408159 411541
14 93 755835 760690
5 88 603191 609696
95 100 39449 41452
21 19 690148 693584
19 2 549616 551900
73 83 319805 321759
3 73 659097 668785
35 29 293608 300027
10 83 686338 692381
52 24 976415 977064
52 43 193424 196837
4 80 352566 357279
73 18 965717 972256
41 68 11549 21030
60 0 504611 511508
75 67 934238 940918
39 10 854902 856817
46 17 444948 450874
73 6 689442 696273
32 83 434245 441753
31 61 894902 898908
89 42 637444 641401
89 88 455149 462607
35 24 545351 551729
98 84 306109 315610
17 101 560696 568176
94 78 65832 73240
51 100 665247 668501
43 78 348497 357444
58 84 535329 541310
100 91 520743 525585
33 20 835436 843505
12 76 546141 549135
5 25 552483 558828
94 46 666421 676283
7 94 43202 46196
39 55 352196 361337
37 41 88825 92575
37 75 537965 543289
15 91 93605 100870
33 98 797106 806332
54 11 226588 230064
88 62 684007 689353
101 42 986804 994583
88 84 58452 62115
23 6 815770 820291
96 30 210819 212955
49 45 576331 580663
81 29 781183 782938
4 55 987671 992471
8 78 937125 944909
76 49 502016 509434
16 3 574876 575210
37 12 799775 802378
41 95 292693 292996
86 67 350631 355778
59 1 657566 666537
23 78 661960 662678
94 100 559356 567697
85 75 129522 137898
98 61 331411 340305
57 78 230603 232229
10 7 273358 281488
19 42 857045 859174
95 65 563687 568405
87 87 998 6766
73 74 507245 511049
19 84 917257 918700
40 65 300299 305093
59 95 998884 1002943
24 76 283527 291214
6 73 100998 110841
62 66 802880 808684
100 73 966723 973326
101 56 385427 391222
65 87 228130 237104
68 8 634010 642184
27 42 298694 308290
68 97 709523 718538
60 33 765786 767182
13 14 197288 200787
78 88 476619 484987
18 21 60830 63651
69 51 12521 18822
54 25 611520 613998
68 9 291661 295945
9 1 58401 67104
3 87 43283 46601
45 94 318731 328066
81 61 178674 186590
86 41 686701 687725
64 40 221973 231388
4 8 658929 660941
71 28 927331 927385
12 33 741922 744495
23 73 122855 128617
47 88 298437 299885
40 56 841934 845032
38 82 755449 761616
85 66 435705 438899
81 89 482323 490075
37 67 25065 31101
93 49 117651 123274
20 15 157197 159394
57 8 656426 660886
45 32 270002 278876
35 15 956947 957259
49 51 121745 129756
84 62 646038 653101
92 14 835745 835903
36 47 430745 438610
63 20 261607 269808
32 62 322470 322492
75 22 737832 746921
12 45 987662 997437
55 48 122662 131220
57 61 573193 578364
60 98 391835 391862
36 21 614431 623167
78 15 296465 304326
88 40 613508 619097
61 81 781977 785408
101 25 921928 923413
17 48 957581 962213
98 31 128952 131945
80 44 910162 912811
55 37 374126 383207
35 67 936134 942074
48 91 463403 466525
90 18 866088 866720
86 37 154479 164433
80 60 378158 378708
40 77 730021 730855
48 95 433409 438692
65 33 344322 354097
68 75 786191 787493
94 52 882620 886282
40 24 95457 103304
79 54 914966 922654
47 41 137029 139846
39 67 98692 106341
36 30 959656 968526
24 90 103110 104689
94 4 977037 982976
43 71 813355 817181
9 16 647727 654274
68 10 440018 443060
65 20 500603 507959
96 8 491938 498740
57 58 430415 432152
82 92 644938 646274
10 90 764196 772167
47 31 68672 72462
83 67 548433 552230
15 95 470059 472587
12 59 845070 848180
4 86 159901 161723
15 8 237104 245232
36 18 289901 297273
89 37 58690 68665
19 99 651700 661648
12 64 856590 858641
8 42 616952 625324
74 91 778378 780510
100 6 19769 27598
25 6 972193 978699
49 1 507828 511617
33 58 844963 854016
16 9 571781 578440
64 36 820408 823375
21 73 584549 593732
15 85 880557 888289
34 20 804837 804936
97 50 677874 681045
2 51 32454 33703
44 55 879279 882102
19 21 847037 854428
88 56 649145 654504
101 9 594443 596347
9 29 340299 343744
85 35 871174 873400
73 37 875665 882387
41 78 303181 305494
36 83 433001 434126
7 75 163918 169746
101 28 521985 522516
95 36 591301 599959
55 13 628279 637069
72 52 215715 224446
86 68 157927 165003
46 13 790331 796006
57 97 455575 464156
32 13 879784 881788
82 56 295769 304504
19 11 998737 1005355
7 52 682424 692297
53 86 488203 493589
16 44 803463 810676
17 20 848331 852227
73 53 231595 240762
31 13 766602 775225
3 99 920495 929595
51 69 632787 634466
56 20 744429 751337
50 47 840273 846241
22 58 165474 174066
90 39 204628 207338
94 29 659649 669415
11 57 52544 60723
50 39 348937 353265
69 28 119789 129641
73 41 150653 159990
87 1 442552 449523
98 33 103986 112064
51 18 865999 869953
20 80 202814 211356
15 39 303894 307873
0 38 386316 386322
65 100 69476 72259
101 71 2977 3053
7 18 228506 231730
81 52 417915 421534
32 23 196869 205055
65 19 135462 141813
70 100 859305 862510
37 1 581435 589889
66 81 72871 73941
43 20 960471 968285
15 44 982122 988140
91 27 794931 795259
27 78 192543 199196
81 96 909115 915852
16 43 723845 727864
81 25 69118 77333
24 101 168897 173772
94 59 306490 312361
41 96 563312 570902
86 45 507860 516508
22 101 106382 112950
63 39 11276 14771
27 37 183537 191507
83 52 475479 480604
35 12 113069 120731
69 50 186736 190465
30 78 414110 417256
37 94 520606 523858
12 17 722787 732407
69 53 322217 326283
21 77 832731 838538
4 2 10273 10718
19 14 572842 577525
46 71 162061 164023
34 23 161641 170885
8 59 823059 823331
45 81 455944 460546
1 46 409446 409553
47 15 646469 652629
56 75 237727 245730
91 81 246576 250077
31 41 190713 197257
13 4 347715 353780
61 68 920987 925154
2 46 761476 762270
81 43 953372 959076
33 12 575555 578850
91 89 165769 166287
65 61 854185 862079
12 7 925961 927027
89 59 539838 546615
86 25 884580 893017
45 15 382639 385018
6 87 94251 97374
49 75 502587 505475
25 66 295741 305391
38 26 955353 955989
52 101 781557 787565
72 53 213649 220413
33 49 895041 895970
71 32 981633 989154
51 0 780310 780711
58 96 825300 827014
46 95 677196 677562
22 18 354592 357833
65 81 829889 832690
82 67 69842 74588
26 34 85112 90603
14 50 100702 106577
34 48 681669 689738
40 48 504560 508892
19 75 68754 74584
26 54 620597 621868
12 93 766404 776024
79 82 736295 737623
35 90 11261 17771
44 37 682476 686676
1 30 715841 716516
101 43 881434 890341
61 8 660749 669400
48 41 554223 561643
81 91 218732 224197
62 23 553902 562505
96 88 105163 111686
70 30 175890 179381
14 10 83768 89775
38 30 643435 644414
26 31 908994 915208
73 96 871108 880985
67 7 723107 732892
63 13 765310 765469
29 72 3375 10177
92 26 856873 866733
8 81 311993 318858
89 4 339003 340886
47 43 921837 929558
33 26 346155 355444
76 19 590788 593030
13 30 284898 291030
52 11 837311 839193
12 61 477772 478041
41 19 750302 751824
50 86 493226 495029
48 88 221163 225012
79 8 43841 50156
54 61 682921 683168
70 79 893892 898043
36 39 798504 807859
82 39 278385 284249
27 66 171171 180921
100 64 243261 248575
27 49 935179 935771
30 47 684361 686960
5 76 272558 278214
34 45 951012 953085
52 90 653830 659981
38 78 661533 662905
54 12 90279 95479
72 65 228217 229569
94 94 995105 998557
55 5 132883 137928
27 97 909447 911070
70 78 439622 445010
2 61 338546 343726
69 69 394685 404201
53 36 381494 382389
6 100 418009 425963
71 74 877555 880871
22 15 912970 921924
32 56 36588 44017
76 23 454543 461658
9 13 772142 779453
100 41 767168 769291
82 71 987096 988047
23 39 393663 397462
75 73 43054 52337
14 78 685912 687715
39 88 294127 300953
68 98 187944 197073
6 97 903677 906379
54 44 216186 220183
80 27 90895 100534
6 88 45874 53906
24 20 595445 598957
15 40 60684 69627
83 30 480094 489469
4 21 200631 202638
35 32 421225 423286
18 81 895291 900676
16 83 49872 53838
97 46 457976 460510
80 5 511748 521098
88 79 369302 370682
9 82 366051 368333
62 17 480890 487770
86 44 986785 990522
61 20 768601 775484
12 78 28959 35764
39 27 122965 125232
85 11 147949 148551
80 19 689009 694402
65 89 694467 700680
77 3 849342 856431
35 2 228805 229056
49 38 315944 321021
78 97 665142 665287
29 83 488361 489456
15 34 377260 380465
47 70 463834 466736
13 1 388342 392804
4 11 384969 394264
23 58 797897 806503
38 80 103614 106622
98 60 356550 361884
85 80 300010 302619
41 43 417895 424101
72 59 153938 160597
55 75 66858 69238
51 75 56854 65504
83 62 475746 484974
95 22 630413 633465
37 4 809933 815984
67 48 407010 408753
87 66 290718 293048
101 52 178364 184617
2 53 467084 470443
92 37 896938 905416
30 49 578363 587630
13 92 11686 20324
43 74 663199 673023
4 29 703807 704486
72 21 705890 706612
73 63 359108 359989
4 36 48274 50657
46 10 4257 6963
29 4 131980 138567
86 38 805657 814344
92 8 774454 780288
83 65 901834 906748
32 40 660911 661480
69 0 532813 535837
13 98 563923 570428
50 13 116132 121949
53 67 649734 654038
21 22 886571 895666
93 11 863188 870283
62 30 157372 157519
95 57 548912 553570
100 8 1008 5242
60 10 900498 902637
85 55 212705 213493
58 34 617674 620464
74 84 960267 962992
34 11 661302 671216
79 75 10161 19980
77 66 942769 952165
86 94 115762 116397
92 10 181121 186915
77 43 528608 535717
93 19 554441 562245
1 85 870654 879668
5 33 233413 240578
72 23 799432 808558
64 70 670037 674902
31 56 734737 740849
57 77 22709 31614
81 10 747612 751712
69 77 266649 268586
94 11 800515 800829
74 100 893686 894304
46 68 150473 159727
32 46 724743 729227
98 59 117440 121433
70 69 450608 450922
32 58 68336 74103
70 46 329376 332161
15 48 683990 689447
86 49 976202 982178
71 38 840448 847844
72 97 374970 380456
83 59 563478 563534
65 27 589248 592963
26 62 628535 630347
36 49 914246 918210
45 70 601566 609995
40 64 394934 404870
63 78 269108 269323
91 36 657621 664662
78 99 205852 207823
18 17 773083 778192
56 24 961637 962490
43 4 690679 700040
0 41 868095 871577
0 90 895781 900336
40 42 255068 259044
41 28 726919 732868
6 74 923042 928745
1 40 988338 991994
76 95 153226 160872
50 75 893531 899964
7 3 866544 873562
55 54 569972 579321
28 88 298753 301492
14 44 262329 267826
87 58 719157 722884
82 93 241525 250153
0 5 167135 173085
46 59 142959 148989
32 79 598884 607153
34 93 110297 117488
95 83 548246 558212
49 44 216339 219909
13 59 461360 468841
41 87 556752 560294
13 27 580779 590566
48 38 712345 716002
17 77 821979 825045
96 15 469151 472562
87 14 491085 493215
16 93 818767 827753
91 87 932384 936795
51 41 227240 234001
32 34 394585 394670
82 99 306508 313542
11 27 108051 112501
43 28 73374 83189
38 83 194674 199388
22 48 754303 756348
35 38 993192 995523
65 21 460857 467563
39 44 321585 326456
93 69 804964 809957
89 55 717307 717788
90 62 34664 44352
95 24 35852 45012
2 10 900279 907152
45 73 443821 447581
99 63 442845 452648
94 66 544128 552778
100 26 790268 791037
36 15 488398 497304
58 88 435620 445230
43 53 832166 836406
92 53 777025 784546
56 90 681712 687855
62 3 536152 540773
87 62 564903 572517
84 28 16017 17761
36 69 11063 14162
91 56 137575 142592
10 4 363820 368768
52 56 154463 162811
68 101 266462 269377
60 58 626410 632842
78 73 655577 658809
8 34 991676 993010
68 54 254703 258083
27 71 379972 382763
4 92 221270 229074
16 15 289737 290242
34 96 855342 861937
31 86 436130 444401
80 15 332570 336785
46 54 613284 614734
80 96 537623 539760
91 18 529527 530395
67 65 932677 935645
36 7 642282 649019
55 60 16092 25132
54 29 242810 246212
62 62 806354 816324
20 26 474476 477308
73 32 641550 646218
17 65 936875 942326
76 51 709469 718034
11 0 986173 990258
40 46 801739 802772
79 88 279998 282565
42 13 303612 304560
28 84 268114 268638
84 30 358916 367918
20 11 370840 380743
94 2 620774 621087
69 35 594153 600563
50 54 289192 295548
75 83 168225 177496
33 34 352697 355222
0 82 467385 471363
68 86 351416 355317
60 52 519628 521112
90 47 332910 333289
72 49 976302 981647
63 64 12563 19503
19 69 32602 38417
59 15 538243 538617
20 20 25256 35061
78 58 483011 484684
99 45 461522 466470
0 13 536930 544331
49 71 463815 469763
29 60 626024 633371
48 51 16185 24444
77 8 329484 335611
61 5 441179 441943
87 55 79619 80047
50 69 537320 542135
64 71 34318 42340
8 6 923126 927433
36 97 75875 79695
6 52 814101 822653
18 101 230805 238959
86 11 958307 961302
44 57 944850 953252
100 54 305139 310616
48 78 814251 815387
55 82 553515 561659
90 93 336982 341769
8 99 176315 186154
10 70 689823 696303
98 5 677588 682124
40 37 87541 90174
18 93 227365 231612
98 35 171163 173795
98 13 589979 592268
9 48 7383 15921
85 8 608206 617232
4 91 676067 678257
84 82 5966 7146
39 63 734685 742110
23 97 329981 336353
24 13 631419 640479
89 50 464595 473220
93 41 619729 624380
2 7 218610 222270
24 18 565465 570977
31 96 872101 879935
4 53 60538 66356
13 56 347105 354312
13 87 200493 202138
9 64 476967 478855
25 20 560080 564333
40 71 468260 474016
18 63 603534 604250
96 65 227094 227690
70 56 680959 688485
15 43 266994 273512
13 73 761049 770451
96 60 414040 416950
59 85 613374 616572
45 42 268316 269354
101 19 978235 980043
101 47 874698 882860
57 43 236740 243297
20 69 667588 668726
91 13 947481 947934
47 1 790937 796024
50 98 378837 386080
53 47 0 5933
23 74 842635 846054
6 11 586158 592868
66 51 554066 557966
36 34 901005 904827
82 52 526549 535378
27 90 715348 724907
12 9 132404 137399
47 28 626640 629453
31 60 809304 810469
25 33 944712 952028
72 39 754996 763601
76 20 272384 274460
12 51 792144 795871
28 30 545656 548499
51 15 600361 609623
13 31 479924 488341
82 20 47642 48746
53 22 318414 325318
48 15 858259 867543
96 1 567956 575716
6 29 713110 722097
60 31 258852 263192
60 46 55914 65788
3 78 812901 821325
100 80 389320 394392
90 4 864607 870212
80 13 895382 904699
85 44 623504 625852
49 49 142629 145158
30 65 188210 195415
97 48 13006 19740
48 33 269950 271999
54 98 790350 793566
72 77 731367 740152
31 100 468254 476396
95 4 831760 840950
95 79 324545 325163
62 48 610842 611234
0 76 61386 62752
70 40 708571 710285
22 28 603478 606204
16 21 65357 75184
77 47 906477 908297
19 79 580392 586105
10 16 621699 631678
87 24 63286 71550
8 43 392967 400628
6 66 210572 216052
60 6 60463 68919
42 64 722686 731104
98 9 832871 837316
62 75 500663 506964
66 90 190147 194500
41 13 272261 280235
3 38 704704 709855
47 27 483891 491771
7 50 511575 514186
80 4 88244 95646
1 11 738278 744574
54 88 643733 644051
95 19 101682 105395
70 61 103904 103956
64 84 322388 330958
58 44 206434 206613
4 24 674959 684363
2 72 460119 461767
90 1 446085 452645
52 45 236674 245624
66 61 302057 303332
39 59 646606 653112
37 5 40018 47286
79 7 246517 252211
89 76 941733 949588
6 25 453774 456197
91 17 571387 577950
62 54 767569 768017
9 28 420669 425069
83 81 726147 729101
33 87 87529 97001
27 36 70527 78605
72 19 708279 710571
71 54 857488 858038
53 39 270689 275225
31 29 399862 407723
74 51 138159 139389
20 76 941281 946263
96 96 556152 564521
58 35 796656 803925
74 43 591108 597211
81 92 159807 161790
14 12 889708 895016
11 42 164812 173976
65 17 998248 1002252
38 17 915477 921947
13 74 689109 698109
4 33 518383 520205
91 71 847708 849100
39 43 214258 222028
47 4 5341 12358
22 27 385608 390253
73 82 89159 97521
56 43 633355 639139
60 32 187153 190583
8 90 39521 43771
77 61 969455 977013
47 14 902642 903380
39 39 457365 457929
63 89 289354 291892
75 7 254136 263424
46 24 517964 525883
39 13 814839 824699
37 87 703050 704583
9 46 416742 421933
23 80 903236 911221
29 39 106953 110114
50 7 462304 471173
10 68 336947 340060
18 44 769078 777054
72 86 806290 811888
9 92 631959 638264
3 91 344819 350723
33 14 613069 614842
94 64 590088 595673
41 69 745162 753157
19 15 652984 656623
60 69 784417 790602
3 76 958229 963050
85 5 285754 295552
75 28 218771 219918
51 76 873913 878563
24 49 90074 93218
81 19 873792 882076
56 16 368782 377505
28 60 821715 822329
41 101 789302 790396
96 2 765729 767935
69 24 612138 620122
18 16 513689 513959
47 38 978936 980485
50 58 997766 999050
74 30 750486 754544
3 24 752769 755483
22 79 913167 917848
87 71 4205 8939
71 57 523330 524487
31 37 695381 699499
20 49 613579 616892
37 6 798825 801384
93 74 34103 40474
30 48 911482 918119
59 63 170375 177754
69 91 231962 235376
56 78 614774 616824
26 85 749814 756226
33 22 309660 315655
31 8 420135 428917
53 51 475669 476411
88 0 916616 921748
38 84 382619 386198
12 86 29227 32574
76 76 359959 368673
0 23 300891 305827
69 13 500547 509109
1 66 99574 105705
55 25 484510 489007
30 96 524766 530974
81 47 4388 7201
99 42 691477 693461
74 17 605518 614354
67 82 326920 332693
48 21 987509 994065
76 101 426113 426809
38 11 667625 668423
42 59 588878 593541
88 75 939168 940977
95 59 914953 917211
30 92 60042 64893
20 100 252736 260104
6 48 737337 743363
68 53 874532 876731
63 58 806179 809595
10 85 353336 356665
99 65 827592 833663
88 8 911964 921344
84 23 747475 752350
96 50 550188 552947
86 90 288127 292247
43 55 606608 607613
25 28 263905 265316
89 62 266297 271727
57 87 576193 580762
36 67 297820 300978
90 55 527770 529245
69 76 628236 637080
48 27 367520 368281
5 53 612713 617064
52 1 557584 567325
52 57 312097 320854
64 80 250836 251921
50 60 500354 506390
8 75 757398 764142
57 27 883342 888838
33 33 20900 27057
85 14 620885 624061
20 81 962520 972458
50 74 34929 40699
15 12 248387 253203
46 43 406485 410838
5 6 924971 932370
100 7 577305 587031
37 38 961022 962150
73 56 393042 396921
56 74 936312 943936
85 48 137690 139942
81 86 890066 891538
85 42 68422 73457
94 16 113623 117770
100 83 914606 923635
33 7 349611 356696
97 36 805246 806932
63 6 427589 435102
17 57 576214 581029
56 82 358952 361418
6 60 64515 68122
94 101 693531 700730
46 42 709202 711156
100 24 65820 68061
0 52 630151 635966
74 63 861370 864999
46 92 654864 664587
81 83 637386 643133
51 82 203844 209016
0 6 271295 275615
1 79 752742 761437
4 74 513975 520428
69 11 524576 529113
49 77 263866 270963
70 53 871126 871326
15 24 55440 59168
89 79 681042 685773
86 14 475746 477191
83 92 81520 85667
14 38 187565 194405
51 33 671433 679883
66 91 38685 39286
39 66 665196 673911
48 62 494844 499928
33 40 488113 488572
41 82 18053 19525
56 66 50165 56333
81 97 993886 996402
59 39 4265 10297
43 43 511131 518363
29 11 169220 171928
60 70 164042 171893
86 52 272042 279798
28 90 101911 102425
34 90 474618 476882
78 52 411847 416348
14 87 43178 52606
10 41 114256 118495
43 59 250771 255271
26 2 34546 41694
90 69 560668 564350
29 99 181356 189616
10 60 892799 900525
53 49 634699 638885
28 75 238226 243783
87 37 18430 20201
98 30 536242 538776
43 18 651242 657265
62 27 638235 641372
40 97 406775 416031
39 85 750837 755951
24 40 613608 617667
87 68 331124 339399
11 58 705031 712716
72 40 833931 843598
99 53 203798 206161
13 97 650393 658711
64 25 111108 118063
53 5 523593 529438
60 90 548375 555581
55 84 852530 858249
76 40 486343 494330
70 44 43715 52445
96 81 322140 325827
99 8 644163 652061
23 14 794031 795062
39 98 786993 791721
42 49 366026 373606
46 64 382420 392103
93 38 281890 283415
58 22 54047 62635
40 10 974234 974798
45 5 775045 782504
34 19 145065 153442
44 83 16011 18089
22 94 346280 349589
96 97 41429 43452
91 82 150317 160099
22 91 875846 885311
19 30 850296 852216
90 88 464124 472347
82 68 786877 796591
71 20 729249 735829
71 12 948255 955067
25 67 27489 35833
54 52 60727 67878
100 23 338196 339058
69 32 280124 281362
64 66 855672 863804
70 98 772713 781848
99 93 290449 293143
49 24 245863 252161
46 88 286619 288087
94 0 730499 734061
45 92 520073 529890
83 47 912744 917223
49 42 445017 451363
31 7 359000 368524
97 41 844136 847019
38 100 298173 301115
87 21 637945 647263
62 92 403465 410576
11 9 338360 344584
1 6 548166 555844
95 66 704993 713692
78 26 48000 51096
43 15 771610 774427
14 52 41776 44852
82 63 445465 447202
1 17 507155 510957
85 17 462848 463866
82 88 558344 563744
84 48 387675 391162
10 46 411708 413384
58 23 21206 24519
23 4 833329 839281
90 60 814582 820526
91 69 492770 497619
55 23 512799 520665
90 98 476447 486144
93 66 102657 105711
56 39 219747 225366
28 79 512015 517045
43 70 805874 813412
79 39 475598 481579
61 48 519857 521517
73 101 490114 495863
81 39 647909 648782
5 3 406753 415466
69 15 156805 161423
47 52 309182 318353
42 43 146719 147215
73 15 68969 69375
52 65 615580 616163
55 67 578523 587161
45 71 807155 809938
48 94 341874 348111
20 9 772004 774672
44 72 771757 779236
98 65 152958 153899
19 94 759324 768232
97 77 456402 460271
73 34 16488 18449
12 44 378914 384710
73 62 755715 758281
28 43 49633 57131
71 19 89233 89937
62 72 293324 296349
78 41 245715 252151
10 89 718019 722343
84 41 61524 70209
94 25 342704 342938
94 15 977194 980526
29 89 2958 4080
34 61 979870 982904
56 68 911775 914501
61 95 505557 514453
32 65 768278 768756
49 91 39852 43613
94 99 346 7834
47 6 935262 941710
33 99 912572 914134
61 46 578467 579946
96 21 646625 647556
97 70 909427 916539
63 24 813066 819638
37 10 389703 391131
40 26 51683 54283
101 58 304899 307920
76 90 268918 271907
78 95 251719 257924
85 85 352257 355598
84 21 979415 982082
75 5 314370 315391
62 8 232517 232526
32 93 18128 18264
92 68 369126 371856
5 59 46600 54932
70 12 373028 381765
83 70 716094 719630
11 59 737349 741684
52 63 373113 377688
49 78 695445 701548
13 100 64380 65992
101 35 248345 253056
57 30 492427 496332
94 47 308379 312972
64 2 800708 802971
66 74 647451 653914
30 2 962841 966745
82 96 799324 799503
10 48 131044 137761
88 50 279287 286951
38 53 587874 592538
22 51 107348 108562
38 91 544850 550061
11 4 505873 508816
11 62 806613 812911
70 101 760510 770229
15 23 271747 276366
33 47 805235 807936
37 8 970755 973004
18 11 495284 504444
35 61 773801 781963
52 20 885108 888641
52 74 131045 138330
5 78 619620 619929
74 78 581375 589583
73 87 348727 354576
33 51 281202 288814
51 86 986874 989202
40 96 4399 4484
46 55 621455 622535
12 52 799038 800407
47 23 728652 736675
47 37 819654 819833
52 72 954434 954637
68 50 830077 831541
70 66 843630 846003
55 55 15339 19592
74 60 227695 234283
88 21 469776 478551
88 88 510023 515198
9 42 72485 80470
65 80 524022 526905
93 4 289497 294556
63 60 674749 676226
1 78 952455 957692
