21 1705
78 13 795583 804893
92 88 506662 514200
1 12 980817 987095
48 53 969176 970442
57 97 640874 650803
60 47 574519 580471
34 59 881188 887245
91 13 820735 822787
35 60 716321 718976
23 42 897632 900780
66 68 566469 574973
24 59 142165 147268
63 86 273612 276743
40 72 442912 447698
45 4 784974 787259
70 101 794536 796747
10 0 411106 419480
1 23 611451 614087
53 32 770740 777104
48 32 306110 314576
60 43 271676 274534
81 85 321629 326211
10 52 983837 985701
68 93 521024 530448
67 68 841722 851455
2 94 906810 911627
58 82 268624 274976
21 81 573475 583277
55 59 238413 243175
14 17 582338 583527
11 75 883029 886889
30 7 364869 373919
66 74 107549 109378
37 87 596872 605034
15 85 907361 914960
61 3 252431 259135
24 6 68768 77481
52 70 397522 405522
16 78 898014 907311
73 51 343729 346029
71 26 987482 992833
69 18 430750 438973
23 49 501889 505561
96 45 19513 22120
22 79 635008 641649
7 48 217071 221861
37 75 341608 350296
14 3 617180 619732
45 70 560204 567071
7 67 481990 487307
17 89 147228 152199
69 34 296265 303459
75 80 8499 16713
63 59 999286 1003621
53 3 436444 443546
81 1 565228 575201
24 72 609328 611285
65 40 542721 545806
9 30 165512 165696
47 24 6208 11760
36 30 580595 580635
77 72 249280 255235
38 81 675021 678737
16 59 755879 765786
22 13 112917 115030
4 86 620930 625226
62 11 706467 711804
25 60 641972 645053
2 83 479960 485915
60 68 437018 445211
47 3 938302 945826
77 38 624434 629187
64 100 895820 903670
31 43 318313 322917
70 79 905635 906197
62 8 208058 211465
44 65 488905 489347
80 33 696865 700655
12 24 344505 347933
20 86 28501 38214
68 37 227743 228585
88 25 306170 308398
59 31 810376 819128
68 70 221233 224785
80 87 43351 51820
76 91 496328 497030
92 60 991630 998331
97 54 620115 620335
2 33 546633 549984
29 29 907603 915843
61 47 440966 449666
92 28 337846 339976
48 49 935444 944261
91 1 474556 475658
11 12 691489 697224
55 74 987421 991089
42 9 759583 760000
80 2 496375 496652
38 39 768237 774866
96 23 900534 903695
8 47 924199 926390
64 7 596326 603464
100 90 857862 867028
67 48 990755 993644
89 24 991481 1000593
69 80 13052 17288
29 93 819004 824339
52 73 596467 599135
8 27 453490 453677
73 64 183554 189044
9 24 587058 587778
6 84 459751 465904
8 56 85129 85612
75 86 227584 228391
82 93 194882 204292
3 8 830071 833140
46 81 849104 851831
28 6 656667 664547
43 91 917891 920073
101 33 46303 54086
48 37 811602 812018
44 13 540410 542937
63 12 489309 495640
81 25 377480 383138
46 88 737238 744095
38 84 161718 169645
15 5 963532 970622
68 46 416055 420389
68 74 931221 935188
101 37 305106 314341
6 92 151545 152259
77 11 9434 11317
40 96 758956 766020
10 94 988133 991352
57 43 798202 807881
31 2 788940 790524
79 65 540613 540664
1 101 747551 755658
22 98 567875 577006
17 91 440801 448575
55 18 623182 629648
18 44 413239 415475
30 23 486364 494262
100 67 69081 76710
76 74 58445 60757
12 47 394091 398151
26 15 981614 985841
84 20 983285 983768
30 61 602120 611490
92 98 528896 534428
27 47 606293 610348
7 30 254898 262463
5 59 118197 126669
10 73 490723 499089
59 42 782933 783884
4 41 945076 952261
41 78 149435 158626
44 52 390365 391854
70 97 674162 683167
18 76 95436 96324
78 11 352084 361336
36 9 652965 661322
45 27 850592 852775
70 38 610342 610452
19 79 623513 624663
75 94 825991 830429
16 77 975794 978273
15 93 614213 617732
16 34 774726 777619
44 10 227612 229798
93 2 619485 621449
84 66 254832 263075
0 64 166096 171256
90 56 443676 446261
17 98 827044 831494
69 79 393113 398964
101 49 631604 633286
77 34 878558 880772
96 39 293811 295650
83 19 969231 972996
79 70 951796 960557
21 101 5298 14711
57 25 926729 931211
84 95 713248 723048
85 87 99550 100684
1 21 571450 578433
65 83 494072 498183
53 28 448383 450309
23 12 239212 243863
0 101 65254 67234
59 18 141380 146398
17 1 406643 414162
35 21 673580 681270
63 73 575537 578157
44 9 878553 883461
31 17 545543 551584
45 19 301814 305747
64 2 690098 695345
86 46 826566 835695
57 80 560715 560794
29 25 647880 652481
43 101 787299 795350
65 61 377933 383420
52 97 836515 840592
28 2 671244 678994
66 29 388525 389734
92 56 712478 714433
100 32 566169 567288
82 29 181471 190648
15 36 853568 861461
67 46 31895 35661
67 67 350934 357375
38 8 769809 774846
24 101 512199 520307
18 14 555514 563670
50 72 617792 618712
57 57 27292 29645
78 93 458931 466502
69 3 767902 775141
83 43 602911 609545
58 93 610846 612012
59 29 182486 187370
44 31 252036 256587
73 30 71623 73360
34 55 676597 683701
19 39 260113 260602
55 11 414227 415936
85 57 902567 906119
77 0 908828 911698
57 1 753143 762750
45 41 728021 731094
26 99 879773 887764
5 8 443956 447383
42 39 3230 12116
56 42 796868 806774
59 5 295771 303422
101 93 232150 233568
85 23 59358 62731
27 22 488050 491854
30 101 533069 533471
77 47 486820 489040
49 9 307239 316316
14 74 286579 291759
40 51 963467 965868
44 24 518071 528056
57 19 766776 770852
30 31 14210 17035
4 85 121785 122523
30 27 540575 547990
80 68 87556 97266
90 57 235115 244202
1 59 36730 41211
12 61 134562 137491
10 20 870596 874344
83 97 326257 335216
29 23 494216 501671
41 80 772392 781118
95 87 109224 114952
64 33 812006 818311
45 80 998841 1003397
49 40 866621 874905
96 1 485159 487039
14 48 847732 856836
88 98 418314 418512
38 95 425616 427326
42 82 370372 379779
77 74 254568 257366
100 92 348097 356719
41 57 899337 901896
77 91 636835 646160
70 91 853048 862327
101 61 264605 269874
5 35 458298 466183
75 99 671889 673945
60 20 601951 604866
54 31 405474 413223
17 10 637950 645200
94 42 45651 48628
11 10 701949 707582
77 84 288068 293780
92 78 336624 344199
96 101 785220 787219
91 51 246131 250499
46 16 109769 109950
79 12 964231 967273
37 64 651532 657874
45 98 927755 934398
28 88 14955 20306
0 66 722400 727250
17 76 786660 792577
32 37 469021 476664
41 13 451184 458805
7 90 656335 663106
44 94 779747 785674
63 30 995882 1001159
22 4 284231 293963
94 72 725313 729671
21 70 75319 76369
59 88 367255 375471
72 4 954462 960281
66 15 769417 773365
89 97 360227 364267
58 58 218123 222689
35 18 677208 682362
17 35 690993 694071
6 7 299842 309722
14 57 567754 573300
99 65 77868 81328
12 2 775226 781398
65 33 141622 143542
42 50 171736 180994
95 27 940160 945545
33 44 610409 610697
10 62 799308 800842
8 75 603598 610754
95 96 873412 878550
27 83 272152 279828
75 39 785697 785927
11 42 586325 592117
30 39 505905 509992
57 100 883925 893522
61 33 125149 128112
72 30 113533 118270
18 16 172537 180914
57 54 865252 872800
28 68 511762 519568
54 52 3010 8155
62 61 16423 24402
52 31 33756 35574
44 90 171802 181191
25 36 556541 560608
42 95 907351 908181
94 82 32935 36022
45 6 389073 392777
93 19 351361 357144
60 74 266619 270524
40 71 332031 338654
21 93 824428 833768
67 99 928180 928810
54 30 236573 238797
25 56 731617 738775
15 1 729315 732974
63 19 950736 956842
75 7 712303 713138
101 82 823771 826032
85 22 542196 544964
94 29 465766 470962
52 100 579209 580144
50 73 158131 167741
51 89 41072 43898
52 88 988436 991080
43 39 451866 460001
94 9 864229 870828
55 47 293875 294592
41 92 595476 600642
99 68 628624 631058
62 58 876317 879907
94 34 313384 318698
87 85 606388 615939
64 90 957746 964338
77 26 937677 945702
86 74 698107 706863
81 30 24385 34164
52 2 792267 792778
55 0 677001 685418
34 82 80557 86520
0 38 14232 19352
22 81 413964 415078
1 53 749452 755734
48 38 25609 35379
71 90 461874 462135
1 74 797549 803630
99 57 908040 915717
89 92 128278 133163
42 67 637459 641346
6 17 996893 1002035
7 12 863603 864662
19 19 339206 343705
2 39 616326 624995
84 79 345146 350363
93 76 927401 933744
10 38 444927 450148
38 25 748503 752157
28 96 860358 864971
56 77 25494 29542
68 92 592518 601366
31 20 539318 539747
19 89 892680 900356
65 16 558054 564941
101 0 549610 558579
50 68 611620 618716
26 25 829659 829668
21 40 775875 781916
86 34 635017 641708
19 85 26556 26574
5 76 664220 668182
77 37 147123 153408
32 64 297568 298869
77 45 159494 163973
23 27 652339 655357
19 76 846604 848712
36 59 458557 459403
76 93 613949 618817
30 74 37241 43934
37 90 762565 766146
91 101 56576 60744
34 56 536914 544086
74 66 416192 419467
74 58 443451 451720
90 1 455562 457219
46 47 995648 999220
81 72 412823 415795
27 40 942613 944065
71 48 132425 135393
52 98 459793 460799
101 64 48618 56149
53 39 624172 626989
44 35 443386 444406
101 72 374607 384119
76 1 39902 48221
47 65 641697 646427
71 3 880777 884051
60 36 396172 397266
58 25 508432 516530
0 50 240777 250459
57 20 677037 679247
10 14 52902 57731
92 91 565803 570820
70 80 96205 105894
38 91 279416 284680
45 59 542229 548063
57 87 359357 359522
68 21 428657 432698
54 58 770786 771280
58 76 107493 113681
52 75 54687 58709
37 76 504005 507020
56 79 2822 7357
39 12 808415 808847
37 36 90910 91288
42 92 747021 748764
54 55 507546 508948
77 12 146312 150329
67 79 95436 99052
1 88 479117 483066
38 72 139418 146195
87 46 412119 413221
95 31 998113 1007848
11 25 669693 673089
4 49 255442 265180
36 20 382500 390825
51 21 267018 273885
60 13 770745 780033
7 55 31660 38721
99 48 489810 498619
28 1 750034 759204
86 32 116351 125094
53 52 112812 122667
50 40 482394 490635
27 33 104417 107293
97 65 376045 376445
82 43 78417 79754
12 65 888850 898212
90 68 271379 279860
16 47 356030 365746
44 20 927682 933645
96 91 709252 718472
92 64 212452 216126
28 99 370782 378956
7 37 552648 559415
10 29 702829 707629
61 16 671258 679873
86 72 736866 741534
87 99 488570 494755
81 79 412294 412675
40 89 63507 65005
73 20 500922 508448
9 77 357093 362073
85 88 425435 426242
83 44 968002 972811
80 45 223772 231600
25 93 478283 486764
66 32 245664 254024
28 17 234778 238747
77 54 239469 240500
28 73 536014 539312
62 16 250801 260563
59 44 273781 280134
101 25 483857 486113
53 15 684460 686217
45 97 906480 912471
82 26 109667 113339
98 50 175625 178787
47 45 778000 778422
50 3 686120 692361
12 76 774448 781404
62 72 799268 807493
13 17 120660 124524
4 82 276261 276285
67 21 266793 273915
89 10 913819 919616
79 25 741128 747137
30 70 818835 823530
5 86 130775 133609
56 37 289505 291360
78 85 939295 947471
6 80 143061 147338
10 71 136135 144094
90 6 597474 606288
51 95 203874 210372
97 95 896527 900475
20 66 646330 652187
31 21 331170 338964
27 32 573709 577775
44 34 62964 65888
10 46 545085 554688
62 47 927939 935824
87 101 13170 20721
63 72 523057 526730
66 90 1436 11237
88 60 155043 162312
24 16 834362 838636
47 13 532039 541150
66 55 961553 970062
49 3 518326 525944
101 12 133669 134505
15 8 3538 11369
18 90 736514 736905
91 72 187672 190164
92 72 152558 153583
81 82 260945 268586
81 18 704699 714161
62 42 930653 936056
59 16 754850 761301
79 31 360449 368719
64 85 514959 517218
20 100 829268 830773
49 28 811133 811594
12 71 245772 248817
14 12 113186 116055
27 88 547865 556221
80 19 233183 234291
48 17 347787 355155
11 15 108855 118571
79 5 888061 894173
52 72 85373 88839
49 91 207534 215119
72 50 886554 892186
68 82 238621 245990
39 79 372864 382786
88 71 597075 600847
49 96 270608 280356
42 83 479781 487510
78 53 618584 621037
24 56 405142 407329
88 30 741565 744208
71 60 700088 702537
27 59 942902 947384
24 90 695215 705198
10 43 623373 626746
87 5 703856 707458
5 69 192154 195363
27 9 174358 179002
19 54 207428 212325
70 54 597867 600744
8 4 603612 607290
100 80 925542 929883
85 31 202764 210258
84 3 93022 96860
9 69 974529 981088
52 22 55763 62376
56 96 445937 446944
10 19 455513 460027
87 7 937187 937639
52 21 998519 1005053
88 81 585630 588423
70 41 923938 924346
69 48 575491 578178
21 11 221928 228877
75 30 227967 235011
59 7 27609 31809
3 24 527272 530569
44 56 250185 259869
4 89 506499 513461
60 29 439605 443330
80 30 526752 527430
96 2 331398 339938
85 48 537294 540525
10 100 391764 393862
63 57 345646 349466
23 37 470257 473773
97 78 548989 550442
8 46 426887 426896
65 93 251325 258676
24 36 905916 908520
81 35 446128 447761
65 69 645303 646169
3 76 884166 886597
33 99 306962 310087
7 62 96476 99404
21 0 790983 796437
52 20 30583 37245
42 27 346640 348640
40 31 524922 527219
39 83 380651 384324
22 94 43469 47838
79 57 911887 916889
52 92 438043 443764
15 56 227540 233674
57 55 436092 443140
92 76 545983 555284
41 63 936379 939931
84 36 71611 79460
83 20 903043 911279
93 62 966163 975191
69 83 308180 317770
87 79 272529 281282
23 29 317108 325035
38 90 951015 953939
101 1 503996 507268
49 18 174751 178941
25 46 201036 204785
32 42 611590 619162
36 95 61051 67628
36 88 795858 802667
98 61 428492 432679
87 40 38361 47999
70 40 148312 156118
81 67 880672 883339
30 38 117855 122952
53 18 67492 72291
51 16 831522 835906
85 58 93889 101564
96 68 933423 933835
66 2 789637 795876
46 69 186035 194347
29 65 583022 587482
22 67 821810 829326
27 87 233732 238996
60 9 542662 545470
14 55 502554 511605
11 3 192843 193397
21 6 715345 717810
98 12 105015 107850
30 50 757637 761689
52 12 184821 193620
87 43 608010 611135
6 27 375312 378482
75 60 753887 758883
6 87 620199 622743
19 62 904496 907913
36 68 89999 98741
21 53 419344 423533
14 94 500369 508897
22 14 889568 895002
22 63 802735 805612
20 26 981550 990839
4 26 790417 791155
75 97 571766 579539
19 71 542151 551819
15 31 992745 995649
53 65 292670 297097
85 92 821070 822537
58 16 562319 570300
100 83 462449 463291
0 53 518189 522073
101 73 315881 319754
17 49 43141 43548
68 67 420723 429251
32 38 694066 694223
62 70 938499 946345
80 88 686140 692702
16 2 44505 48366
31 58 93669 94209
45 49 661749 664244
64 79 930088 939678
83 99 972777 976039
75 23 565696 575286
87 26 278552 285873
43 36 900100 907918
52 54 884535 892465
49 43 932577 939601
6 26 858867 860566
13 44 513098 522389
20 81 363789 369442
43 12 10060 16733
46 70 613816 616017
38 13 437989 438494
63 20 265722 268238
23 55 459060 459379
24 80 178933 182892
89 98 684707 685329
1 89 364665 374342
48 80 406303 412890
64 41 501173 505075
62 88 441285 441821
43 74 93660 101736
89 57 22572 32553
31 65 950452 959221
90 94 39504 46512
52 90 364005 371088
72 20 264551 268398
78 43 366185 373539
32 51 452442 453452
87 21 434077 434750
94 86 181981 188662
40 73 720223 721325
72 27 841816 847613
30 72 379429 380939
86 66 619325 626088
34 95 895842 896782
41 2 370388 375654
34 21 559684 567783
48 96 466678 474481
71 28 231862 237433
7 53 872689 875632
94 36 169762 177164
43 58 213577 221170
13 52 507433 510058
76 81 797017 802227
50 9 53534 58459
66 10 171135 177197
21 99 192204 200154
77 1 307294 307804
17 73 882081 891724
32 95 107256 108275
30 41 653163 662906
85 34 460319 470285
19 46 483721 490270
21 42 206153 211206
13 13 628967 631384
48 61 267015 270023
43 73 525894 529535
34 2 172662 181549
34 97 165099 173031
36 52 302866 308623
13 81 464207 466758
97 13 739553 749298
64 52 966375 970052
38 33 291058 298090
47 56 353460 360083
95 18 982518 990664
99 5 985225 991910
46 54 594861 603398
51 5 581983 591828
57 62 543084 547852
45 93 215467 224063
50 57 733606 737141
46 50 527130 530629
59 37 146187 155986
100 87 147674 152279
56 52 557942 567736
53 44 474625 475732
31 98 443343 444209
99 32 929279 935097
24 65 347346 356636
68 0 819424 823969
71 14 232896 234710
53 33 264962 270401
30 44 932011 940028
9 72 13248 21840
57 101 147897 153466
26 84 505612 506601
78 91 119481 128470
92 16 640076 650015
15 40 943819 950883
64 15 798933 803001
97 91 487389 490903
46 59 366778 374054
27 30 405318 414310
10 76 373606 382452
32 74 188869 189033
54 80 562753 565988
61 19 954539 956601
4 79 408573 410189
0 75 133379 137119
21 71 939585 946095
6 41 629838 631976
83 65 429101 430500
50 60 384809 386858
64 95 308375 317480
101 22 538796 542520
81 37 850147 850322
99 9 475715 479742
3 79 915512 923786
59 48 701791 710970
34 9 954055 962774
35 29 652630 654063
90 98 793806 797439
41 28 736845 742087
69 43 315131 319903
47 20 415252 417532
38 55 313163 313600
99 64 229419 237721
16 19 690317 698742
10 17 369241 372976
26 2 641199 645305
33 52 652600 661871
79 11 577256 586925
42 46 48806 49033
83 5 911879 914769
14 49 179963 180936
76 58 870697 872106
51 17 429783 435490
9 2 476443 477907
59 63 916067 923628
95 70 26525 33821
22 76 123987 131273
80 4 499733 505224
99 72 724869 727933
94 73 964921 967660
82 77 816415 822809
64 45 641240 646724
44 49 794313 798394
87 93 469040 478371
98 99 395485 399599
51 94 991341 999641
54 35 931180 935587
90 18 445521 454733
54 26 828106 837738
93 90 890180 892026
14 18 452140 456038
29 56 865192 871842
87 81 914351 918508
79 77 297529 300264
5 4 615507 619155
36 57 174691 176209
70 64 420991 429230
51 58 7138 15105
77 31 31864 38621
79 76 629516 632917
64 93 909213 917889
73 43 821808 822804
53 82 947546 955015
20 67 505784 508875
101 94 391021 392079
61 17 64848 72366
21 57 500794 508346
0 76 475477 485477
78 0 385453 390883
94 37 711925 714872
71 67 915959 923299
65 81 584542 585865
29 75 518631 520610
6 30 738105 743269
63 89 609917 617844
73 8 489965 497322
49 95 649822 650834
35 64 590862 599166
42 57 236906 240516
74 71 495247 505183
54 33 330700 338446
45 73 77263 81767
17 67 348490 349988
79 62 686516 689987
50 21 866903 870324
86 67 284966 291997
85 91 240206 249024
13 7 860964 866661
40 65 49177 57891
74 56 962515 970784
17 97 316041 322084
58 65 859566 863326
1 38 177693 181558
9 86 76867 83637
90 85 99761 105243
97 32 541573 546043
18 34 128325 132025
26 64 964831 966416
24 48 633293 633428
29 42 487302 487645
76 3 565908 568887
82 40 870621 878178
74 29 325294 332599
76 35 284094 284961
14 67 950349 955931
2 85 4235 13287
56 3 550739 557048
96 13 703526 713302
2 45 122039 124030
51 67 389455 398389
63 0 80553 83009
76 18 822530 826264
59 82 381971 391117
35 28 739171 740287
18 30 901400 907748
29 67 632501 638584
61 15 759427 762830
57 56 268465 271415
78 84 97599 105965
53 37 981212 983575
15 77 577626 581625
98 25 133179 141189
9 42 150645 152269
12 68 700143 708625
89 99 129876 132602
36 84 568765 576227
82 67 468230 470223
69 68 982637 987477
28 7 592502 597382
101 57 673592 677351
33 55 487939 491257
12 93 532076 540915
6 48 758784 760321
68 51 897168 904835
74 74 479891 489046
13 45 780980 787900
20 22 776561 780200
101 36 735761 738033
21 72 573546 578484
38 46 65444 70551
22 49 930089 932753
67 41 392842 398452
41 94 306147 312586
15 27 43494 48263
71 61 92283 94229
29 96 704774 708327
32 76 849117 849180
18 39 395559 396650
75 98 16932 21006
47 61 415054 419919
63 92 78199 85899
16 15 243947 245460
15 16 167334 173980
77 22 825677 832475
51 10 947621 955235
56 4 139576 140322
59 23 859438 866336
28 14 493318 498701
50 0 494790 504434
54 93 715127 722041
10 49 92693 102393
37 4 104687 106561
73 10 19962 27087
60 18 793172 800710
66 37 447333 455309
1 66 617679 621988
76 90 515432 523768
18 57 338151 346457
12 99 515635 520501
5 49 481398 488946
39 64 692604 696816
89 18 813927 818965
9 52 935006 944133
75 12 177102 180320
67 37 168088 176280
88 88 480052 488692
72 101 606956 612856
14 79 911669 913888
13 64 214857 218895
59 81 222619 224357
49 22 15351 17388
16 94 403272 406203
86 31 597639 606036
99 7 261705 266596
25 100 307882 317471
19 3 768046 774958
54 1 172338 179017
46 74 663986 670140
95 10 787177 789974
94 67 413711 419518
47 43 339097 346457
77 60 320856 330727
42 37 159084 165193
97 35 277228 278065
10 81 677623 679071
11 88 640965 641028
56 7 700645 702676
12 59 994275 1003874
2 5 186301 190334
92 40 327683 336338
76 6 231106 239324
8 100 358776 362388
64 19 728008 735036
61 91 740485 742727
57 4 374076 377524
87 2 172889 176581
23 78 970744 978507
6 40 671763 674987
14 46 970528 974402
90 65 534439 535470
3 90 529380 531987
16 87 651473 658079
74 64 699302 704606
53 92 430255 435837
75 100 826968 831103
96 85 473853 481224
75 8 946880 948482
26 1 127602 131869
66 45 618912 627914
46 52 829074 829445
24 68 205733 215439
66 24 397576 398974
15 84 932731 937102
30 15 722355 731218
69 73 677871 678241
43 26 588052 590949
71 20 945846 952435
49 94 556513 561096
18 12 667239 676243
95 33 569727 574551
49 56 133306 143217
61 67 933056 938917
1 42 60735 65960
95 32 195061 198322
92 65 751492 756757
22 23 986310 991839
61 18 61091 70429
75 71 476807 486585
16 3 887599 895152
15 75 25502 27108
81 83 926944 933525
74 101 520316 525388
73 15 268162 274559
84 65 977855 981886
20 62 300046 308904
80 28 514025 515438
18 91 544695 545303
96 73 786262 791357
100 21 47177 55348
70 21 230561 233400
69 77 404108 412830
60 46 414469 422302
100 49 37641 41583
23 91 553633 555605
2 73 75672 80453
4 57 501822 505166
100 25 90530 95873
98 49 786001 791268
87 95 679614 684826
8 84 494799 499691
34 8 149517 156174
99 19 207503 209801
36 2 463701 470697
45 2 596724 603210
35 15 775480 779510
47 28 870088 877546
8 92 23173 23686
88 20 237714 240550
8 63 480072 481071
56 55 868163 871593
70 76 130013 139881
101 30 576316 584449
0 90 775089 784248
45 96 505694 511861
34 5 854905 863757
43 33 602660 612100
7 56 897538 901795
17 56 480397 489600
13 36 244923 250655
100 53 119810 123221
73 33 570428 574279
61 51 530044 534191
74 67 73716 77870
18 92 279134 288033
76 54 743059 750985
67 80 73656 81952
69 55 79561 79954
26 53 876239 879450
73 27 6846 16467
33 78 165283 170213
42 19 521366 529562
80 66 557115 558656
62 86 390265 394721
1 51 926030 932052
98 20 246333 251921
57 93 169109 176999
57 26 102450 108053
89 90 893373 901067
22 19 249222 257812
96 88 715568 723229
25 11 493161 497081
31 51 984239 988895
13 67 512683 516655
5 39 784863 788723
3 97 986341 994681
63 39 131287 139522
46 97 466821 471611
85 100 924857 934327
30 16 914258 917866
38 100 606111 611440
2 26 220636 224694
43 42 604241 605556
65 79 137108 137373
81 57 8071 15166
0 97 157656 159846
32 67 688048 693972
68 81 686160 692766
63 64 900153 907030
57 78 400033 403772
62 23 193953 197493
22 87 964224 974160
28 79 608461 616800
56 38 535836 540454
36 29 464178 465234
15 0 155334 155477
65 5 51140 55385
99 14 340400 347900
63 24 995557 1002099
5 62 924830 934043
18 79 17440 23614
39 57 990801 992421
52 0 881211 888740
40 49 87872 92315
34 84 338696 338893
64 48 722517 731244
61 88 518672 519758
53 45 720864 721172
73 94 791969 795555
86 11 926596 934840
32 101 304491 305897
66 48 896088 902257
16 45 710757 717950
78 12 157190 160678
11 43 309475 318441
74 2 710135 711539
78 59 541343 544415
90 26 807919 811048
78 54 888209 893945
76 7 708074 715818
91 58 10369 16575
3 80 939703 940208
82 49 798558 799441
33 25 227854 234369
15 90 862245 867219
62 15 875039 882612
92 86 374955 383352
12 46 421318 423385
88 11 923524 929245
96 55 11082 19192
27 16 366085 366963
5 44 875473 877706
20 18 909937 918349
59 99 114853 122996
83 13 69525 70360
32 22 880741 886612
58 22 790244 794038
39 95 409366 414405
27 26 739989 747736
3 51 634123 640338
73 42 775208 778652
90 46 13893 17256
14 25 262512 264476
51 46 431667 441309
59 15 489654 493235
46 22 197205 203073
98 6 990728 993929
33 46 869123 878314
82 58 733123 736317
20 4 39582 42274
38 77 117727 125663
80 78 838543 838545
98 64 740389 744076
79 43 181915 183262
40 85 152638 154203
89 62 457746 461840
76 29 738334 746585
67 71 260698 268519
22 58 159696 167818
72 54 185515 187735
36 74 451272 459347
98 36 110143 119549
72 48 714442 715264
23 4 225689 228560
89 5 201231 208301
89 8 52318 56426
15 60 340645 341562
83 4 140146 148268
17 80 410640 418695
9 34 955462 957856
98 4 278354 282534
18 72 21513 23412
42 0 779805 788477
83 0 263631 268913
48 88 498139 507461
49 63 106968 110828
100 18 339814 341274
14 56 312929 313334
75 19 265580 267228
42 22 527563 535768
62 49 204118 204213
36 63 364286 368761
30 98 187679 194869
60 79 475349 478926
15 63 453827 460786
101 60 177444 186868
34 37 923836 926427
34 99 408717 412113
47 86 496538 497013
22 32 117064 123672
95 56 226861 232048
63 40 432734 438903
85 43 300251 308475
50 91 27878 36863
91 39 633926 641457
96 76 21342 23945
53 22 286403 292955
1 26 16878 25163
24 51 316963 317155
40 53 138560 145776
9 100 267678 273009
10 60 465839 475372
29 30 507557 517037
71 64 593928 599156
14 4 591636 597592
98 10 230375 238432
58 79 496909 505470
56 43 26111 34121
3 32 939877 941428
89 6 923271 931356
4 29 208267 214604
37 46 209243 213593
61 0 304611 310629
68 23 43258 47485
89 23 429938 437129
36 90 437060 441232
48 93 969004 975666
11 23 71285 74852
61 86 261809 262904
29 86 959652 964280
76 51 709119 714950
51 71 462665 463715
43 7 421684 429395
23 89 344308 354057
80 13 188172 193102
19 4 734668 735687
16 56 675219 678026
4 5 861981 862996
38 49 386653 392026
25 99 644080 652647
29 66 935657 939352
72 49 141562 148912
81 53 182145 190795
42 25 910836 917401
11 33 758621 764658
48 29 34600 35756
15 48 813801 822464
30 24 638994 647025
69 50 467326 470571
76 20 257944 263061
39 93 11579 18350
89 71 192131 201961
40 38 515900 518271
98 51 155549 157847
73 54 819397 828309
24 22 233765 237650
100 100 535002 540180
19 20 342592 348793
47 14 866153 868467
6 61 521791 529437
84 64 485709 494881
92 96 890370 890987
61 53 728414 730553
71 75 653910 660796
1 29 293488 301623
34 100 300985 301631
3 13 293422 300516
8 31 589344 599011
100 38 729601 732861
92 20 652701 658707
18 56 479537 489141
98 72 255314 256965
72 19 58369 62110
101 71 590767 593089
76 64 482202 486559
82 45 606692 613089
24 63 126863 128380
7 10 923853 927673
39 65 483982 492755
89 70 853528 858921
26 85 400304 403148
80 23 14472 17734
62 32 985039 992494
29 2 810126 810874
90 79 941599 948412
101 80 546450 552984
66 100 882073 884331
4 97 807832 814384
60 24 750191 756978
61 64 738755 747239
30 64 458088 466711
24 15 421631 429246
79 8 199860 207828
100 16 65061 68390
65 78 350982 353491
77 39 723946 729080
90 75 301153 310166
23 69 233514 238834
42 8 140157 142331
93 35 334630 338637
70 20 839300 839982
81 75 872621 879248
6 18 471427 472835
84 28 170079 177650
55 85 703922 707963
88 36 349060 355260
77 49 356503 360768
24 7 677310 684989
46 92 314885 318601
31 89 700542 700603
34 11 730196 740085
21 56 803393 808263
38 75 201117 207509
31 77 185219 194417
77 59 319931 322067
101 10 347119 351037
50 31 297972 300801
11 7 31771 33081
21 92 719982 728589
38 54 414117 420889
70 17 492281 497496
18 3 317163 321454
58 21 620969 622093
67 24 234508 242292
9 48 19538 27777
97 63 171247 177463
70 8 393108 396723
45 67 525063 529641
3 89 848550 855969
52 99 869628 870527
79 6 632276 639578
28 8 938566 943891
6 25 619901 625078
87 27 597075 603885
9 31 362447 368888
20 84 620323 622184
76 52 343584 351315
80 26 242511 249384
92 11 875111 882483
79 2 833170 833403
17 95 109354 113155
77 48 247494 254950
90 71 529678 534004
15 62 665133 674846
41 7 498276 498715
11 46 518007 526371
91 41 987942 989700
59 34 862857 865375
24 64 769943 773377
58 32 382352 383460
101 46 280889 288690
53 72 793945 802030
65 47 905612 915436
74 42 950539 956734
71 53 104505 111754
49 78 20987 21425
53 35 402289 408442
50 63 470112 472686
47 21 464995 473652
81 13 574933 583383
46 11 215041 219861
30 67 237532 244702
89 88 611149 612063
88 5 599178 608288
31 34 13821 22912
58 52 914260 918680
75 6 995348 1004225
23 18 263701 269258
11 34 7790 12619
95 37 603291 607491
5 15 118361 119829
100 62 985059 991792
15 79 220849 223435
94 63 598804 607946
99 50 682941 687927
90 34 622271 630009
95 93 303723 308422
98 21 55639 59015
90 87 659319 665339
44 96 704285 706349
50 95 913765 921161
73 25 405291 407831
76 100 583435 587281
64 9 748666 748670
30 56 709299 709718
17 69 674326 684295
43 77 43797 51726
36 65 505288 511096
83 66 285077 285548
11 0 415519 420100
29 27 206406 207174
74 0 380152 389434
66 21 563568 568272
5 80 456482 466307
18 96 888120 896288
6 70 685383 691140
27 20 588281 591733
66 30 841177 844088
72 59 631542 634759
94 48 543095 548002
7 87 243624 244461
73 69 921179 928472
5 56 755550 760190
91 49 710834 716706
78 92 25474 33310
71 6 551448 559499
24 43 380296 387270
39 42 321007 323512
21 48 329577 339289
32 100 70182 75010
50 69 450155 451971
71 7 905849 915542
100 5 903857 907422
77 50 721506 729875
17 27 996625 1001658
3 92 696251 699425
76 40 634764 638388
95 64 744306 744348
8 50 350246 358350
14 37 650620 651180
13 57 423481 430800
25 17 865579 875382
9 7 875585 881710
47 9 278639 282782
65 88 493435 497860
27 49 279823 285621
65 12 801582 809401
59 45 952948 961782
57 86 939182 943192
37 69 249705 259507
28 81 704281 714119
82 60 657740 663016
47 17 115306 116205
9 59 250667 259838
60 91 378718 380084
94 92 803387 811993
62 75 745390 754901
59 46 322135 325874
17 40 364646 365604
91 23 97804 99882
72 58 606745 616547
73 68 365737 375425
73 5 388539 393814
14 88 344337 346814
78 26 473608 475794
73 22 885526 892936
76 72 433067 437243
2 67 792263 800653
21 91 596615 603610
101 2 594787 598560
30 9 408828 417509
5 95 43790 52648
49 89 984549 990015
97 16 118410 126366
37 11 123025 126856
89 74 689832 691388
44 78 119317 126209
68 12 797715 799546
3 65 287019 296642
55 17 230852 235707
19 92 404272 407067
88 48 516376 523682
72 46 235851 241182
31 53 688040 695540
18 23 157250 161415
34 54 742818 749798
43 83 434549 441126
74 51 868762 871027
35 40 585480 585934
55 94 107344 116166
97 21 630104 639087
5 89 672489 675144
66 9 786462 787235
36 42 907424 913533
74 7 858663 862004
24 69 89904 95117
38 71 842654 848718
6 85 375095 375555
55 101 699183 701997
101 95 583523 584008
93 24 760829 768742
101 89 376689 380665
63 7 978540 979553
47 39 961868 965860
12 64 877687 887384
34 81 709318 714028
10 34 436363 438093
64 70 633189 640882
5 90 703714 711367
45 23 294 10049
77 41 537312 546699
16 14 218904 228064
68 62 132890 139626
27 8 40618 43379
70 98 30113 39045
34 83 899243 904156
89 25 103094 104694
93 79 781088 781821
2 31 373330 381374
61 100 159911 168654
76 48 265030 267520
58 81 627214 634100
100 47 78801 82311
82 5 93548 95819
48 39 666616 673401
18 61 148781 155926
78 50 228497 230443
19 78 916985 918339
12 94 865690 871796
49 85 907087 915218
48 6 322246 324212
99 87 935733 944780
4 6 313601 314426
21 54 47826 49225
13 73 45690 47572
17 7 973841 981782
68 65 392967 400947
34 53 577710 582091
31 40 354296 360950
91 59 250758 254476
65 25 522678 527685
45 100 524711 524886
13 34 936176 945333
12 41 452605 454619
30 12 392483 397244
40 74 287057 296532
78 40 545791 549808
17 12 602146 605525
40 28 811971 821304
81 54 316588 322684
23 36 743324 746257
31 96 12224 19305
78 17 324430 327537
18 64 170459 179963
29 101 109586 119197
92 81 84112 84519
94 45 329855 336546
54 13 480704 481026
84 26 109788 116647
20 13 762627 763276
23 84 857230 863919
7 69 462682 465608
92 46 656308 663223
70 22 501073 508733
48 15 640845 646673
70 56 753035 754973
86 90 443478 451716
22 65 800036 800710
9 81 471617 480911
27 90 707317 716114
44 22 427049 433438
17 66 820351 820867
1 67 34441 43844
17 20 438766 444068
87 9 826903 827804
27 101 129859 138404
37 12 590896 596566
7 95 479254 481494
62 34 51998 60519
74 25 136120 139505
18 29 785701 791913
33 73 919619 923324
17 29 908129 914869
36 73 776617 782866
39 24 107306 113532
9 29 491868 496201
60 12 346003 348366
53 48 968943 978708
46 91 161339 170251
3 7 381485 391141
58 87 60096 62782
26 44 102018 111588
15 98 768965 778716
84 87 287008 288834
82 48 469913 479548
101 24 836305 841121
86 97 186831 187235
77 10 109083 114667
0 49 665473 666016
75 81 850239 851580
18 85 982615 982977
80 57 459523 466639
47 11 726195 729981
13 43 539532 549236
25 28 435859 440992
67 69 423265 424005
39 86 134192 138874
57 96 173008 173273
61 76 73297 80765
55 58 931758 933410
12 48 574223 579979
79 14 35391 44044
56 12 602107 602596
4 37 980637 989789
60 95 674206 680943
51 35 242643 245059
53 13 593220 600317
30 10 160618 167084
64 63 750119 754255
85 18 566655 576333
96 57 287070 287897
99 82 633685 642463
94 0 591886 601809
33 18 911254 919239
24 14 406895 408358
7 4 770143 772497
14 27 923016 930233
59 55 196524 199904
38 28 976978 982903
49 34 956362 962310
9 55 347340 352997
88 70 486655 492012
12 50 355654 357746
57 61 264432 267593
57 22 677575 685467
26 4 73402 82999
28 67 9838 19743
11 79 215358 221649
94 23 950275 953914
42 5 962371 972323
69 5 176153 183366
3 72 313655 321992
40 60 230678 232081
8 88 57820 58013
7 66 262318 265560
79 29 803481 812335
20 0 239277 245760
61 40 996832 1005357
11 57 505725 512656
77 56 395542 405022
29 74 269251 271420
45 31 774868 784288
47 29 450766 454849
7 19 688118 689836
39 78 26449 27147
73 36 113303 120876
98 44 179770 185183
71 17 737793 742324
101 58 716819 722857
36 53 652507 653189
83 9 582685 583036
86 22 57817 63305
38 93 783723 792530
20 71 387658 394289
87 15 822787 826202
49 24 96501 97827
66 27 880895 890834
23 22 462605 469695
7 31 851470 859419
4 20 20988 26960
86 98 590358 597708
44 33 842776 851232
70 65 759925 764304
92 55 595379 604379
68 9 279423 282841
31 85 135424 140589
93 33 224941 229899
18 69 464080 468296
2 87 12084 21762
43 95 125139 133948
87 75 14919 15598
16 101 505371 509220
30 73 986186 988744
27 3 474308 483947
7 73 207559 208340
21 69 436602 442284
70 46 297897 301263
68 71 158674 165919
84 86 620828 626863
57 13 677038 677840
50 50 766256 766669
82 76 956344 962837
4 21 763760 765941
50 75 515757 517963
27 53 420739 427666
65 17 710236 711448
78 10 101476 104473
22 85 348974 349000
12 82 853789 860262
70 29 937655 945603
41 29 645668 655641
88 52 607168 607786
76 11 823038 829101
14 44 601132 608789
92 59 769766 776690
60 86 673651 673954
15 59 621209 622485
21 65 500496 509924
2 69 285840 291917
97 3 133367 141113
75 74 55724 58558
44 27 87749 94162
48 50 275284 279311
38 31 924485 927455
1 65 140041 144279
27 13 49825 52542
82 98 306085 314921
95 68 49087 53242
5 12 301520 310142
96 31 665865 669854
48 18 797423 799842
34 44 919450 925580
56 65 934065 934245
86 100 360585 365691
57 72 392627 392708
82 15 759838 762951
2 44 986197 989682
100 63 285619 288910
67 86 800363 808567
15 69 548660 551867
66 75 976017 981806
101 4 876353 878829
88 53 296465 302742
73 95 301263 303596
75 29 703483 707646
