14 1135
49 80 528801 533080
25 81 269813 276471
79 14 827180 828485
26 19 968573 975539
12 48 987418 992746
93 44 232876 237257
8 31 253857 257821
63 35 108031 111690
79 93 485001 487447
89 70 408209 413407
53 86 207078 214553
63 64 399254 407742
48 20 528922 530829
87 36 348235 353996
16 73 604096 609597
0 60 973717 980727
90 75 541652 543921
45 83 951855 958206
6 51 695235 700604
25 11 778141 778580
16 17 170827 176762
45 40 821924 827162
32 58 847618 849577
31 86 518828 524222
83 40 227571 230041
41 86 11766 12366
63 45 545261 546934
59 30 605031 606550
91 74 987658 990407
40 47 994606 1002992
54 2 784625 794170
79 13 401341 410340
73 39 352891 355042
45 12 877279 878387
18 41 501840 509129
76 51 979696 980900
39 72 247797 249768
50 98 990228 991998
51 53 197014 201799
46 47 922635 931296
98 77 778544 780621
28 6 99293 108878
0 12 576437 580993
71 66 994157 997177
69 37 504957 507906
79 44 405197 413684
30 59 268689 278257
85 30 316662 321744
82 15 963641 971901
52 9 708915 715822
20 14 329247 329601
32 43 855246 864167
25 101 612169 612983
41 100 461828 466800
12 93 253650 257454
57 60 352822 357717
81 4 635755 641388
85 51 162816 163235
60 46 157358 161285
40 83 869078 871425
45 46 767761 771225
52 81 332379 335749
25 65 494048 497592
81 27 280890 289737
46 20 371463 378549
55 28 47217 53500
64 74 674833 676486
80 51 546442 548827
12 85 481969 488668
57 28 469392 469549
87 74 565613 568479
63 21 40738 50350
10 5 228962 230097
41 74 463754 469916
11 47 810574 812194
14 81 559333 566850
87 80 222273 227712
12 54 107477 111003
8 91 729714 733910
3 41 372412 375756
81 75 934352 936716
64 95 171596 174399
16 58 589946 595107
55 22 638659 644114
19 94 850486 855822
29 59 720873 722335
90 45 443963 447391
71 63 755752 756664
41 28 212713 212997
12 37 404502 405364
60 52 783933 791019
15 69 247500 248521
100 52 790160 791485
70 45 367006 371365
49 62 615455 620207
81 98 258645 260796
6 78 242960 248397
48 22 643549 645756
85 3 287520 294936
80 5 566805 568357
100 70 148634 149097
90 66 681243 683220
93 49 621369 630389
44 64 631705 636558
83 87 917811 923289
38 38 27015 28022
35 37 172829 177320
95 54 986258 991712
50 3 235188 235753
79 46 727656 735774
72 40 673487 679757
91 32 717743 726394
96 69 731828 738418
54 74 558934 562493
76 37 431523 433732
26 69 28652 28786
92 51 957213 957281
84 17 955777 962482
97 100 199903 204494
98 56 184336 190315
84 84 414910 417960
60 83 306354 307262
87 85 178863 184072
19 8 484463 486689
74 50 981916 983135
83 36 495727 499812
84 12 49279 51623
34 23 499041 505709
82 42 931998 936896
74 97 733493 740372
75 96 163077 163555
24 30 450275 459227
61 35 397972 402432
87 101 916343 916784
39 30 169657 170668
42 53 466014 470734
47 40 824219 834045
11 41 930426 937664
40 7 856136 865303
82 5 840150 845940
50 11 710676 714686
10 63 818671 819340
55 51 7260 9710
29 65 856764 864557
14 57 908088 916288
24 51 163194 172015
13 44 775462 778817
31 71 457133 462910
46 2 93003 102322
94 77 58610 63435
87 33 373767 380658
87 91 972998 977826
56 74 462292 466428
98 88 404443 412238
89 49 897605 901328
81 83 17370 20737
2 81 251342 257067
33 35 560975 563764
36 57 881337 885194
97 82 461282 470978
7 7 697780 700442
24 6 809021 810266
9 5 106449 107282
98 3 852785 854535
9 40 282602 291357
25 25 451438 451988
38 89 100240 104987
28 11 392528 398277
37 41 455143 455408
24 31 315393 320551
62 77 115468 120226
80 69 415517 421907
69 20 871632 876267
33 36 212080 216921
97 50 399725 399757
69 46 826396 836324
87 97 818739 824513
79 39 308124 316272
42 73 251548 257457
59 35 920913 924465
19 2 428789 430329
22 3 731718 740393
57 57 224468 232328
55 23 298083 298795
27 76 259852 260403
45 51 186741 190065
13 93 886366 886702
66 92 112879 120794
34 13 349921 357097
81 50 808345 818119
38 23 915412 919955
24 81 555067 555156
6 34 709442 712457
10 13 485415 495280
0 95 311181 313641
3 39 52706 54607
25 22 548002 557640
52 48 307604 316631
3 68 759386 762365
55 14 210433 212889
40 15 985149 986667
62 81 874388 880316
84 100 127366 134507
60 63 668235 669308
77 75 611330 614249
35 90 938150 938558
50 18 268915 275160
30 79 408930 416763
25 33 208240 217307
52 62 584684 591333
77 11 241296 246556
2 57 656635 662837
36 76 26785 27803
14 18 628731 629117
14 50 499057 505421
34 60 663308 667746
92 81 632263 641542
65 29 533157 533475
3 56 81176 82202
12 34 499072 501343
25 74 475859 485097
16 95 717966 726923
75 10 389252 391245
12 67 700083 706359
52 77 546958 550793
30 17 241144 247902
21 73 833336 838861
62 39 648952 653864
21 36 22853 31610
97 98 745910 746769
55 52 121437 122634
2 51 467231 473763
47 88 791382 795574
99 3 917522 919280
64 92 893897 899264
6 47 630328 631744
85 39 543224 548380
101 17 404212 411696
68 87 448277 452716
74 46 438661 439075
90 6 475721 482940
42 22 450123 452680
33 67 72413 79832
3 34 335334 335858
61 33 268612 277726
77 67 288260 291843
20 86 739468 740240
93 10 701650 707701
83 72 821127 826630
63 51 251742 258685
63 28 247092 249967
9 72 348053 354720
44 7 151172 151859
51 35 657059 657228
49 52 560301 565687
45 11 178411 185625
82 84 954437 957832
51 26 580756 588338
67 35 214356 221602
65 84 127373 128322
41 98 786389 793291
37 31 221221 223155
32 98 102484 109043
74 26 107751 112271
43 18 530982 536341
66 68 701294 703109
29 8 470449 475333
15 56 852707 861441
54 73 244876 253773
74 98 199005 205060
32 21 970087 979970
37 58 8646 15403
28 51 233693 240167
88 32 141994 147835
14 1 927148 929754
43 51 862348 867453
76 48 317249 320002
27 35 698838 707101
85 81 398713 406157
9 19 511515 519613
19 18 502966 510879
89 6 568414 575541
24 32 759554 768333
26 60 965202 969127
56 3 506752 507621
41 67 126151 126796
63 17 533972 534513
14 77 590539 598048
51 44 721073 728697
18 40 526747 531128
13 68 594236 596628
64 71 579355 585637
90 99 588659 597362
46 12 36254 41372
46 100 115298 125232
11 69 279475 285004
9 23 235204 235948
24 55 286360 288348
70 13 164621 169310
0 93 453070 457032
67 72 540144 545689
72 85 168989 171016
51 17 222314 227577
8 7 858079 861442
70 85 579653 582353
59 71 678872 684179
94 34 34357 38964
91 54 995086 1004313
26 51 975234 976925
45 94 170062 172138
80 87 236135 245859
94 21 926331 933219
53 48 173004 180582
73 47 696385 698425
32 53 81745 88659
23 5 777169 784334
78 62 110244 114913
32 92 770308 770691
9 95 318763 324880
3 29 983564 988358
58 26 558600 559513
23 19 797629 801891
88 95 768447 778285
101 5 39555 45615
78 61 859973 866440
43 86 686018 692834
46 85 308592 315221
91 7 511787 519505
48 68 685207 691185
95 14 382264 385543
82 25 160116 167411
16 42 857564 860031
79 86 967007 969403
2 96 22227 23187
28 85 566407 574768
57 12 527181 529907
11 99 612562 622065
59 20 184653 186372
15 11 207156 211781
53 45 196657 203828
89 47 529719 535326
72 101 98790 100849
46 97 146626 153441
57 58 540528 544724
74 28 428239 431030
38 85 310626 313674
60 19 688931 698625
70 98 980051 989776
55 17 771482 779463
70 29 134547 143574
15 2 277684 286742
55 3 509429 516797
5 93 155173 161700
97 53 376290 381311
86 36 565576 569451
38 75 833041 837214
10 29 720431 726685
77 13 945120 951419
49 94 311691 319054
44 37 549475 549930
28 72 282396 285182
75 45 194250 199390
32 47 96725 103850
20 10 680199 682080
6 61 239827 243481
29 41 862928 863922
99 42 371279 376566
16 69 946977 949821
2 55 370553 374551
82 53 357638 363330
28 26 498443 500190
28 42 787875 793506
23 88 772833 782831
36 63 493921 502794
72 70 756351 766071
0 89 554185 563848
50 33 651462 654839
71 97 621515 628963
83 90 886050 886812
41 89 251815 258589
50 57 312487 313447
70 38 34088 35845
55 37 198132 199495
39 90 674384 675031
10 81 63049 69410
35 43 614179 618105
38 16 823146 829968
35 75 130555 138637
32 73 724247 726830
33 10 199692 204586
60 94 247230 256529
45 96 381073 382992
90 81 936481 938318
79 37 936427 939122
34 94 324108 331159
66 41 658895 663723
44 16 255414 262689
34 26 364142 373290
35 84 631060 638708
45 63 549922 559298
48 49 518420 522013
75 89 241901 251311
32 19 48643 51055
16 37 416546 423208
33 15 836417 840958
39 99 524310 526693
5 19 789249 797706
86 100 929414 931641
69 18 454117 460760
21 98 282205 285444
95 76 706563 708817
78 4 873638 877049
62 88 149514 150627
56 19 124462 125456
81 62 757988 765128
14 5 776444 778435
27 79 318454 327655
95 6 142040 143557
83 95 309725 317618
32 60 978253 979429
48 72 210691 214434
25 30 894517 903988
29 12 54103 59136
79 70 519191 527731
83 46 411626 418134
63 88 755959 762296
36 64 732605 735201
80 12 809156 812912
61 52 91745 99159
98 44 361499 365208
28 81 647575 648808
93 4 977438 977860
47 90 428010 435351
16 46 431095 435379
9 52 775339 777909
13 92 774008 782848
85 62 657521 661486
46 50 921765 927400
23 50 675183 678551
30 41 94236 100930
80 65 188041 190723
34 27 139472 140606
75 21 477940 478489
11 39 671261 671940
20 66 42788 46954
35 86 327175 329024
89 34 110346 112511
47 26 67265 73170
7 74 850878 853710
38 19 259968 266647
6 13 990832 993598
65 61 734134 737804
73 69 445681 448276
58 47 742394 750705
36 83 359294 360175
31 67 800418 808866
100 59 239420 248260
73 26 506407 509493
41 46 799426 804844
22 72 611192 616006
54 62 290759 291536
22 74 674210 680283
81 48 822794 826017
98 76 341393 346443
91 73 430096 435402
40 62 938168 941385
31 81 470645 478960
32 32 875987 876280
63 80 177644 185189
18 19 324287 333233
13 15 465256 473976
51 57 867059 867622
87 22 454397 460809
3 44 406198 406554
71 37 830189 835448
53 16 716347 725485
62 53 360679 363297
23 20 121796 123342
73 53 946654 948084
62 90 534798 536977
59 88 733481 735958
32 16 129970 135956
98 82 144904 150879
53 101 520239 523005
86 40 903845 905534
27 63 607881 610229
92 30 379227 379877
3 2 186926 192318
27 10 131044 132424
33 12 241545 249598
75 44 978055 984323
78 59 731914 734019
40 6 847171 850653
97 21 78936 81527
84 26 877905 882976
100 43 558663 559982
4 82 595591 598082
41 10 618836 623734
32 99 552662 552808
3 96 971177 972346
70 26 592229 597346
64 46 906344 910656
65 34 310199 318977
4 5 890794 894522
0 40 477769 479179
45 21 440361 450298
49 72 57749 57969
8 0 714449 720145
17 18 267652 273263
35 74 135326 141050
60 51 151827 158448
101 49 184218 185616
17 28 448719 452111
87 79 384668 391239
42 12 31571 41059
93 91 210359 216598
96 89 59288 64140
27 47 875522 879503
58 19 606220 608696
4 13 489394 496071
83 48 253392 260487
101 36 475261 482299
96 78 657045 658644
98 33 409072 417477
66 6 285748 288780
49 93 507090 515594
48 9 228067 228506
86 77 891032 891104
53 99 154366 164019
59 11 914473 915394
7 61 979040 985246
3 31 95005 100455
14 37 870142 875749
38 64 464145 464331
56 55 619520 628262
85 60 951828 956932
37 14 541589 542028
23 28 252270 262222
23 37 715112 718239
84 55 26675 35239
50 94 292759 298138
7 64 8331 15834
63 23 428628 432277
8 12 518602 526172
32 66 415640 415772
37 2 347346 354790
60 80 495801 504714
72 99 975080 976839
91 99 67943 71537
94 60 57056 64403
82 1 456866 461646
16 19 874496 875880
23 26 356262 363967
73 93 573896 583670
6 60 678712 685573
58 71 13335 19397
29 69 958730 962152
43 7 49612 57028
7 38 445305 454236
85 56 888915 891137
3 46 954626 960292
90 89 955501 957998
70 42 847553 850606
56 41 628310 630141
90 17 273215 273371
43 76 394081 402077
72 37 734809 744090
32 64 979136 981047
22 29 646859 650330
36 25 688887 691450
101 78 491199 495607
31 13 579344 580120
35 39 800315 805101
80 30 384160 385688
23 68 150651 152947
9 12 383273 392353
85 50 725648 733766
40 43 632426 641113
76 17 52756 61610
67 100 421570 430679
64 68 296173 301998
12 64 174751 178502
84 69 824545 827007
92 69 75765 76834
6 49 807458 814272
31 56 808824 813680
71 24 210604 211974
64 65 778908 780134
29 17 64732 71523
49 66 634866 635421
60 34 574033 577583
4 19 680528 686569
0 83 22696 28596
3 89 542435 550250
3 14 978832 979449
47 60 674563 683432
79 96 333548 340365
27 56 777870 784056
96 98 527389 532238
84 25 470396 479690
48 92 658074 667049
86 10 653402 659194
46 4 613035 622999
55 43 453559 460293
61 61 116410 121887
39 28 301083 310368
67 99 858726 865832
53 64 546711 555942
84 70 111523 112262
42 2 690031 699554
56 51 161853 170415
26 90 983055 989407
69 71 774988 780072
13 97 938536 946799
18 9 579773 580376
1 93 418053 422861
66 53 639460 644408
2 20 859688 865397
68 35 442659 448153
10 38 519236 528050
20 8 194918 195109
85 58 708368 708801
20 29 252608 257368
48 76 176126 183278
54 55 981202 984143
28 17 516135 523282
10 1 907804 915095
80 64 320039 329183
9 87 791681 799371
95 32 162279 166597
6 29 157679 159208
101 32 468736 469883
74 73 311943 316344
80 63 60687 64730
18 39 438505 441338
89 78 924315 925424
3 72 817283 817799
69 81 272855 281268
53 14 690828 696461
12 101 430839 431723
10 32 862130 871939
66 65 547162 555486
60 20 25881 35627
63 18 325213 327196
1 7 376950 380389
52 97 359571 368123
59 67 448039 455320
23 3 525671 531233
74 82 229211 230705
23 12 780154 789580
93 37 696809 697520
21 9 786445 788897
46 72 352545 360456
84 53 538909 542776
16 66 747761 754079
51 51 537920 542623
2 21 500621 502720
100 32 685254 688525
83 67 209702 219463
82 97 737516 740078
45 87 292534 293295
66 29 375507 376912
62 59 283376 291121
24 84 506795 510885
10 79 194126 196310
79 72 442916 447351
90 46 13318 17068
91 0 881834 883794
44 1 840778 846483
56 45 337262 343695
15 93 49180 49540
23 27 199980 203217
42 58 151906 156215
60 5 828104 832407
8 46 904949 905893
40 59 820974 822266
91 91 654105 663581
45 0 684068 689659
6 62 931636 936132
96 96 503290 505128
28 97 181600 184544
65 20 263222 270182
74 13 663850 667094
98 61 120563 121981
89 57 70849 76654
89 72 386026 391010
16 10 790983 799428
29 19 771044 776589
57 44 256943 266335
5 50 152007 160328
75 56 590201 591525
59 82 968168 969160
14 26 98305 108191
89 39 122492 130615
79 41 832938 842340
65 79 742240 750535
25 28 651821 658730
32 12 462718 470632
78 69 138624 141822
96 36 874816 875989
28 44 782854 783908
0 51 680310 686840
47 62 671950 677952
8 41 765238 771551
70 96 961744 967135
48 44 587874 597641
82 50 431217 437062
47 99 736033 740085
51 45 237529 239611
33 60 400848 401507
72 84 942480 949795
22 25 918417 921162
18 3 155185 160598
11 0 433674 435035
67 34 352768 361829
19 80 407202 412500
24 75 612357 613045
94 41 57223 60096
37 23 327587 335459
41 49 987432 996282
27 34 321125 322523
76 15 273205 276596
52 5 397624 398235
74 88 941096 950333
2 18 16459 16478
96 22 277631 286954
56 11 15205 18179
18 54 241227 247116
6 74 563326 571598
67 49 308607 309875
3 60 648327 650221
82 31 775189 782051
87 18 823247 832873
99 36 18688 22303
5 16 760243 768511
5 83 824020 832010
64 73 944474 946159
86 39 123241 128307
39 4 384628 386549
11 36 107508 108246
87 70 803405 810894
89 82 137373 137593
86 41 889514 894654
46 86 183364 189914
79 11 419405 425516
47 34 456362 463346
70 10 411883 416032
77 64 477617 483683
17 59 721015 726862
68 3 987320 994979
78 41 249223 256597
18 55 268311 276596
101 55 839859 843328
27 58 998112 1002446
86 35 651732 652837
51 11 99664 103432
80 91 289845 293703
71 39 9234 13840
23 99 396766 401087
39 89 576329 578870
52 21 532187 539408
82 85 947266 955706
99 82 25408 30817
17 71 273981 282562
47 41 678670 685951
49 56 971878 979494
5 61 689929 695419
12 62 93927 103418
15 27 950271 959719
69 36 79140 87566
4 25 67315 68104
78 3 164564 167709
82 8 588267 589529
98 42 49194 54739
30 68 544259 553448
65 67 781690 786570
54 25 914100 918398
76 50 162931 171198
27 18 149706 157464
42 13 240521 245332
38 3 478083 480291
6 99 276246 283679
4 94 667364 675962
73 66 910085 915360
22 49 321537 322095
85 32 404227 408489
64 30 600780 601746
1 13 12989 13311
78 64 491510 500895
3 84 909172 916108
46 26 581983 591840
75 13 464090 471105
40 21 65993 68982
87 38 478601 479675
34 63 37997 43250
5 57 741998 746517
29 87 368728 374787
90 76 145202 147735
44 12 859739 864670
71 98 31325 34548
24 7 916518 923254
10 42 79086 84247
29 64 792689 795496
87 89 648375 653639
74 66 625708 629371
94 78 215518 224304
56 76 356390 365921
44 32 70742 72177
60 49 320189 326476
8 80 969272 972138
61 65 429748 434127
88 74 985767 992038
11 35 139220 141875
68 52 335413 336695
60 60 218577 222730
34 99 417535 420851
43 26 264931 274390
43 5 23387 27682
100 94 745370 748532
5 62 304692 314440
91 29 988713 996268
4 15 244045 245348
0 24 456395 466315
71 54 290205 292270
15 90 385346 391898
97 2 538085 543419
35 35 430390 436372
66 23 782315 787035
83 14 797867 803488
63 15 375396 376715
54 51 554964 563922
70 67 531740 537241
47 57 564458 567198
4 3 748423 750496
1 24 281091 282966
101 83 231447 233798
4 91 442817 452423
85 26 427715 430546
100 75 395694 401905
1 50 801396 804593
92 34 645697 653053
65 9 894649 901799
23 22 105670 112725
26 49 648157 655884
71 11 112690 121333
101 72 857658 865976
61 67 285828 292550
32 20 561025 570682
73 86 586731 595262
75 81 233944 238908
15 30 270150 272089
76 12 476140 478753
35 98 704378 709169
67 61 593615 598002
19 95 720412 727623
58 28 82051 83900
65 11 765750 772834
37 96 82560 90818
39 9 300047 300741
24 78 404331 406446
27 38 497083 502180
5 41 330999 331377
47 72 451369 455104
10 33 76971 80893
12 41 915116 919485
12 79 52086 61122
22 18 200309 205012
68 96 349201 349336
73 4 805284 805622
47 46 532782 540507
29 84 151275 156962
79 25 296145 299625
47 83 16628 23455
93 3 634876 638851
10 97 325385 331462
85 67 23865 33459
51 65 176812 179126
7 6 809857 810709
22 39 176327 178940
93 18 586738 589190
2 64 772473 775378
71 76 657521 661262
49 46 153523 161326
37 73 674750 684411
95 70 684577 689849
61 95 139636 144483
101 94 141535 148765
20 0 599966 600993
28 30 148358 148770
2 62 608754 617228
2 44 825626 828503
87 50 989065 994223
43 57 836450 840574
3 12 422936 429187
72 18 576357 583698
16 15 178000 180067
64 37 986295 994034
49 4 111239 115544
21 11 651381 660178
94 64 778213 783485
76 34 314041 315345
51 50 412942 420496
100 84 244229 251201
54 12 182565 190448
63 12 13394 17904
84 19 733427 742723
14 95 113434 116037
38 5 60874 62500
67 52 643006 652228
57 8 744820 745392
81 88 285330 293339
41 2 552779 557243
13 11 761507 769323
72 64 383164 384585
41 53 629045 631913
68 86 300240 302210
61 77 562977 569242
94 19 939055 947232
27 33 153011 162209
26 99 248902 253757
7 34 702636 706360
70 84 264322 267840
71 52 288654 292264
17 83 907920 912930
73 24 104272 112459
82 9 103281 103941
57 59 566603 567777
17 97 814092 818588
100 55 996388 1002806
39 26 530527 540168
6 93 823580 831672
81 2 956618 962005
96 67 389863 393610
31 22 683552 689310
48 36 582342 585309
97 68 971416 976940
83 33 482069 485555
45 47 197284 198918
28 60 129898 133693
18 61 51869 61170
14 7 127783 134687
0 56 262301 269275
82 18 897461 904691
89 71 281466 284498
15 34 209894 216820
32 77 296086 303458
72 67 668369 672592
27 55 360884 367946
13 59 802749 811595
54 75 69795 74677
59 1 997305 999279
59 95 393175 400178
88 50 211286 220295
46 9 422071 431260
63 25 668578 669551
14 83 846958 847740
50 34 27296 33149
42 33 315928 321324
82 30 378574 385141
75 86 343010 352004
63 19 533727 542360
85 8 273513 278304
7 29 445138 445986
83 71 540438 547856
16 52 677553 682799
32 11 74889 75245
47 19 166653 173965
86 23 708691 714809
84 87 662326 665436
55 98 505450 513249
74 83 242571 245979
61 50 977348 984862
101 10 928356 929097
32 40 960920 962814
39 67 940371 945134
77 59 665679 670716
85 94 690133 698827
29 34 234820 237302
5 51 141251 150036
90 88 660240 661965
40 35 467931 473890
28 62 926603 929385
4 38 200705 206795
38 72 100094 103601
42 87 11975 19390
48 56 231424 237042
11 76 587786 594912
75 35 159513 159949
78 31 573242 574107
79 71 2362 5588
40 84 295179 299218
81 33 665315 667382
2 49 389977 397236
72 94 955799 959405
80 10 134242 141566
10 6 237317 241120
83 43 104734 112688
50 31 631401 636006
8 16 824074 826491
14 28 380037 386156
12 31 23695 26538
31 77 949144 952893
17 23 817747 825820
22 38 483730 486142
75 48 487124 488594
66 18 74653 82785
24 68 520929 529737
86 25 649342 649537
18 6 241800 248336
43 70 968503 970773
66 1 16265 25021
89 27 839996 840406
13 63 688349 697631
51 78 302792 310794
4 4 833395 842440
29 80 18056 20278
70 5 795677 798591
7 45 990441 991786
34 66 860285 867250
68 65 647971 654349
64 31 743266 748191
41 76 821958 826988
30 91 972409 978327
73 36 744003 746794
100 90 369752 371266
58 82 186499 186526
86 28 16123 21191
30 11 98474 103000
13 10 440588 444385
59 6 12528 20357
24 39 897389 902623
8 83 325199 333315
3 76 809279 814191
31 91 785646 792805
74 6 983736 991855
80 57 389524 399316
93 25 684565 689311
47 7 407416 414698
73 34 877813 887507
97 62 404725 408984
13 50 970279 976907
82 27 481782 486877
24 15 119489 125232
15 88 96159 97693
54 61 96215 100198
53 7 792276 800564
27 96 34969 43850
8 27 666246 671654
28 73 879290 883455
46 44 999746 1003513
15 46 575794 581639
25 13 417335 419721
75 69 901844 903929
2 89 825270 825330
62 97 433019 434796
0 50 182662 188464
82 35 961328 966767
100 68 812040 815076
73 18 324702 330400
26 48 691353 692098
69 90 121106 129111
27 5 179996 185542
81 78 904775 913767
14 40 812814 814242
21 74 405714 411996
56 42 143460 147630
72 32 723776 726569
65 52 265898 272802
32 63 80054 83344
17 15 506199 510879
80 9 102336 112286
55 18 86699 88307
77 32 162055 170782
53 0 739030 748045
76 32 909911 917761
1 18 589637 599242
61 5 674329 678426
95 57 928341 932826
87 65 320231 321015
62 3 43375 43542
2 15 171724 172831
57 18 809422 814066
84 15 367977 371246
81 56 949550 954042
69 41 759669 760407
65 77 74091 74160
52 0 151703 154127
101 81 99430 105799
55 89 188317 190333
32 41 649773 658497
77 100 447391 454298
76 65 970251 977139
17 53 837168 847015
14 49 12676 19316
0 76 709734 718910
60 14 392212 400608
92 16 766636 770594
91 36 400852 407282
87 48 641969 649946
50 64 787085 788424
1 73 872596 880460
81 64 200073 205395
0 80 404307 411466
19 84 710373 717029
90 30 461228 470942
32 91 458424 458898
49 67 516165 518272
14 6 911758 918731
20 50 365770 367562
80 46 351906 360600
19 59 932686 940915
3 99 369722 375957
42 27 974797 979079
40 44 215638 219816
96 65 369703 372792
93 19 288964 294756
26 7 792160 792706
100 98 887946 893732
4 63 317743 324916
101 37 538290 544568
76 59 408599 416269
73 42 277556 286877
5 15 169713 173674
41 32 21204 30111
11 25 34000 40533
32 56 632742 641740
72 26 64143 73470
56 18 101130 102717
84 10 167036 173385
59 81 378918 387095
90 33 874104 883483
49 16 765670 774848
52 4 531648 533912
14 70 489168 497856
36 22 604635 612489
