16 1543
93 86 382254 385313
56 96 490372 496538
47 4 299151 299213
65 3 951421 952842
47 88 99809 99963
26 37 871254 872013
49 26 216966 222876
86 13 129795 136427
58 41 479340 488575
71 56 920276 920474
54 44 111683 117479
83 34 287541 293268
14 62 20353 30286
55 46 833274 838844
54 26 163699 172174
87 32 829872 830983
1 9 275642 283527
91 80 706750 715335
10 33 63352 66589
32 45 745145 750444
34 66 41159 47932
27 48 75093 76521
100 74 403023 404169
23 79 876047 882228
36 22 143572 145131
8 46 359085 364769
18 91 649063 654214
65 56 228747 237251
48 6 900923 901216
61 84 897953 904920
11 98 986015 995712
37 67 720454 723903
68 39 426386 436169
99 44 56725 60155
56 53 595930 605104
67 19 923904 928932
60 20 842729 847318
50 33 37044 43176
14 4 582597 590240
41 70 198760 200920
62 37 266233 269617
57 23 118834 119612
93 52 855444 864624
41 53 597262 599166
92 83 856353 866055
86 17 9174 10893
26 53 761973 770807
81 43 17839 23191
55 66 626700 634741
61 68 614080 615796
1 0 767145 774146
46 0 841884 850868
77 74 695865 696673
38 51 740433 744933
3 48 551103 553680
73 39 766851 770231
2 0 611004 613345
88 39 223281 224191
24 36 785987 789508
58 37 224838 226651
17 81 640208 646535
25 68 629597 630044
27 68 943954 951611
29 54 286312 288165
92 64 309098 317421
56 39 961003 969331
34 49 880314 880633
47 1 954876 961745
90 32 330898 332259
69 96 496759 506733
11 6 948654 955596
89 89 795874 800070
4 37 405158 413707
86 39 944774 946107
4 22 583175 588705
71 97 753379 760464
40 4 976796 979741
21 30 93088 98402
56 63 233636 239210
82 66 399221 408409
31 24 806646 816143
16 30 851047 857323
13 52 625611 629748
29 84 753567 761713
86 81 374877 377185
54 33 148022 155131
33 47 923019 930373
22 88 1691 4977
89 33 147552 152136
16 82 592618 593281
18 79 461035 466756
65 5 875985 877269
27 42 951351 956858
11 24 410678 412477
77 29 900787 910618
12 73 328812 337129
28 65 293612 294743
36 53 667943 673021
28 4 580985 587662
27 86 470815 479412
43 7 558837 565586
80 97 138578 146335
59 52 432872 440293
26 63 44399 53992
62 91 395511 399421
101 71 831048 838626
88 93 117194 123188
21 96 227234 227925
71 34 320233 329389
48 19 993943 1002632
22 92 801195 807539
79 95 773152 773944
83 37 449050 449952
77 101 859085 868029
19 55 970374 972921
91 86 992876 993845
93 40 95668 105548
86 37 372217 374895
49 83 190496 191090
66 65 573390 582718
24 49 211528 220140
14 95 113530 119191
12 74 461163 469737
25 7 740654 744477
50 10 280362 286202
47 11 685598 691227
49 73 952576 959389
52 96 397927 402926
45 68 719175 728258
84 49 878713 887981
78 93 889940 893789
45 35 675839 684559
88 24 612622 615758
80 15 360142 369875
68 34 636661 643751
83 91 957329 960586
55 38 480810 482048
98 13 876559 877451
70 2 407716 413355
76 95 49631 55749
57 4 625430 625776
32 17 620235 624812
30 68 772089 772687
65 44 261256 271205
90 39 759939 764667
61 33 218637 228130
38 87 909586 916477
96 43 15259 18974
50 67 811913 813951
84 53 811853 813498
47 49 20544 26778
93 60 728515 737456
6 70 828672 837038
85 70 742184 749187
23 50 15761 18618
59 85 139127 143874
94 15 475934 485218
52 68 846901 850573
35 96 772087 780315
70 57 804781 814632
70 95 13900 14895
79 78 670999 677524
7 59 847805 856118
17 96 553028 556345
40 75 364019 365832
66 53 942085 943203
38 47 404501 414329
27 6 979084 981615
26 10 536714 544452
41 75 181463 190893
4 52 433136 439941
40 53 89080 95078
76 34 994983 1000366
27 90 393000 395330
3 61 705662 713086
32 22 28365 38139
44 59 630908 632340
8 16 78191 83759
76 59 122831 130073
23 101 319978 322375
25 29 828576 830910
93 49 204568 211496
7 1 141556 151140
85 14 952723 957015
60 39 472545 479970
67 69 241719 249321
14 25 298318 305313
46 65 277563 278445
95 19 232929 233768
43 66 719429 728207
8 33 820435 827616
22 5 926865 927775
101 97 921751 924855
23 13 637704 639051
12 63 777281 779251
61 59 468743 475977
31 36 118906 127287
88 98 265355 271186
48 33 548984 557100
1 44 811739 819152
88 57 984878 984921
34 75 462454 466755
76 81 214075 223194
77 30 688256 693975
84 89 936062 943177
71 65 716178 717467
71 27 714029 719391
85 20 351625 353454
60 16 610349 617647
7 19 360603 361215
7 71 430498 438895
15 37 517787 522488
0 22 314466 321399
19 93 945245 946545
30 79 152108 161499
65 77 823306 831572
39 70 215981 218286
19 6 667033 671232
44 69 165196 173312
50 88 775336 775568
86 61 685701 686931
98 32 38420 40358
46 8 492987 498619
97 34 739277 742582
68 45 790245 796151
51 34 636865 638345
17 55 302441 311101
2 13 211168 213412
33 45 216082 223071
59 34 882273 884666
99 58 605309 611569
101 63 531143 533646
88 23 981213 991072
44 87 764326 773879
74 43 971771 978288
91 85 747582 752072
22 40 618439 623428
24 33 470063 477644
9 73 6130 11046
15 99 673401 680066
58 29 632175 639066
40 95 175995 183448
2 44 542625 547620
52 26 243619 253499
48 73 39588 40304
36 12 925397 932724
18 49 519677 526483
78 41 69127 76700
3 79 643251 648980
76 19 364229 367498
86 4 531586 538148
65 86 275890 280026
61 38 120469 125021
41 81 903835 909429
76 70 204934 211586
59 93 482788 488273
39 85 657072 663975
66 20 12598 20464
7 56 884807 893028
80 21 432335 438178
55 88 809579 816109
22 71 376798 383441
10 43 713559 722142
63 24 106327 116139
33 3 225186 231236
37 7 321113 328376
25 30 692100 692696
17 43 364970 368848
6 54 7786 17662
8 58 49249 49384
88 27 974370 974957
24 39 304030 304983
12 68 500870 506645
26 20 665001 668347
3 4 862589 867243
13 93 805499 813536
0 45 218212 219777
16 22 27786 36085
8 12 305283 306163
26 78 538924 546443
90 90 369683 372360
41 0 728349 735220
40 20 43984 49918
34 39 771651 777098
43 93 363953 373821
51 64 454008 460143
99 81 792691 802682
67 23 93824 94797
97 56 186988 193603
62 43 502055 502344
85 31 278815 283609
74 42 594767 597326
0 27 70809 74624
58 13 888036 897860
49 101 64335 65837
99 84 618778 623871
20 21 376217 378916
18 4 739644 748322
88 64 57194 57713
16 7 962307 967384
25 58 638209 641058
70 79 814452 823080
16 58 17683 19241
81 48 843599 845828
57 3 583883 586034
99 8 251197 258083
72 63 712646 716892
98 0 605746 606325
10 83 481507 485824
31 60 320468 326015
89 41 178742 180715
38 56 542756 550129
5 16 672769 676852
90 59 412729 421111
3 63 199765 203636
64 58 551915 557380
88 17 951687 957494
39 7 800056 804849
81 61 489711 495454
66 21 665273 670563
27 87 211947 219141
74 37 979553 984605
75 43 216350 219328
73 2 813749 822473
49 88 462865 462910
2 2 356488 364189
76 66 300288 306637
69 22 345109 351727
59 31 408924 415399
70 44 129431 137002
90 40 820380 827549
93 30 419067 428966
69 49 797263 800507
42 71 312265 319593
12 94 859824 866768
98 22 871010 872694
79 56 930315 937804
79 72 416698 422857
42 22 302767 305010
42 78 713643 716778
62 12 208009 216821
66 55 510200 514067
28 37 907591 908974
46 29 404155 407385
51 17 743037 751253
95 51 602878 608543
39 89 985252 987476
46 11 580927 584939
21 9 485813 490262
74 88 604993 609465
63 96 303156 303352
92 85 127324 129395
52 12 934969 935116
97 76 359800 364664
19 57 777944 779982
57 82 17336 18214
20 83 341792 342437
56 37 144362 153771
32 7 868503 877454
50 39 823526 824750
5 42 815132 824326
28 6 781411 789892
27 33 985105 988806
92 25 329459 338037
88 61 554219 559441
88 2 178192 178958
1 93 109998 111062
69 77 239112 244972
62 0 518848 520787
73 15 158673 162400
63 78 557442 558142
52 85 823640 826456
87 0 670774 680765
23 82 858408 866580
90 93 941220 944695
32 37 608792 611402
63 93 164249 173520
41 3 680387 684469
96 22 882799 891964
11 81 43166 47078
32 86 773036 774569
61 48 334502 343739
45 58 938963 939626
79 45 545814 554632
94 80 221197 222867
13 62 974760 975507
101 88 752365 755977
7 30 473707 481501
32 68 495091 497288
23 83 497281 498799
72 9 530295 531071
45 3 517822 519731
27 13 448798 457480
67 7 873687 878266
8 38 4093 12603
96 4 522415 523520
36 0 295816 303214
11 67 782046 785215
78 60 727760 732010
85 97 130665 134763
45 8 495082 504115
58 98 799184 804405
22 47 778486 779819
90 30 521172 527603
91 90 910952 918060
68 27 182822 190556
30 95 329016 331269
27 56 629545 631417
95 12 579694 584129
74 89 316743 324582
63 48 513818 518215
32 33 977084 981419
0 84 755518 761328
96 16 192741 198680
34 48 799980 808901
9 94 301205 301667
32 35 581239 581983
97 47 881156 890394
25 48 812313 817413
12 19 463727 464995
35 40 837369 846124
63 58 33483 39537
11 63 316470 325120
35 48 743849 746822
57 68 560514 569578
86 11 33531 37191
49 91 393323 397527
0 78 449514 455845
67 12 786241 789975
8 96 911394 917613
45 46 136623 139820
0 90 945306 945955
32 72 59151 62911
61 35 469548 471882
10 55 646203 646922
89 12 157076 157580
23 21 952134 961887
39 21 320978 321384
84 92 594826 597609
57 95 8516 11442
17 12 807947 808780
31 77 614803 616338
32 82 876822 885197
34 28 937186 941776
99 5 827282 835417
99 54 532506 535792
7 64 484478 490600
100 16 502075 506271
31 16 481560 486839
76 48 302786 311135
59 21 662796 668071
2 46 732826 741249
90 80 7142 15164
87 39 997369 1001928
92 29 728874 733276
71 37 28697 30008
60 17 565536 565718
78 101 729064 731337
15 63 644856 652642
15 53 302389 308164
31 23 766748 769758
101 4 625966 630469
75 61 532965 540546
42 25 902760 909358
34 62 114282 115306
32 6 778877 779985
92 48 786367 789562
28 92 406946 408431
57 60 539851 543454
19 88 309046 315676
53 43 995346 1004995
20 97 630712 638095
57 29 339946 349161
66 67 145871 151411
17 94 964863 969359
9 83 874991 877217
16 63 346428 351138
52 61 904168 908534
49 60 142231 147096
20 47 889415 895567
50 63 646061 647926
18 29 576265 585610
38 65 127988 136697
52 53 939646 944949
0 9 571417 577131
42 8 416809 417473
44 0 741967 747597
42 83 795756 801139
75 10 235490 239248
18 77 839561 843631
44 11 770508 779307
10 97 353777 358844
58 18 669055 673471
47 73 689071 693779
78 27 19350 19402
11 27 788782 797036
42 77 767437 774396
49 66 1943 8086
0 97 142786 142820
19 24 876021 879240
67 49 471377 477407
57 27 146336 151691
69 63 865631 872526
5 100 514923 517205
47 70 701608 707947
11 92 49820 53595
64 16 497519 507285
11 10 816563 818763
57 39 707193 714120
20 94 778682 779985
79 86 282020 289102
37 54 464217 465193
24 2 570355 572097
34 69 485634 489769
35 63 298775 303647
77 21 79096 84043
79 40 454313 456935
27 27 618130 627563
25 38 695358 704829
89 10 887873 896025
40 27 57434 66600
6 1 75754 82288
53 51 111480 113451
71 63 610796 616463
5 14 826911 828865
78 67 211890 217671
21 4 106430 111289
52 76 173661 182619
100 49 259441 263385
32 48 141643 142777
101 96 385023 392892
21 38 225994 232554
53 2 979657 988839
0 40 755027 760574
70 18 201 10060
72 35 177732 185623
11 53 782836 790879
81 52 755931 760337
25 47 36820 39345
74 36 683681 684964
81 96 995132 997807
50 4 955072 957829
66 29 289915 295164
23 6 507297 512912
85 25 969875 976559
74 41 821358 828756
56 11 442815 447709
93 47 505410 513903
52 55 566468 575073
84 77 323122 328207
101 84 845128 851208
90 97 847177 856993
96 90 106988 110472
3 80 852278 858392
42 30 579367 584709
17 13 785979 791966
39 20 62391 69886
28 56 575776 581139
41 64 58400 59339
82 101 805352 813676
11 82 993566 999182
94 56 277804 281895
74 21 82801 91561
0 36 41310 42753
86 54 87430 94950
6 97 991261 994184
56 4 142627 146587
16 72 71198 72153
80 5 64544 71087
36 52 867104 875869
98 14 318496 327824
37 97 77481 82437
43 94 504908 512258
77 11 683192 689544
93 99 606227 609579
20 3 904317 911052
96 98 595412 603773
19 63 142388 147571
14 46 43266 47213
16 56 895586 895725
54 36 973373 978098
24 77 639893 640963
57 86 910239 917294
77 95 514256 514819
7 14 47106 56209
41 15 790338 796210
41 45 626313 635760
19 77 82028 84552
22 48 488947 491400
83 86 847373 847756
26 30 214589 214610
2 5 986948 995874
65 21 332237 336294
89 75 433952 438265
56 25 713800 717278
54 58 691705 698181
92 71 863090 869339
101 95 465723 470885
35 33 2272 4228
8 100 486838 493396
30 46 407751 416465
44 12 337505 342692
54 19 852408 856715
84 47 890415 894762
61 1 295656 298316
66 12 577863 584958
38 22 455120 459042
83 43 987276 989868
17 7 719943 726677
54 1 231328 231481
64 67 899452 902314
67 1 305107 309112
69 59 429692 431420
79 44 662216 671927
71 4 159107 169068
99 75 525869 525980
30 23 493468 498293
47 44 833383 841952
17 37 174143 181448
37 76 161769 171712
44 26 366295 366886
64 57 480411 488302
38 57 960762 969851
42 4 814260 815414
54 23 429370 432952
17 80 395753 400592
68 13 983876 990517
88 50 523309 524331
97 83 41914 44600
63 90 52717 59832
78 20 285795 286010
0 8 976724 984612
56 29 832949 840677
79 30 522049 528498
36 96 243355 252034
6 30 158 2256
37 46 360204 366237
28 90 984254 987882
79 39 549865 555985
23 12 687893 691256
38 3 153882 159679
14 93 722965 726562
99 4 818394 821809
28 25 49752 53367
15 52 250646 254245
33 12 626804 635842
1 100 164758 167007
40 42 387253 397178
68 88 424643 425445
37 95 627187 629909
14 29 978572 984337
63 66 629543 635729
0 80 188060 191519
8 62 427182 432458
50 0 436607 436949
59 12 921472 927923
96 9 681975 687654
45 29 399362 407379
23 19 564628 566548
18 39 367363 370298
91 61 394545 397872
20 11 737633 744117
89 15 263594 272929
14 32 145356 147895
22 85 335414 345203
87 95 504766 506711
98 25 115571 121695
64 18 448301 449153
18 63 910753 917431
92 57 126220 127337
90 21 933584 940320
77 57 151526 159822
22 69 603979 608926
8 50 562534 568370
38 70 547939 549399
24 45 973388 976712
45 76 358516 361298
92 13 479343 483863
19 79 1113 7904
88 80 724874 730485
80 34 282853 283530
72 101 627029 633797
98 71 992795 998446
0 15 8751 9769
44 61 130508 139725
95 52 503944 508976
5 97 837288 846713
5 60 446004 455856
39 24 569144 576768
81 8 984702 988492
76 10 694503 702236
16 78 861312 864482
71 1 122240 129799
56 0 684598 693098
27 57 351894 354886
41 23 928339 934347
39 34 889118 889337
50 53 790991 794631
47 5 920828 924410
88 68 331051 331776
7 11 468245 468321
73 78 575442 581884
79 7 754546 764092
40 9 376405 377424
82 46 644416 650037
92 51 836804 839342
9 97 869710 876675
46 72 95266 96529
18 58 921220 930769
65 50 408961 416031
52 74 58867 66644
29 44 245409 253866
82 43 403533 411565
66 22 397075 398205
4 94 80001 80076
22 51 315151 320307
77 13 145589 150076
28 34 779899 784809
89 57 369946 371935
2 97 530325 530417
15 101 750716 759507
16 34 784679 792135
38 40 226784 226984
28 51 76560 81953
42 61 627803 635247
30 86 112511 121786
2 43 764959 773512
30 65 864560 866455
33 24 222383 226174
99 71 889195 895974
98 72 568504 574316
68 90 129097 133826
18 64 484224 489919
4 43 498161 507384
47 90 721045 721350
19 65 889974 893821
15 75 327918 333859
57 100 984066 992775
26 68 603743 609531
89 4 964790 969129
63 89 486824 488380
95 9 67478 76913
20 20 847079 854010
101 62 867338 873242
28 26 645834 648329
92 19 151608 155153
81 39 526194 528805
34 77 168350 172854
1 95 445466 455198
88 1 723421 729950
37 17 166014 175136
58 88 787809 788022
27 0 38066 41965
50 11 25867 32432
68 59 728024 728807
59 54 319048 319529
49 87 431041 434061
32 59 481294 481471
6 19 119757 124434
42 15 588063 592165
44 99 792692 800065
51 61 488529 489221
16 14 129759 134056
95 77 631020 636154
4 30 156448 165588
65 19 996356 1000574
86 85 37372 37705
83 55 501769 511502
23 29 686384 691194
22 86 73835 78215
34 87 896903 902611
47 7 603594 610222
82 45 446246 446274
37 101 619750 620507
83 10 941027 942169
10 87 495665 500575
70 88 743371 745433
90 9 838714 848610
45 94 958532 959313
35 11 72691 81941
74 18 815359 819045
79 91 93574 95082
90 81 136473 140529
14 30 1202 4631
29 87 998952 1004752
70 62 43419 48946
84 9 642037 643995
13 99 257322 263029
67 16 375797 380188
72 33 84147 89477
74 9 66770 67394
70 42 951207 957857
15 62 523539 525355
67 97 101769 107263
2 59 621995 628939
9 51 612063 620206
80 71 388070 389493
54 35 709788 715968
76 96 640054 647182
76 5 555358 562044
69 44 736592 746536
38 75 494507 502595
61 91 442563 445303
19 31 361105 369685
78 32 268585 272296
87 19 377574 379392
73 36 332919 337944
69 30 353120 360985
100 7 744631 748742
7 54 96519 104381
18 80 372908 374343
8 1 706673 706940
1 8 161712 170038
29 97 749196 756098
62 87 292036 296564
87 85 559922 560365
59 2 632237 634541
30 31 890121 897560
57 85 573923 579918
16 51 893879 902082
73 73 975586 976067
50 96 59241 68448
75 36 962480 969447
68 46 736954 742316
55 47 997808 998085
22 100 615057 624193
92 43 705242 709536
44 64 893542 902528
11 99 132694 139358
22 17 200426 200931
57 55 85949 95182
6 26 699819 705106
50 8 418969 420215
48 63 274047 277161
86 26 827441 827885
4 67 873347 877013
42 94 522433 530536
97 51 471510 478562
98 73 120758 123479
84 11 736951 736957
96 5 275822 283805
83 75 667157 671279
99 57 324137 333785
54 62 429208 438557
25 62 370744 377962
60 18 581257 582431
57 91 490129 497492
43 80 568270 577924
87 94 85045 95028
1 57 516841 519819
54 73 978806 985991
34 67 927214 937177
39 100 871820 878477
96 26 813690 820026
11 47 580519 581055
86 16 52588 53738
50 40 614414 619604
2 34 308944 315278
16 76 742279 751884
53 34 697437 705965
64 84 781091 786930
54 51 371778 379986
85 5 241388 243946
54 2 465506 470305
37 13 280341 282133
49 49 153041 158074
18 28 97606 104747
84 17 464879 473077
71 49 781460 786065
97 62 265336 268548
0 63 23671 32201
22 26 241834 250914
72 74 351503 360754
89 55 820307 827374
0 68 958645 959146
59 35 185524 192904
55 73 790418 799047
44 48 942741 948350
11 58 475200 478305
73 45 43126 45413
78 26 551519 557061
61 2 489676 496629
50 23 163561 172470
81 87 925834 931919
85 8 38473 41463
61 97 934248 935459
96 39 771612 775348
91 88 150907 152449
82 71 387465 394169
93 72 543096 546392
21 88 934527 937297
12 10 457344 464890
69 12 697873 703671
69 15 762399 762929
77 93 489439 492116
79 4 482411 482584
0 65 600977 602084
11 19 199987 200969
2 99 786325 787244
21 87 818490 826530
2 27 548583 549621
18 62 424938 426887
38 26 318276 325068
15 70 40846 47152
70 97 196216 205466
70 55 521345 522459
62 42 216428 217874
41 55 248414 250008
96 67 397362 401878
39 41 550975 556376
77 12 63963 69770
92 68 637261 637525
16 8 806652 807215
85 42 195980 196541
100 30 668526 671586
18 32 108468 116396
20 87 882291 885573
2 15 947441 951889
23 91 661037 662309
28 83 577368 584395
85 83 895484 900187
101 14 453094 459987
10 37 43186 50368
70 20 164287 169377
25 64 175150 180685
80 46 655058 656224
99 78 951859 954731
35 53 870285 875737
49 45 61236 69546
2 95 523524 532403
27 47 395153 400799
94 50 111807 120694
91 42 43494 44779
8 88 140954 142772
73 8 977228 980288
82 27 75022 83682
25 81 874470 875088
56 49 891940 900648
9 35 377546 383071
87 7 748018 752352
24 11 626988 627192
42 20 535965 545030
2 42 883425 891755
34 22 591933 601067
40 2 696760 696794
93 45 905778 913582
4 20 17579 21077
61 77 499516 507013
88 41 524987 530436
89 94 628755 630259
56 2 624321 630419
23 73 568837 575150
38 85 873613 874648
48 90 548655 550806
35 65 705259 711975
45 69 373423 381410
44 15 987933 988273
37 26 149119 157469
74 98 421261 428208
6 38 100711 104591
70 92 964178 968544
4 28 694783 696251
50 14 913159 920962
8 81 343122 346046
34 9 166133 174684
2 52 499499 509168
3 82 321279 321641
12 3 429435 438504
84 68 347235 352803
101 77 475708 479795
17 30 702072 704512
30 69 743378 749545
11 73 145610 150323
46 92 735252 735379
28 18 809787 813653
46 80 239063 244217
75 72 549966 554725
88 97 585378 588365
24 61 431087 440900
56 33 289079 291863
86 66 610479 613481
15 23 336364 340903
73 40 580542 589815
7 45 892225 898559
17 2 921368 927377
77 52 813509 814615
52 39 686368 695458
46 43 91575 100951
10 14 685420 694318
62 44 334686 334987
73 30 255040 263661
13 25 992212 993838
62 33 470110 473381
101 25 642910 650810
1 36 536677 543950
31 73 316346 325176
14 38 345447 347046
42 48 942316 950347
94 42 364389 368196
35 29 394113 395060
22 98 919193 919266
14 65 247193 256581
12 79 361663 368764
62 96 609057 618655
48 80 718584 726804
10 58 523809 533781
58 58 677326 678308
35 70 238342 240450
33 1 731591 734080
14 97 394228 401491
91 84 845195 849247
7 0 101678 107307
78 68 588260 593401
71 25 230031 230059
93 33 638870 639624
84 75 709985 716277
18 0 908822 914995
69 14 872834 880899
75 6 516922 517016
59 84 873564 875867
63 57 975716 979023
32 42 316954 323896
56 100 638732 644125
50 18 905589 913568
82 59 692313 700895
52 73 513579 514913
60 84 594253 599808
45 77 624238 633776
22 65 730270 737894
65 29 990245 991105
72 37 738913 740607
26 17 157880 162346
9 20 730973 737401
48 82 942220 949677
23 31 207030 207745
43 26 738852 744625
18 88 874359 880625
47 99 828787 830722
26 32 877209 878524
88 6 824637 824940
97 90 9450 9897
97 86 866972 876350
38 14 927242 936639
101 21 682003 689098
95 59 399494 402934
15 29 901878 911100
63 94 649550 650619
78 49 28363 29947
54 4 160356 169960
80 92 444761 448651
37 8 17515 23861
4 38 871532 879479
24 66 31726 39545
50 2 335094 342146
89 80 531902 537266
14 94 721140 726897
10 59 764191 766176
11 35 360647 361752
27 101 976277 984741
24 70 294140 298363
74 27 62363 67546
99 53 504237 506264
63 84 485864 494927
29 19 799178 805517
96 20 756118 756819
3 35 545743 545861
42 6 600888 606140
20 18 13347 22548
16 98 748402 753583
39 56 126750 128264
9 49 177950 184598
24 46 718520 725832
4 75 785478 793349
2 85 229425 230442
0 42 803099 809912
93 64 236583 244696
10 57 513061 514280
34 20 883320 884998
94 32 694702 695501
80 98 107368 115391
10 77 59797 68966
20 71 909137 915712
52 14 989278 991586
5 71 457562 466723
11 57 781492 787281
92 46 382868 387090
36 88 532331 532683
12 22 3520 5318
26 51 725839 730077
74 59 995753 1004976
2 74 561985 563205
22 20 208887 217108
50 93 37 2072
10 94 588424 593650
13 37 819493 826522
31 17 424462 426111
55 99 800954 802831
67 63 93067 100826
4 95 533087 533145
24 64 507151 508909
24 80 462022 466624
42 36 844938 845296
79 65 65262 65745
14 78 434693 443323
13 64 367301 376453
25 63 642772 649200
53 61 847293 850589
100 8 527566 527874
16 21 490381 494489
73 94 810778 818797
11 74 413345 413905
2 23 541589 543199
67 67 805045 809290
59 76 451538 459983
12 27 441252 444135
25 44 736996 742134
97 94 453796 457537
76 33 111792 115455
64 59 977040 977578
79 55 466863 473978
78 30 507698 513086
17 48 525991 533138
71 42 845856 848706
60 53 711995 717372
87 74 592673 599205
97 24 176239 176836
46 26 596889 600280
82 48 371280 374549
78 100 421348 422510
38 78 159491 167629
36 29 33969 35906
46 5 655174 659423
12 20 765037 766372
43 78 810853 817814
15 18 299738 308885
25 33 18848 26015
29 27 887786 890774
16 59 531391 532424
11 68 312578 321132
13 74 171007 172336
90 45 789407 796393
97 74 841414 843052
1 90 124572 133942
84 33 629263 636426
27 20 339982 348332
72 31 113632 116392
67 11 931505 932729
45 4 475383 484627
60 48 28607 31142
83 98 623214 624826
39 38 5450 7119
33 79 62498 71267
27 73 631573 636172
50 41 427114 430587
33 15 812106 819253
78 64 533839 542416
67 99 446174 452081
62 52 833082 833126
41 33 251157 254294
55 60 143165 143573
96 7 925297 935157
33 51 886844 890744
13 21 835131 843801
9 39 877248 882481
42 74 257246 266393
9 99 925105 933272
99 88 97512 101298
36 55 566971 572972
18 74 928299 931657
56 62 504668 508612
87 8 181199 190623
4 44 708323 716356
24 27 547510 552417
31 67 671702 681601
9 98 249017 250365
84 65 458083 460284
36 47 408614 413834
28 86 557128 565022
92 40 365542 372212
15 98 801374 811012
62 10 26793 35710
10 73 243583 246876
47 101 493988 498651
52 46 98013 99560
73 5 294095 303424
74 13 966161 968638
25 16 853946 859594
92 18 250154 258882
42 72 221035 226374
39 69 941257 943177
88 38 736732 738541
49 11 264890 274435
6 93 801703 809384
63 11 523632 531409
88 69 429688 437391
19 25 535282 544622
10 39 391489 396533
21 92 423341 432131
15 16 967678 977555
59 74 790960 796965
40 60 815825 822810
54 80 442223 446035
53 66 930810 939832
18 90 156525 160091
8 48 668177 672694
13 31 497880 500121
99 12 930431 936388
48 81 40510 44228
68 0 77945 78051
12 50 8700 13145
46 39 229608 230657
20 100 587017 593173
1 48 823279 829399
82 32 970960 980497
47 47 805298 806605
5 73 320705 330093
56 24 828454 828703
54 25 988325 995226
61 8 289942 293652
68 96 420048 422627
64 1 138467 147400
9 101 699016 708871
9 74 331240 337302
73 62 677173 683486
43 44 913241 916927
28 46 871044 872531
30 26 320171 325522
43 5 222931 230849
91 71 79374 83536
11 32 102491 106788
9 96 14217 16962
72 67 185418 192729
4 0 492524 497348
0 91 185738 187378
45 39 946688 950006
53 15 954830 956963
70 17 75418 84901
3 95 459671 465276
100 1 256056 264455
92 8 917575 920991
69 66 176006 184388
94 27 900013 901611
17 25 962759 972087
100 68 708394 713998
53 93 374659 375994
86 9 480971 488477
49 29 646151 654586
75 2 71366 75262
31 9 311771 315160
72 79 317139 325705
56 76 871576 873964
79 52 681308 691128
30 93 444383 449740
91 33 527448 528552
59 43 878185 887575
60 57 110012 110436
85 100 619338 626827
100 61 278071 282135
45 65 581055 581558
3 58 74795 80548
22 37 606135 614416
91 46 577304 582808
49 82 942638 943028
82 53 849971 858905
92 16 841547 847149
17 11 888119 897904
27 92 975689 983266
52 51 921175 926180
85 50 935392 939537
98 91 214370 221261
28 74 545476 545735
62 57 812887 819398
64 62 15485 16595
38 93 292469 298303
5 43 57093 63735
1 42 27429 28620
38 95 973757 982626
93 8 121242 128963
38 55 15604 18513
55 35 759862 763905
52 3 70479 78136
89 95 546313 548524
22 90 110601 111379
66 36 447692 452233
61 86 345258 349637
54 95 197972 202378
59 36 299441 301368
21 34 711622 713932
1 21 829999 839146
3 65 799449 806023
80 27 205491 208659
3 14 729163 738851
88 13 59288 67547
56 46 158081 160543
71 7 80716 81158
57 14 313686 323643
46 75 969351 976702
21 27 344474 349705
28 33 21045 30110
57 11 644724 648530
89 98 382985 387437
56 88 149985 151687
24 30 571453 574159
33 48 588241 595756
17 56 403922 404344
94 12 96540 100544
91 73 176059 185220
76 67 126168 126441
80 89 490855 494549
44 18 747583 752108
28 38 93216 97753
23 75 391501 395765
64 63 202491 202621
98 48 866406 871965
52 77 95647 96385
9 64 714179 716808
46 35 493842 497857
85 72 143849 149405
13 22 530842 536778
44 88 197466 205865
82 67 213755 213847
7 29 825053 833775
51 37 809482 816697
47 40 104111 107208
26 54 717381 726588
22 83 800145 809041
65 89 65812 69212
59 6 601638 606019
1 63 408560 417931
5 28 611282 620353
50 101 870526 879058
100 50 795714 798617
99 9 834232 842437
44 93 576170 583609
7 93 143932 151125
15 7 594429 603929
70 0 572823 579552
28 66 763712 772598
15 86 163248 166704
54 6 763738 767629
49 74 808315 812114
100 80 298628 307527
60 63 702603 702950
76 64 300622 308898
83 42 488822 489084
40 87 291798 300939
36 72 550637 553428
94 52 94635 100442
75 48 749940 759321
91 101 869837 877921
101 6 883373 883855
73 82 974083 976382
57 75 67955 74010
25 37 215338 224932
4 17 551963 560825
24 32 15831 23052
92 100 206660 213704
72 96 451866 456641
36 86 132050 132481
72 66 890721 894088
22 46 511091 514686
18 67 802026 803473
19 15 693162 695309
33 89 271400 275353
49 23 300799 309121
56 52 99195 107981
34 90 226889 228068
18 50 674345 681353
75 65 435124 444659
24 1 681619 686153
14 83 300590 301687
5 13 827471 828681
83 32 552117 557741
71 12 377020 377235
43 79 753852 761548
1 89 402100 405763
91 62 493730 496779
92 9 363654 367193
70 101 856342 859179
45 17 159810 167129
29 56 377801 386972
60 66 773640 779400
74 39 752801 758912
44 85 325242 333812
7 38 929586 934154
15 94 474778 479744
52 70 938274 941440
77 75 369808 373679
98 74 737020 745621
35 7 852166 855793
30 40 832571 833881
93 57 722974 723619
66 56 133667 135573
72 97 937589 939274
91 36 191452 198985
73 91 431066 431561
81 73 291326 294645
23 15 933853 937284
92 7 729493 733587
19 45 167950 176180
14 45 894581 895212
74 0 541504 544993
48 31 813865 822854
80 60 587719 593228
51 42 610579 620196
52 56 279511 285952
62 95 370815 371497
21 0 75282 75963
54 32 673174 674790
66 86 596004 600097
98 24 597173 602297
64 61 610353 613302
40 93 864513 865955
14 64 614606 620977
83 92 505032 509457
23 56 852339 859286
15 6 743122 743792
22 35 60037 69184
89 63 73896 78662
39 35 707813 715526
101 7 470020 476158
23 45 805595 806563
74 71 689461 697444
17 77 289774 293755
50 28 917665 919968
68 80 575729 585626
53 87 758925 765352
99 96 971248 979029
80 50 914382 914863
43 40 823717 828876
84 14 709813 712955
91 49 457683 460645
5 58 638739 645324
30 85 392612 393225
74 4 188667 192411
100 58 940018 943689
11 94 787758 796731
89 60 719351 719888
63 71 491051 499818
10 32 478564 479996
43 18 451644 457555
14 33 94213 98867
37 2 7135 14173
40 59 233756 236652
43 52 944828 954798
52 35 778480 787163
31 99 985149 986700
75 87 385797 389824
66 30 914163 919288
85 15 494195 501459
59 13 560577 568978
5 1 446724 456648
45 93 374121 378807
67 44 340256 347334
50 68 423120 428999
8 71 831880 834283
22 19 125084 133295
1 7 88361 92055
5 78 552424 558563
11 52 65032 72978
47 95 257191 262256
61 18 624856 634016
27 81 170619 178765
99 67 296066 297143
33 75 901408 904209
6 47 596017 597105
100 67 875586 880520
95 30 428094 429389
29 51 774617 775106
65 10 216776 222579
63 67 656030 661636
101 36 615069 616348
35 43 205982 212991
18 23 376775 386351
3 2 523094 525172
45 95 180917 188834
12 23 574389 576404
21 93 678863 681361
44 20 613731 621869
10 10 690556 696694
22 60 186830 194190
75 84 298558 300441
70 43 416349 419832
44 53 561606 570945
97 44 449725 459104
95 79 794713 794954
69 5 595237 596549
43 0 909012 914058
36 82 27168 28305
10 1 462206 469848
29 77 199860 200467
89 70 100106 109288
45 19 212591 217605
23 38 332110 336815
74 32 393967 401873
18 96 10757 15060
6 59 487007 490372
9 75 792901 794537
36 44 669459 670041
38 94 961995 966100
95 62 206839 214866
71 33 323351 328836
7 7 676826 684785
26 47 54471 59837
84 7 687890 692588
40 43 796381 805959
99 16 921671 927724
75 49 583932 593496
81 40 748238 753585
21 55 475807 485800
26 25 264926 271128
72 56 814763 817694
29 47 538468 540475
50 22 973560 977011
48 88 539515 547636
87 70 457602 460463
69 82 517343 521494
43 68 30023 30894
92 101 543810 550594
48 69 104677 106956
37 33 691909 694096
12 76 249023 251087
45 47 794149 795323
77 50 917347 919252
61 17 511905 515727
100 9 882141 884624
99 37 581929 587953
51 89 74808 84089
83 96 209601 219586
5 45 209730 219532
95 5 235881 242644
11 96 843542 846871
28 97 951482 961359
67 96 178214 184525
56 20 328886 337725
69 27 739366 741088
81 74 910669 911974
7 35 818253 825802
23 94 830162 835492
9 41 987852 993517
75 13 747936 755499
66 15 208168 214282
93 62 545134 549894
