19 1592
19 93 5981 7914
47 97 677489 680446
1 74 375749 383305
27 23 626646 635387
76 60 744564 751755
31 36 327586 334833
43 44 332653 334178
84 87 537956 546038
96 98 361114 361235
47 2 711836 720938
54 70 557758 559640
86 45 100973 102335
60 27 667474 671628
17 30 932375 940186
21 90 359293 359911
60 99 568795 574193
10 17 347445 357087
8 0 136859 138970
13 45 907288 908155
0 94 467338 470957
77 30 964504 968308
66 46 914733 921297
34 80 683239 684777
32 73 580171 581550
70 29 758103 762264
35 90 786123 787160
32 9 525833 531177
96 31 580515 590291
3 11 469806 470947
67 40 353290 360236
15 35 634902 635967
7 24 186430 189403
84 37 707771 713237
34 32 835193 838294
100 7 219611 220506
74 99 876295 883936
69 22 1150 10521
42 35 667576 670763
96 50 415325 418915
48 76 627063 630374
63 22 435187 437524
25 26 897750 907244
59 55 915044 923299
1 64 750962 760868
0 45 285830 295572
83 61 524271 530340
4 94 26374 30003
31 87 536242 539863
84 40 144346 148030
20 28 920723 922373
13 44 229439 229708
84 24 930492 940401
52 51 566960 573952
5 51 192469 197547
24 18 654337 659738
71 101 925004 931383
96 69 312660 313947
14 3 514125 521255
19 25 982385 991017
8 56 310023 313623
59 86 409610 418684
24 79 997048 1003719
27 93 443476 446117
5 82 850084 856223
96 4 766418 770361
59 32 338780 344921
60 32 448877 448929
27 46 11386 20008
58 19 220147 223185
82 13 547708 548354
89 3 623891 626297
28 55 49614 52858
65 22 433494 440945
10 3 261123 263636
78 65 737652 745664
101 19 991529 993881
15 80 430532 430913
76 95 220698 229799
50 14 302880 303727
66 54 796035 796487
74 1 694316 703110
83 96 420198 422805
72 48 40169 42785
99 96 702941 706569
11 41 825942 830527
29 35 150163 154739
17 61 704352 712696
7 49 67264 75022
49 62 701337 706578
83 24 56223 63848
3 35 226770 230800
94 87 940913 942932
79 24 522683 531401
48 63 885094 894583
42 38 345457 345700
67 32 303698 308077
41 42 337524 343934
101 93 810884 817311
56 81 977695 981274
34 85 634594 634620
60 33 283986 285540
31 69 356436 361935
42 66 825602 832525
18 32 121603 130590
19 3 296615 305178
79 2 390809 391432
65 8 143114 153092
51 19 375683 379386
75 87 435430 437781
83 64 126238 129466
55 44 61459 70524
18 12 818285 824018
83 101 491537 492997
16 48 990251 992797
24 43 527681 536480
98 74 872512 872659
60 24 834457 835000
26 9 898792 908121
3 48 865434 874300
9 49 482595 492203
77 16 796405 802594
1 71 667236 672974
7 10 569449 570057
63 58 641960 642034
3 65 20143 24429
25 30 268626 270363
39 65 815276 815832
63 56 668092 669870
81 87 177305 179076
56 54 233059 237732
2 89 221240 230854
86 3 621192 623071
47 5 221646 222539
71 99 38198 46991
45 4 319127 326701
97 73 608353 613657
66 1 530952 531516
60 4 506236 509711
100 82 268872 270916
59 17 880675 881875
28 97 234011 242673
101 78 212875 214796
58 39 441037 444085
53 4 522659 523288
82 40 126931 128801
76 52 847334 852331
10 69 657530 666331
64 30 776352 785011
82 7 163145 170943
89 51 222226 229252
38 44 912030 912175
55 30 327577 333619
3 66 868905 878810
69 81 592709 594345
101 97 345285 354208
62 66 571999 576872
12 50 203501 210409
50 31 596369 597728
44 37 641914 646569
6 69 114374 120408
57 81 589027 591082
12 46 341541 346004
60 87 190421 198197
91 20 401471 402966
36 96 326815 336141
67 15 35069 37053
95 90 526952 531932
83 37 611305 613678
3 91 867652 876322
0 31 465741 474837
31 59 829723 838306
88 29 246722 249083
29 34 319215 320431
42 46 873164 878776
76 17 813975 820604
80 63 108902 115234
74 100 587895 596696
68 6 941943 942553
85 6 111911 119778
80 47 598360 600666
23 17 69162 74292
90 48 459416 464518
39 4 45042 48782
55 12 443188 452285
56 65 485644 486293
76 7 308200 314190
96 63 738465 743410
42 39 232504 242330
16 88 197718 198842
53 30 969950 976306
36 25 225977 235871
66 31 519452 519733
43 49 675181 682680
39 3 56452 59824
89 8 412365 419605
4 29 941670 941895
27 27 497044 498620
21 20 731309 735042
48 17 223584 225603
59 30 91155 100225
15 44 99041 102912
59 70 725304 725721
77 76 739326 745844
12 39 99326 107824
6 78 516785 524012
59 27 717837 725941
96 3 400631 406082
54 90 885939 892343
58 3 306283 308280
10 46 308307 311934
48 16 284719 294559
5 26 899164 905141
27 43 983527 986772
19 51 388758 391118
65 53 441178 446502
74 93 526801 526937
63 6 324494 329965
83 3 141794 150676
40 74 608887 616537
61 101 997028 1006473
49 36 689837 695578
67 29 431371 439695
3 99 321960 327362
58 13 36662 43826
63 3 954574 956339
39 22 760031 767227
66 86 971266 977370
31 31 814423 819548
8 83 470092 473475
93 50 218817 224820
70 51 11143 15104
60 42 127728 137312
55 16 417261 418168
0 48 566635 572506
47 32 763761 773014
44 90 657988 660832
15 36 802206 804794
30 82 649759 659448
90 60 509774 510076
64 48 774741 782862
57 56 343876 348094
66 2 368242 374509
81 32 42955 48304
11 34 734054 743980
36 18 78899 85870
15 1 830548 839334
14 12 803608 809529
7 101 519626 521408
25 6 721569 722266
95 23 385498 387909
54 88 943149 946540
11 83 580813 584703
63 68 731571 738380
35 33 51095 56716
57 58 345501 347228
60 19 328897 330766
33 30 319939 321579
22 5 533589 542458
79 35 147090 156924
45 84 83486 85352
13 3 767673 770367
13 77 940654 947591
99 16 979109 983326
70 76 843412 844061
13 28 527418 530280
44 50 630213 637360
16 21 167746 173511
22 34 296831 298174
10 14 741722 746851
89 86 818986 821899
21 9 940396 940690
59 95 736229 744200
69 64 78550 83008
48 22 128215 132831
7 74 826043 829495
7 89 643456 646416
65 17 464612 465783
9 94 523689 529831
58 58 434955 437871
55 17 114445 119903
16 19 971980 975376
48 99 264594 267995
55 25 520444 524866
85 100 815302 820809
7 30 274905 276277
31 19 806597 814524
72 60 202622 212143
27 2 615513 623020
42 16 427374 437043
57 90 121215 122775
21 6 483679 485169
83 72 85582 95096
40 10 265612 268309
48 78 386927 394338
92 2 92166 95862
14 58 587959 595720
73 47 794479 799685
8 18 988442 990366
41 100 888463 893757
6 13 122610 126046
51 56 928930 932920
11 90 213695 223108
59 31 73593 78149
34 7 329124 338334
33 61 719566 728492
65 74 288563 291670
68 2 314940 323369
49 19 136806 138655
47 93 520224 522788
7 25 884179 885536
90 56 906420 908923
13 57 818578 821056
25 18 232767 238026
65 99 503545 508813
58 21 282230 285365
87 80 218874 223057
46 67 272156 276567
40 63 158182 165856
74 22 968880 975590
47 99 743619 744091
37 14 103702 111542
21 66 660346 663961
32 24 594620 598690
8 19 790060 790150
51 77 478166 483118
65 96 601648 611153
30 11 539017 548225
66 97 733609 736478
79 6 209576 217612
75 81 933883 937109
52 37 624439 630240
78 22 489653 492562
53 92 428085 433106
72 41 984280 988962
54 15 911765 912067
20 60 204986 211920
67 87 286148 292089
15 23 377892 386680
35 47 556763 556828
26 22 249760 259401
42 77 173146 181055
49 46 469694 478815
81 75 913143 917756
37 9 859025 861522
73 45 304250 314148
69 35 184541 191932
28 52 741587 749044
55 95 975614 982778
84 39 722359 730988
58 56 697985 701482
63 93 749414 750733
68 14 399811 409248
70 43 970919 975680
15 14 940872 948233
86 65 547703 549171
60 91 748173 748482
84 101 352946 355599
43 17 857947 867693
101 64 69192 72423
25 31 395527 403414
58 99 627075 635663
69 93 730374 732848
27 55 802035 806476
71 34 412179 416420
45 61 88806 93210
69 96 763705 771776
74 25 892951 893036
28 35 953160 958059
22 85 391738 400142
6 8 872702 877104
50 60 30672 39407
20 85 242805 245083
52 48 703589 709703
46 43 911721 920451
72 78 626083 627981
21 33 71366 80781
28 63 766194 773793
73 60 188711 189737
29 98 898604 901900
58 33 581976 586943
76 23 976146 983233
3 63 15811 20786
57 47 641789 650263
31 42 800164 801195
12 81 611899 612196
72 73 917758 918588
31 14 546764 556714
27 9 733226 741356
13 49 310207 316785
19 88 252433 257964
46 40 512521 512857
57 100 501885 506747
34 64 417606 427018
41 13 43116 48709
99 50 918912 920632
89 38 843892 849712
70 62 522506 524206
37 15 216414 223452
26 93 737605 740025
44 16 633621 642821
48 44 531755 534047
90 26 171194 179401
30 76 834970 835760
4 90 519943 522692
5 43 332622 334880
92 37 182769 189715
52 22 330430 339201
55 58 393878 398513
99 2 317618 326500
88 27 998284 1007016
88 13 115257 124548
87 21 541383 545529
70 52 490717 491099
43 94 444805 446477
25 59 490236 493737
94 89 511092 520996
95 4 791079 797930
92 28 547287 554277
56 6 929158 932004
99 92 833360 843207
52 81 869038 875932
46 73 113590 122192
14 77 451638 455428
98 38 317199 325938
95 56 599550 608838
61 56 575651 577998
38 42 901495 911291
15 54 474005 478827
1 92 274150 280385
22 12 4051 7069
83 53 791428 793325
100 23 346343 355148
5 54 973138 980625
14 78 279727 286067
80 79 794819 797470
67 95 736281 736579
21 8 533319 542837
80 93 928554 928782
85 29 150759 159591
79 92 612711 614712
71 55 449943 453715
18 85 757111 764847
59 75 910047 918327
97 57 412139 412282
13 13 39481 40996
92 10 318296 322082
8 61 283709 284464
92 17 981919 991778
85 82 494143 496195
55 90 242254 251395
79 65 506065 509076
44 51 917339 923661
82 20 20623 26734
5 29 966352 973272
12 16 224887 226345
43 14 39822 49413
42 30 783710 790760
67 85 491646 493161
46 31 910059 918343
97 43 318692 323105
39 13 603548 607436
87 93 404282 410520
18 31 26238 32527
88 6 441085 444445
47 71 144824 147373
93 43 809547 817542
84 41 632218 637669
22 92 68760 74989
21 35 223930 227579
67 91 985981 991345
54 28 422842 430315
11 18 728948 737303
14 89 193283 196040
64 72 360218 370212
62 59 256837 262863
100 27 610164 613036
88 90 223943 230863
61 51 185923 194616
73 43 907990 917595
88 76 585181 590917
73 85 932706 934622
41 36 773958 779685
30 93 369201 369881
40 96 97507 106090
54 83 592255 601064
18 11 613234 618407
94 91 315646 318994
32 85 568258 576614
10 67 511337 519231
16 41 448620 448888
56 4 279119 287182
53 47 728134 737646
2 6 349467 352402
1 6 77202 82442
69 10 884306 888373
62 14 458039 459900
8 49 749865 753179
33 39 841076 847678
52 54 315020 320707
2 33 858890 862111
69 12 173526 181375
18 34 730551 740222
75 53 781601 786550
41 38 254372 259043
71 5 534824 536365
64 6 631650 641194
21 26 87455 89325
60 69 894647 901354
21 75 640177 642307
91 74 648234 650978
34 91 213728 215570
33 7 136898 143163
66 59 934270 938642
64 13 85603 91938
24 64 186682 188127
8 7 339034 344825
21 3 704244 710124
86 69 367524 372779
74 79 11406 12510
9 20 244802 247934
17 33 252202 260126
96 34 736560 745756
70 19 136532 137654
58 22 546754 554477
54 55 557749 564957
24 98 626012 626536
8 55 23247 26789
77 94 721294 722403
12 43 498937 500944
25 13 417056 418312
39 16 584073 589285
30 48 585041 587903
1 1 339257 341552
55 4 532755 538873
60 52 125598 134639
78 67 506572 506671
84 68 156014 165729
3 81 122691 123832
69 97 643555 650487
75 31 38831 47408
76 1 212039 213854
82 93 173003 178569
38 29 475585 478301
62 18 924536 929827
61 65 416522 418168
4 31 907859 912571
59 44 830001 839535
87 64 956673 960310
64 62 791687 800979
101 37 578552 585604
70 82 539390 543988
11 69 871577 875354
101 10 197906 198398
101 53 664184 671331
84 64 166532 166623
10 37 477701 479706
0 69 256004 258350
17 43 677480 680601
55 34 884394 892389
30 17 638938 641972
51 59 207937 214652
32 86 79421 86336
33 12 642051 648402
96 84 31027 38912
17 12 608545 615418
9 24 711978 721146
21 42 658633 663331
31 55 623844 625333
71 10 903732 906151
22 39 997519 998741
82 94 998456 1000540
49 94 461591 468849
49 67 558643 567053
10 72 299779 307718
24 17 266801 268822
78 3 312051 313080
61 42 271167 272714
5 0 309284 314339
53 72 5180 6194
79 95 697150 702335
33 81 360862 364208
16 69 145086 146434
20 93 535719 544295
100 19 652414 661043
47 67 647453 651566
13 11 513951 522639
82 72 869858 872395
78 75 337018 337321
2 57 302349 309855
100 72 85344 91928
74 9 170832 175959
8 57 115605 122190
71 17 780499 782085
54 49 787358 788705
1 90 436381 437209
93 3 483590 491735
6 70 340514 345072
89 33 269159 271102
101 58 576915 580422
9 68 482433 485928
53 44 156653 163588
87 24 967600 967866
14 37 645100 651801
101 72 54922 59158
61 7 972034 975980
94 42 798778 807029
94 56 109448 116916
64 69 766070 771797
84 29 32792 42630
58 65 248758 248817
73 33 773918 778145
21 53 242485 249304
70 21 463899 468980
95 28 290017 294691
86 91 740168 741964
14 50 371012 377783
68 59 232610 234829
64 16 611566 620332
13 0 433976 443278
12 10 841460 848173
36 23 960162 963497
75 80 934553 940323
64 70 405537 411038
4 59 750234 759847
100 2 124905 128388
95 55 76201 85443
47 12 580328 584276
47 73 325880 335463
60 98 670283 678575
80 3 272468 273654
0 20 719353 720313
19 72 500933 502121
57 34 829168 830366
13 92 687526 692197
5 38 200752 208311
14 33 432417 438246
71 61 90779 92763
57 2 721154 730366
89 25 282339 292254
53 46 943307 946407
49 54 214519 220877
12 34 927835 935034
12 78 667571 670461
65 56 922543 925191
31 22 44 8397
25 20 676519 683579
18 2 900854 910144
9 5 615947 623357
49 2 36708 41109
51 71 883893 885232
18 45 174894 177402
82 84 816706 820925
28 59 595369 602396
14 85 725934 726321
85 8 466923 468896
50 99 697724 705291
79 86 629923 631701
55 83 985888 988684
51 0 644808 648147
47 22 629023 634205
26 11 423678 430489
76 78 993520 1002949
63 62 882093 886836
6 39 688171 694513
24 58 393449 401259
65 52 684423 693737
4 80 547640 551895
96 5 32011 33489
87 48 438433 446739
47 72 391884 393966
71 52 869597 872116
39 31 521464 522900
36 45 215050 215487
7 39 590311 592106
29 37 779582 782421
64 66 48820 49412
78 24 480516 486600
66 50 69205 79107
20 13 170220 172482
60 101 243538 250065
67 57 72166 73950
1 67 970771 976433
69 79 138198 143706
67 68 895175 904156
56 12 878893 881026
46 3 567695 574010
79 40 924407 931787
45 78 561550 569768
40 55 291987 298077
98 11 944212 953834
22 4 362631 370965
60 28 914826 924136
58 93 132885 133374
8 89 976992 986965
58 55 983487 990273
10 32 497685 502808
58 80 619157 623016
24 2 249238 251878
18 66 636806 640833
49 56 591350 597235
74 75 225443 232224
67 92 210751 218270
21 58 442973 450631
49 70 850550 851398
64 20 291029 293513
71 16 173135 175925
93 17 10408 15442
79 25 439994 443969
74 65 415604 419965
32 68 265450 270458
80 51 260453 261354
28 21 478625 483675
38 65 554663 560633
58 12 806644 810806
4 64 305282 311742
8 47 80244 82780
82 36 942504 946574
26 8 484543 485808
59 0 989382 997942
47 0 85234 94273
81 93 62911 67439
60 78 759169 764666
31 3 423708 430998
45 94 229665 233444
36 61 621009 628787
65 35 352636 354153
18 60 642837 651955
67 77 562672 566412
50 82 749822 757592
49 73 972749 981786
38 55 39863 47532
45 34 9943 17289
89 41 612731 616024
92 26 980688 981255
45 69 836851 838252
63 1 955298 957017
36 84 998004 999406
10 76 720026 725670
20 16 282374 283477
96 23 519139 521217
49 59 68381 70614
3 25 5023 5303
90 62 642687 648371
51 1 398168 406715
11 22 334791 337014
57 66 624162 630726
60 43 19810 21116
54 5 474352 480019
84 2 793655 802331
70 30 221512 227073
59 9 34452 43328
32 28 710101 715648
15 5 753818 758326
100 89 76526 78149
87 99 715248 719155
91 21 139920 143020
80 71 978418 987428
90 9 492286 502061
1 20 151036 153889
62 50 435685 440325
7 14 393229 397493
99 39 148458 152788
51 11 134808 141571
32 55 854116 861011
55 86 754335 760780
43 64 286783 289903
16 76 901095 906737
59 89 42683 46842
60 75 459525 461100
82 28 595092 598693
35 65 234194 236314
31 96 296755 304870
29 93 441645 442003
55 39 712488 719258
69 89 300744 306826
45 99 253665 256807
21 101 756903 763962
66 85 774577 776787
47 89 771753 771863
26 43 46117 48547
77 64 171499 173098
35 78 749492 750052
5 97 672234 679590
101 5 598879 606619
54 11 959788 961840
74 98 567506 576256
36 73 48957 56240
5 63 741048 743634
68 44 627967 630030
89 5 830286 837507
83 49 407610 416179
40 13 376754 382302
64 1 404973 405185
78 9 790156 797094
56 101 178323 182250
45 36 373188 374139
23 70 954749 964714
68 20 275639 276514
91 19 660041 667562
95 67 474499 479520
57 70 726943 736446
38 85 344326 345572
96 75 347159 354453
9 66 343600 345021
24 85 410710 414044
68 95 832571 838200
59 48 678965 684033
35 63 843920 850191
37 35 102039 102702
12 4 741890 750702
75 36 523355 526638
29 23 769844 778614
51 8 578 5795
74 63 234717 239225
56 94 157290 163793
22 71 561648 561655
100 63 844503 846512
83 22 96827 105853
75 91 344108 353506
65 55 487871 494422
12 7 964007 966178
63 94 455750 462018
91 75 132620 136889
28 2 182161 185432
40 79 47557 51041
39 84 633350 636923
17 9 279500 280855
57 21 585881 586289
75 58 506435 512866
0 34 284332 290925
72 22 135687 137284
86 6 433324 442482
33 19 852525 854480
2 34 46350 52523
24 8 86579 89365
58 52 116517 117846
20 3 461607 469953
73 15 30813 33943
91 57 935256 940038
60 2 548004 556382
60 55 296327 301303
27 58 41239 46382
88 71 46365 51921
75 44 329566 338722
41 14 164425 168380
19 24 734303 739777
7 85 169621 173747
96 1 889245 889667
43 101 49589 52115
31 76 111676 114066
71 56 88335 95729
79 49 981521 986721
100 25 118854 123128
18 69 567103 574435
101 15 698615 704551
94 3 257180 259200
11 48 496085 501318
64 76 527322 533715
51 21 428446 436521
33 26 697308 707267
7 44 633934 640514
34 6 121125 128869
76 56 646651 648030
44 52 956020 957987
72 94 427817 433953
46 2 550867 558198
1 57 614935 618088
53 81 804298 806794
23 5 864376 867645
50 15 425261 433975
37 70 839896 849791
7 31 808000 809384
91 72 781334 786005
81 14 73822 80639
88 94 646930 652650
35 55 558009 565132
40 65 670218 673585
97 61 498462 505047
75 49 689908 697538
45 41 361137 364035
63 41 809791 816478
98 43 650105 654100
2 5 69187 71167
43 73 210724 217854
28 49 373674 382391
17 52 306182 309531
91 64 672253 681526
20 21 334738 342483
83 48 124504 126026
34 83 521263 530572
61 67 726286 729441
29 72 146258 148542
87 23 546130 554073
33 101 14397 16052
71 60 265819 273409
9 47 664128 670115
52 36 708112 709055
94 59 777476 781044
90 52 133808 140474
10 16 118780 124192
51 32 496373 504473
50 81 480463 489669
46 32 685340 692120
46 92 444274 450930
42 31 848294 857087
79 62 158289 165082
28 79 222554 226259
38 101 53830 62578
48 91 246260 248692
88 63 801227 802203
90 97 593159 603062
18 27 295537 300674
9 51 9308 18611
71 90 245044 254991
64 59 342552 345636
90 61 452389 457226
94 23 484801 493048
16 36 568217 569661
63 21 704498 709091
36 52 553453 554423
22 52 810053 819800
74 67 171484 180206
87 87 156200 158738
52 71 73260 80420
72 85 965163 974021
23 87 706653 706690
70 60 418605 420672
81 94 709403 711673
22 55 460254 469060
97 31 233403 239935
101 47 399475 404344
54 57 926171 933123
38 98 699651 708913
81 73 619493 621339
93 84 88829 89330
48 32 22777 30263
17 0 796940 805165
52 1 343821 345962
18 75 183987 189901
43 37 99471 101201
55 57 440729 447448
97 12 464383 469624
77 18 699571 704393
77 83 529561 537450
36 30 309997 314275
31 0 553447 554879
27 57 108224 117143
59 78 994773 995272
17 25 854942 861663
71 72 743269 747492
54 41 348040 349800
77 56 914152 914772
42 23 146563 154915
93 82 650746 657202
10 82 140413 144669
42 95 637992 643082
73 10 737490 744022
29 31 334301 339971
60 60 472327 474701
77 2 315236 315346
77 50 481343 486826
1 30 193858 203020
56 9 809040 816030
95 48 307469 312776
101 22 574022 576025
59 26 849704 855981
79 18 15483 20385
71 87 45358 49733
39 62 782956 784655
97 81 137229 141542
19 89 772214 778280
71 74 550766 554279
92 51 677074 678214
47 81 240280 245661
58 101 390867 393599
22 53 153914 154919
40 57 271745 271779
100 101 144558 145523
17 89 133479 134743
34 43 180225 183140
75 51 397723 401007
96 88 272664 279343
72 91 841611 848067
67 45 244327 244652
66 43 809887 817113
74 85 579412 585629
13 68 652589 656199
59 79 826058 828136
97 44 670259 678042
81 76 410967 419237
21 37 33595 43544
88 93 61955 68005
61 73 546551 552907
48 5 529943 536534
98 94 438753 446055
36 33 527770 536724
53 67 503940 508749
67 43 468471 472374
14 82 272798 282570
19 41 368443 372185
43 40 641006 643859
58 0 287782 296926
99 5 440441 444482
36 50 47426 51391
101 92 330881 339800
5 89 914697 915199
77 62 779093 782902
39 37 769347 770342
60 7 650342 652258
78 13 842189 845250
35 32 181030 187869
61 61 46086 49319
33 40 564412 564495
7 32 14161 16944
2 48 12153 17429
40 20 798762 803895
78 4 140546 143089
100 78 311649 314769
22 45 518776 520554
71 25 40047 44933
2 8 669456 678768
22 61 829379 835106
31 68 478575 483671
59 16 77629 87263
30 73 178399 181428
16 8 231274 239482
42 9 855818 860311
24 59 483282 491911
57 36 75768 76592
67 18 790525 796556
78 71 574638 578418
12 12 658497 667173
55 59 344397 344824
56 62 43860 50627
26 47 2957 7470
35 34 978472 978970
36 41 54137 60194
85 59 715045 718395
80 41 315086 323208
55 11 836882 841211
16 96 789419 795883
10 54 956443 962967
68 18 584535 591607
100 56 491513 492212
32 91 905556 914815
40 43 261907 265885
43 82 436134 444596
57 94 289998 292202
62 77 622983 628672
86 68 543578 545288
80 43 244762 254504
91 92 39900 41719
29 30 611142 613344
21 17 437343 446427
84 63 675752 685287
20 65 516887 519570
16 37 457918 461289
21 51 442419 445431
7 81 179218 186097
16 55 605303 611734
99 34 951872 955265
65 78 143775 148574
43 63 809481 813292
30 101 164284 168273
14 95 571120 574709
81 95 498731 504210
5 44 511231 512868
91 62 941708 945494
91 38 962854 970308
59 96 934796 937522
18 15 945991 951456
52 0 205609 213939
92 23 936940 939898
88 61 298307 300987
59 65 944620 953741
91 66 302739 307683
101 67 364654 372698
37 98 670573 676479
14 45 175018 181575
91 71 117332 126034
10 41 945318 950901
72 65 905059 910278
39 50 948463 951408
91 46 112638 122405
47 41 309321 314314
85 23 942138 945251
58 91 906770 913000
57 24 849084 849716
17 74 165308 166437
42 69 493438 497172
46 59 584991 588807
1 8 370812 375941
98 19 659247 668762
14 47 594979 595715
41 12 721045 728345
97 13 768531 774776
78 97 166615 174129
61 62 386434 390122
35 19 338840 348689
49 17 467905 476466
43 87 298055 303206
85 101 228213 231637
101 87 440410 445440
46 21 939511 942873
69 53 905415 908008
14 29 817528 822811
3 9 750574 755092
76 21 548255 557997
29 49 657202 664407
93 29 639133 648683
1 53 10371 17090
21 95 353536 355618
19 63 823860 831648
16 20 473067 474605
59 37 393457 395551
16 64 225407 225551
95 21 643199 643571
34 42 150559 153292
77 24 460662 463623
18 0 379123 388410
86 37 98927 104229
0 17 383043 383825
88 69 195364 201689
22 0 144512 153850
96 38 384788 387519
95 12 967951 969563
7 34 144497 153147
70 69 629307 629383
72 30 889894 898999
14 53 876288 882431
88 67 631117 637232
80 46 725547 731328
98 34 161007 166139
43 19 129302 138505
69 55 383136 389121
92 19 862888 871789
13 32 298146 306205
101 61 631185 640658
88 22 584475 585057
93 44 331094 335079
3 54 986986 995667
101 100 349123 353566
35 28 973391 974400
48 65 263866 272998
75 82 451583 456667
20 97 296330 302829
27 83 498211 499939
68 15 656379 666025
71 96 836987 840992
83 80 300485 300823
32 58 569288 574990
49 44 323936 328872
77 73 69730 70347
0 85 952783 958589
5 14 538357 543569
95 9 303154 303381
35 22 154268 158375
40 75 317247 326525
21 74 924251 929791
78 35 87154 89509
72 43 84711 88961
72 98 971075 971596
84 35 423756 428863
25 54 979240 982067
75 72 546982 555127
49 6 656968 664383
76 9 195164 197164
36 100 29991 30280
89 36 406133 410866
84 3 674885 675158
2 79 361226 364817
3 3 106346 106886
16 12 720945 728400
8 30 768365 777005
76 34 849458 859164
63 61 887106 887839
11 38 153086 159459
32 81 115997 120629
63 14 31670 31723
82 90 333658 341968
89 40 32272 40681
39 79 160258 163434
86 72 681543 686510
57 64 83763 90099
46 33 692108 701707
88 14 69441 74395
65 87 827016 830061
17 38 501220 506172
0 25 301073 305195
35 99 205869 212774
56 42 178724 188442
19 80 914219 924214
3 67 994237 1002345
37 48 929328 935928
23 67 459920 460361
50 84 322418 326177
7 38 763096 769948
86 80 772141 781330
51 12 493048 497534
21 56 283002 283984
29 80 723380 732444
12 41 977719 978683
65 45 170493 171319
95 70 796490 800046
24 71 900436 910083
25 80 176504 182103
15 58 693479 701854
66 82 722519 724347
30 58 633425 633986
42 25 223247 227630
45 80 848099 852208
15 48 889190 893499
93 62 755194 756942
26 49 697075 699096
40 25 147795 156696
64 57 619978 624807
98 76 336925 341380
20 94 763120 767401
55 5 269779 271943
76 91 472556 482251
33 97 623426 629685
78 84 949423 958102
83 7 168955 178550
33 76 684920 686119
73 50 235746 239167
84 57 348362 354141
4 65 591551 601010
56 38 303180 306306
100 45 599258 604879
34 77 96143 102212
44 5 252596 262403
92 88 513140 519583
45 11 471366 479821
86 75 865089 870102
52 64 425618 433480
61 6 154800 157116
84 13 997710 1000069
40 41 114458 121379
46 71 918425 925237
36 67 768605 775045
34 20 57747 65254
46 98 44931 50923
91 52 858549 862425
26 68 963442 972539
57 55 480767 490353
33 86 703488 706257
3 38 582895 587917
89 59 873066 876735
61 37 689251 692645
70 80 312868 315169
53 37 64782 73789
60 88 508731 517330
35 80 940525 947803
19 34 169007 172395
52 96 373267 380621
51 48 690249 698369
13 8 765115 770532
13 17 833988 841415
14 11 649691 656475
38 27 203841 208141
100 73 427323 428714
42 29 121413 127566
74 31 332527 340143
80 28 787009 792313
89 92 132494 140899
72 90 24567 31068
84 85 230116 230203
45 12 331957 332617
60 17 309719 314082
36 19 252820 261494
6 33 365167 365779
94 22 772952 773119
101 90 666475 675124
34 48 80052 89818
81 35 333984 339729
39 14 645934 647536
15 67 440362 448080
37 27 245225 245739
23 11 261213 265431
80 12 112097 113194
100 28 326001 326818
78 34 271402 278982
17 94 438193 440378
90 8 293672 302397
55 89 496417 497998
7 23 593769 599092
7 17 144943 150621
62 33 896343 896368
95 72 646567 653792
94 70 962241 964542
37 16 37515 38728
18 16 769751 770990
86 54 416939 425286
99 86 899360 900116
86 28 351023 353676
6 29 529106 537850
60 72 416999 420582
59 58 98517 106417
83 28 278519 285938
99 23 323647 330394
2 20 425904 434506
27 91 85551 92386
25 75 707360 715576
37 25 788834 795721
50 40 3884 6697
23 50 704761 706638
54 92 929470 932154
86 27 174485 183402
32 45 907414 915464
101 79 690002 696318
38 60 183696 186728
2 36 87644 88827
77 25 714266 724096
72 88 136048 144228
43 29 243645 248797
81 43 209228 214531
31 93 292605 294988
71 13 456143 465191
23 93 650313 658875
10 28 709005 718609
58 10 977364 984692
33 36 727305 730219
54 1 928938 929716
30 78 816411 820932
56 16 35781 39872
12 85 199651 204695
36 90 645132 650378
66 40 71681 81206
14 96 558484 564874
42 17 749396 755981
76 72 944959 946755
55 35 714586 724073
4 17 528750 534572
90 74 607832 610928
94 41 974636 978078
37 17 159122 162812
76 53 630050 631108
19 8 98449 100372
34 27 405503 415236
0 78 852456 860763
78 27 613143 622544
62 19 260079 264999
98 55 212865 214916
85 30 684336 684479
32 51 205164 214908
98 7 607167 608074
2 12 177611 185891
98 9 525302 528640
32 39 995075 995774
12 84 644298 653606
56 58 185026 188210
53 2 960889 967250
73 70 581437 586214
93 72 18942 22891
77 72 82574 87016
42 11 768421 773073
101 96 127863 136856
39 27 906673 914203
32 26 53662 60315
12 6 465733 468049
2 97 40448 44143
55 51 313641 320182
40 101 839343 845280
69 100 659844 661062
1 101 975682 983427
61 43 158256 159531
60 65 221512 225749
57 8 654538 660756
80 68 763040 763938
73 18 271097 271659
84 94 540325 548301
100 55 654641 663739
79 82 693560 699107
10 2 858681 867457
49 43 281958 282369
62 48 664991 669132
57 83 239215 248173
57 98 730305 732021
6 41 97878 101902
37 94 612175 614864
65 1 287676 293242
42 74 680032 686806
58 26 120768 123441
24 45 699003 701770
68 38 851979 861159
62 52 712907 714644
63 98 373677 379002
0 52 861721 866654
26 71 880088 889418
87 5 237167 241257
27 1 257733 259175
15 73 315909 319538
10 101 58201 66716
92 58 501817 510679
87 58 452240 459422
80 7 874709 875427
52 29 675871 682571
53 48 786022 786670
68 21 558152 563627
64 61 693866 703699
34 70 1823 8906
87 17 942463 950868
78 91 581818 589016
96 41 768247 771923
98 56 736940 739498
24 7 232108 232564
33 42 638908 647884
32 34 235306 236278
16 49 967922 968986
72 92 522999 526642
10 38 265046 266875
51 17 244438 254385
10 55 577440 586423
92 92 452681 457745
86 84 247023 254774
76 40 808726 813666
44 45 146126 152013
23 20 215773 216221
56 79 383722 386425
35 72 388656 388909
76 30 261224 264417
32 63 545193 553780
11 0 334190 339538
75 63 69961 73825
24 72 473095 478093
2 47 583868 588836
36 46 819059 828813
4 37 557466 558379
60 74 167047 176383
39 30 255523 260998
36 14 727747 730979
23 73 611153 613713
47 58 350542 355559
58 11 452975 454326
55 28 159198 162003
89 96 892246 898464
45 68 485535 492514
97 75 340734 348688
37 87 169035 169705
96 37 595597 605267
56 86 543013 550583
101 81 757778 764035
33 69 550231 556393
47 39 596950 606880
37 2 924485 927041
25 36 325869 335832
94 82 989531 990906
95 98 315954 324065
10 7 576078 578771
19 46 122810 131419
14 31 135457 144646
48 73 842045 846550
73 100 469159 476957
33 48 86750 93914
20 18 653464 661768
2 30 164670 173901
8 45 577305 580066
20 63 666625 674688
13 79 108202 108278
12 88 120421 123171
46 65 42486 48570
49 12 438370 446719
40 98 311011 318128
64 53 327873 332310
48 42 414256 415512
88 3 674761 677906
64 41 82185 84410
89 48 269777 271819
41 71 998774 1002634
87 36 521712 529180
67 37 786883 792246
48 82 313328 322964
6 0 436183 437335
92 75 592751 601093
96 28 637179 638984
29 90 892342 897850
22 57 408524 414117
31 30 728809 731793
98 58 633391 641329
59 61 666760 676305
75 14 556404 559057
92 38 912438 915042
86 90 283451 284239
9 80 898293 902908
87 83 484501 490227
28 100 177329 178198
96 73 38926 39884
52 2 959096 963814
14 46 824734 829971
12 9 623171 626027
1 78 673379 682009
98 60 275341 279302
55 43 354281 355303
17 2 223124 231814
71 3 373758 374708
79 51 144765 151780
71 84 531049 539435
3 1 175556 178358
33 10 66747 69589
63 25 901285 908817
43 42 425070 432648
49 18 588144 594097
93 100 863168 871233
83 60 389557 398859
39 48 298816 308356
11 81 118514 119131
30 74 436134 438381
7 40 986006 994294
88 31 186674 192151
48 19 524432 530151
18 67 50935 57908
47 46 965778 966822
39 10 412853 414963
46 83 538773 546847
98 42 61137 68735
28 72 784884 790742
3 82 376420 377029
11 44 45117 54276
52 32 8872 16163
96 33 157317 160837
59 10 190679 199812
84 33 610698 615788
35 14 968880 973616
52 31 24368 24986
44 74 388096 393104
84 31 440421 449660
12 86 936497 942895
28 29 997966 1007919
53 100 975907 984410
82 8 539136 541957
69 30 795505 799200
23 81 545073 553376
19 49 734372 739052
6 38 327254 332195
17 75 952334 952978
24 83 997464 1003721
99 51 819916 821205
40 12 106150 107486
57 96 30842 36363
16 63 895704 903411
17 10 897813 899185
77 14 758284 763225
36 54 711824 713669
55 56 756292 756547
16 92 175493 184243
43 11 427874 429302
34 0 923244 927958
24 95 587324 592044
24 51 874627 882274
85 62 853802 857206
52 72 918570 921370
93 46 123903 127230
70 59 174358 182929
92 79 239672 242644
11 50 85182 90628
3 12 684510 686510
28 66 662533 668179
54 86 866373 876205
98 79 479608 482663
52 98 508349 516631
22 89 766440 772353
57 63 952913 962716
0 88 539427 548000
88 74 881197 888665
29 79 26303 31480
58 50 841685 850329
52 26 164349 168162
56 8 789463 795247
75 15 890967 895807
1 69 447715 454929
51 24 69640 77298
93 90 414785 420623
92 34 462728 464889
9 32 767293 774855
24 48 864081 871031
38 23 116262 125670
86 56 765739 768669
64 68 125452 131810
40 95 346141 349393
87 56 718851 727959
6 5 944834 950917
50 10 80771 90486
76 29 998071 1003622
71 71 923668 931468
73 73 679426 680976
48 83 191048 199390
37 100 79901 88694
17 85 39202 48110
94 6 895986 896697
39 93 928198 929508
53 83 830397 839372
97 95 219903 228655
