3 135
79 48 32642 40471
97 88 627249 631091
39 3 502941 511049
34 67 301427 307251
94 97 664413 669091
63 15 773492 775438
80 69 559613 563050
21 65 740681 746924
96 10 438517 443563
70 59 492893 498820
30 30 232954 239341
54 5 29234 32178
57 58 832573 837811
75 26 367438 372267
68 11 946496 950737
91 46 262290 269192
89 49 825023 827753
3 4 323970 326978
46 0 622806 631266
97 60 287683 289523
6 32 406234 415892
38 12 919201 926843
3 66 907709 914271
35 70 372112 380008
24 46 607716 617200
66 67 240331 241092
67 64 283802 285573
45 21 642700 645448
90 9 873503 874941
64 86 517130 522139
26 73 953157 955929
39 23 498011 504999
66 54 852432 861146
35 76 880028 885137
76 8 775854 781506
97 6 321814 331725
19 23 258873 267862
63 9 24326 27732
52 49 973695 976426
84 41 220022 221339
7 101 990560 997875
92 18 978339 980417
101 51 755163 764729
94 22 815828 821645
95 41 984356 986674
36 78 647202 655755
53 82 546586 555392
8 70 569344 579297
15 76 906602 907283
83 64 523404 523657
49 58 923850 925005
17 69 438952 444234
0 31 873329 875094
68 76 12059 19970
48 7 801884 809977
5 46 779289 788012
64 38 990795 997646
62 26 817054 823202
63 47 10783 17537
17 21 421815 426198
63 6 338545 341678
83 91 133680 138491
72 24 432284 438029
61 58 641814 644695
101 97 940651 950595
40 49 577924 584520
8 13 111048 118370
32 85 231636 241327
57 61 549996 555420
88 50 244322 252848
41 91 843317 845962
62 62 488871 498535
97 73 513972 518364
86 49 42540 50683
44 50 723448 731564
39 14 964697 974059
90 65 893377 902929
49 93 765325 767196
5 41 976834 978479
13 32 978960 980499
58 42 250706 254270
60 9 998689 1000193
72 37 157030 164947
42 92 995458 1001216
54 46 581554 581968
70 71 245473 248516
97 19 217444 226871
87 57 12218 17107
62 95 886544 890278
44 63 365500 367113
48 88 193388 194922
99 17 893485 893793
101 96 109298 118319
9 8 365426 366099
43 100 719791 724717
67 72 598618 603875
33 3 812867 819644
96 47 962524 964547
18 79 453279 453752
21 39 524495 526742
10 101 663764 667688
15 16 376645 379597
44 21 82420 85731
99 28 305753 313668
14 36 362102 370879
99 15 790581 795775
81 61 803851 809542
36 88 919004 925861
54 6 41765 49977
31 41 851370 855569
84 57 507024 508782
28 37 44437 45955
83 47 277468 279923
75 53 867255 871270
30 89 270748 278570
65 65 314407 324216
20 13 27175 29860
47 90 556301 565413
95 22 184643 193554
88 99 875121 876177
53 99 496399 500920
26 94 250648 255861
60 70 579554 588379
32 30 963906 968063
99 45 371302 376520
45 69 845784 847899
84 70 718827 721820
66 12 805705 814030
89 33 179162 185439
84 15 373489 378085
47 60 525122 528745
32 50 55426 65180
73 89 567791 574095
100 60 171432 177199
59 69 650783 652086
