14 1344
51 22 590522 596739
22 70 374684 381884
83 87 675282 683354
96 50 359004 368780
66 86 723281 724635
74 33 494867 503031
67 52 664845 671041
85 0 864620 865297
14 85 958469 966063
67 30 712821 719629
40 34 652496 657217
17 15 282177 288674
90 76 23623 27155
14 38 194093 198863
47 78 92431 95416
76 0 927151 930373
49 36 266111 275459
30 33 541195 548664
100 28 885287 888053
60 68 788829 788969
61 84 794414 796576
101 52 297597 299086
85 48 733815 739123
75 4 997659 1000372
12 14 942046 947806
54 65 968330 969681
101 38 944430 950855
37 89 362690 372289
0 72 921126 929706
30 69 516953 517191
90 29 3414 12330
64 45 796021 798311
98 71 46179 50287
4 68 330879 335810
84 96 845963 851278
67 76 148288 158073
85 31 966530 967578
76 68 236176 240484
29 13 368668 374848
56 27 994601 1004273
38 80 961425 967280
67 49 117545 117687
61 33 701660 707025
51 46 953207 959242
64 42 351288 352574
29 89 523195 525316
11 42 295521 295977
3 72 703064 704206
101 22 332168 335171
48 31 627388 630433
16 54 499549 501880
80 30 251834 255072
58 49 146027 152661
95 14 676345 684687
69 19 363213 371432
38 95 790957 791173
101 66 813038 817534
21 19 111025 116541
50 83 595340 605170
30 50 762033 767680
11 4 237358 243375
56 99 580595 586713
88 94 242629 248420
80 66 546025 550981
2 45 609763 616200
15 39 276375 278059
83 38 305232 311488
13 78 127449 129060
91 73 801532 807050
64 2 329497 337912
43 10 848886 856952
44 96 461966 469206
63 68 887872 895173
47 32 642075 645540
98 34 960421 963948
64 75 928150 932086
19 6 836803 838567
51 40 255844 258191
99 3 220315 222099
74 73 209478 217237
17 63 471515 476737
80 20 584746 594030
26 67 418473 425060
3 49 246366 247231
99 77 228184 236278
59 76 697285 698959
55 46 220970 230025
62 28 311935 315895
97 91 907359 909036
58 35 256149 264148
56 44 823792 825915
73 28 376741 378809
79 27 918956 926198
29 75 176072 177530
39 18 544069 549922
30 54 777674 784219
36 8 252063 255264
25 34 168101 169210
61 97 907788 913595
39 26 219203 224068
43 37 151902 153669
98 16 428973 433263
45 72 600184 601071
87 94 885141 893503
44 21 646205 654338
27 23 163765 164215
82 4 474245 482687
3 101 429507 431753
78 100 211104 213816
96 16 963679 968584
25 67 535149 541497
22 94 731860 738592
74 82 388447 397348
35 31 228638 233014
70 97 261244 261335
51 53 850564 851825
15 46 715088 719581
84 31 803928 811329
87 25 811368 815703
15 65 458607 460588
28 75 921756 931239
68 100 429791 432316
11 70 93908 103182
19 36 400780 410021
8 18 195057 195632
28 60 327459 337173
73 30 218519 223852
13 83 693024 698892
12 19 585699 592640
92 52 453949 459003
34 37 420505 425618
15 2 343496 345393
81 23 853827 855609
35 9 621443 626791
60 66 413441 418705
27 88 63697 67924
101 6 68529 76202
49 40 664025 670160
13 15 111279 115357
78 42 317693 320706
88 74 194467 203266
53 79 866908 874758
10 94 101276 101843
52 60 992752 999452
90 47 831894 834866
58 100 663062 669082
53 83 867424 876699
76 42 892840 899535
6 56 299936 307656
21 25 631243 639176
84 75 275055 280281
20 68 626242 628726
7 67 88581 90733
4 89 724365 732649
54 80 127111 135247
54 38 844464 849956
16 77 25156 31462
83 20 670494 671371
53 74 27461 33098
4 21 33317 39498
65 45 874886 878112
32 9 503741 507485
99 45 352074 355538
19 58 771825 773087
100 80 248516 250956
23 71 256806 262431
99 25 59459 62772
84 32 646852 649530
59 4 788043 788918
22 76 868487 875771
78 95 506320 514500
69 89 275667 283922
30 84 749950 750162
59 60 212544 214080
50 15 967804 974860
53 9 998732 1007401
35 1 170161 180066
40 27 967438 970846
92 87 706833 713771
92 88 289389 289789
77 47 987203 988688
94 37 878623 883919
21 58 826610 830185
77 54 203546 209766
40 69 877449 880274
29 90 464681 469740
82 75 171672 177827
91 94 885389 890630
99 93 565644 572989
72 28 763820 769118
43 28 994141 998156
29 34 217108 221335
3 61 785937 793324
53 54 139595 141326
50 75 924597 926277
4 17 889199 896083
78 39 364719 373104
98 81 391939 401516
4 11 721832 725545
86 44 889965 898176
61 13 900024 901911
20 69 984036 988405
28 26 705155 710217
43 32 972899 980203
27 59 318459 327504
51 33 71244 79300
48 15 942320 948105
19 47 881492 886521
62 9 862914 869056
9 92 758086 764597
33 85 345503 347785
83 76 745099 746495
41 48 546380 556126
37 76 391859 400166
24 88 955076 956047
22 45 695501 704123
100 32 349004 352239
32 31 360039 369681
42 19 635778 644437
98 48 182745 189903
46 35 503748 507458
18 57 420470 427354
48 97 910980 913558
11 52 920750 923818
58 16 121407 131090
12 76 981855 984787
5 32 462550 469333
9 91 639481 641069
24 75 215072 221689
17 18 345339 346820
17 23 380343 388666
10 62 320882 327256
60 90 449539 454041
70 99 41765 44518
11 63 222092 225650
31 19 494179 500883
73 34 787089 790385
63 59 965744 969612
0 66 783288 785326
21 90 482137 482373
41 45 734196 734509
0 91 160823 166244
30 43 188101 189239
50 4 262283 272163
100 14 379860 383779
95 70 589430 590752
57 59 804487 811624
6 31 307112 314036
92 35 408736 411895
24 89 21939 29104
32 43 611452 621080
50 19 144596 146666
1 9 643015 645306
96 55 802103 806631
37 3 276419 279054
51 38 538119 543978
38 49 254133 254687
36 44 459659 461360
13 88 910922 917031
7 71 562980 571560
19 14 323377 325556
15 100 714521 718258
65 11 452309 458641
1 33 510524 512401
60 29 358226 358791
92 17 974820 982618
19 22 86529 93782
9 85 951872 955622
5 31 490003 498702
7 38 262256 266305
68 58 756489 764344
10 77 271117 277356
73 16 970211 972417
24 79 406922 409704
54 52 935004 940166
89 84 315914 316663
68 92 929826 936464
84 20 25831 26001
69 59 603393 604789
99 65 849438 856764
3 98 16789 24084
63 55 624190 625511
101 78 754388 756934
24 7 768106 775867
49 79 43922 46869
94 41 663133 668284
50 53 339163 340253
52 89 276254 285690
65 89 490675 498518
93 0 494699 503261
19 95 631913 639936
52 79 381286 387385
27 13 121735 128496
33 43 304605 306280
0 0 652135 655947
62 101 287386 289039
73 67 771451 779879
47 4 101268 105893
84 66 96367 105290
48 62 767158 772170
51 6 710279 713171
28 30 814298 815477
11 66 952429 959288
1 69 991277 996480
43 68 306238 306508
13 16 455913 462982
46 61 909148 914707
99 98 926657 935282
91 38 148254 156205
73 44 136169 137053
16 15 600556 604365
74 23 793718 799303
11 67 507221 513946
75 79 565431 574679
85 27 920159 920588
67 15 280844 287332
4 81 297589 306657
77 60 804691 811144
22 80 878709 886122
34 5 164582 165154
8 2 622909 627896
22 39 173555 174116
70 30 328779 334195
21 39 820830 827115
8 78 213671 219110
22 28 314608 315258
55 15 288727 296578
37 45 422756 422822
93 20 36128 40069
43 8 925215 929303
27 34 304859 310036
88 45 526921 529479
81 92 284317 286270
68 93 327872 336591
65 13 807270 809102
4 87 777624 784455
96 74 97476 101425
47 43 240942 242004
30 49 256504 261719
65 63 635404 639466
66 55 733780 743310
100 59 459444 466006
31 80 33242 33472
25 18 702662 703398
86 97 331085 332395
54 28 416463 425219
70 95 868459 871236
99 64 170220 173091
52 46 378723 379475
70 29 594118 596028
58 10 280280 283019
81 97 472264 472891
90 37 760363 765903
76 67 60566 67102
99 70 682031 689188
25 78 940906 945871
58 54 760701 770426
11 43 510720 516159
52 57 946023 952823
71 20 399603 405685
1 101 211272 217520
94 54 889456 895852
53 10 104371 110080
90 3 334944 343109
43 82 432807 441540
39 21 655709 657905
88 6 818059 822311
62 23 233864 235287
58 7 935340 938155
1 70 782036 789525
53 57 693636 701818
1 87 561058 571056
86 14 909028 915403
19 57 560358 565469
0 99 538285 542453
14 21 552348 555662
80 15 736832 746652
65 79 62071 66089
47 10 736640 736914
2 40 387275 389524
32 61 817334 823996
53 2 784648 788549
54 90 223368 229071
87 44 868115 871909
56 11 7258 8381
72 99 322517 324576
15 12 3296 3369
89 62 355326 356667
87 74 276630 277529
18 28 85368 87150
20 70 670305 677438
54 93 623109 631349
101 87 121051 127668
37 39 821213 829107
82 60 564936 566019
55 3 933867 941165
0 67 958619 966776
83 71 757630 758165
64 26 983284 984639
40 92 396075 396769
24 57 880716 882842
60 95 963391 969414
8 15 565322 569297
92 100 577837 582523
50 27 442135 444455
61 36 990060 995260
21 85 870604 875006
11 71 131987 139456
56 40 632280 632391
84 50 959129 965914
79 28 741503 746556
84 7 440260 446372
10 80 515687 523592
98 63 644483 653205
5 57 324031 325278
1 63 233104 238813
90 14 486489 492801
67 51 551908 553755
28 42 285374 292300
49 88 537838 544124
71 100 102197 104853
48 58 593452 595317
56 100 608873 617574
33 25 439366 440569
0 101 816220 817075
98 43 289887 296309
70 78 109713 118710
74 37 240427 247420
5 9 163145 164904
93 6 662097 664292
96 9 382729 391731
13 70 276082 276108
100 22 696063 697743
12 91 37114 37275
32 18 717401 721207
8 94 723418 727938
27 38 380621 389552
75 1 959098 963479
19 33 592460 594030
61 49 307590 312818
100 88 388029 391106
64 5 744521 745157
80 14 463802 468326
74 32 148205 151527
34 89 464310 467303
52 66 734494 741019
9 16 300566 308147
18 91 248535 255592
84 80 708748 713416
76 13 857093 864621
84 86 242692 252580
88 19 149748 154339
77 20 422259 429198
92 5 520897 529326
47 26 418907 427505
52 78 908008 916969
16 100 759741 766339
93 90 314631 317425
4 22 438761 442909
7 54 727114 732596
20 97 954353 956170
7 94 161633 169043
56 9 961817 967682
1 82 79586 83603
49 57 114566 121727
3 87 274737 281697
57 37 302103 311929
97 27 718533 723995
20 57 618271 619343
97 38 782806 787642
74 77 875942 885514
45 83 918357 928296
42 43 14587 19006
40 5 142479 145646
8 88 739143 740883
79 51 381001 388587
29 56 255665 262825
4 34 892865 893517
9 48 357013 359272
89 71 886444 889219
40 29 768202 776912
60 86 113624 118522
66 1 630077 630929
100 51 693580 700959
12 59 219909 220197
81 22 653378 663049
11 16 577053 584425
0 36 72715 79146
60 37 209277 213326
15 70 138299 140785
66 84 238199 241481
6 77 83830 86156
95 55 79694 81255
67 99 212642 222400
45 48 21742 28744
63 30 47239 55842
29 86 572580 574368
48 29 231280 231512
11 95 906507 913077
91 55 733966 743442
10 3 12728 18781
40 78 513917 514837
14 12 236069 238140
60 31 182563 184497
87 39 17098 23599
71 49 801212 806942
25 68 721516 726452
30 70 204161 207696
45 23 910801 913794
85 29 652591 658902
74 65 639008 642324
23 46 497762 498314
56 94 138813 142125
13 65 607213 615252
11 0 129697 137869
64 20 218313 222416
8 57 507765 513021
68 6 534090 534615
44 46 84341 84791
57 66 29414 36705
54 5 17622 19004
50 36 558852 565366
85 37 560947 561269
100 83 892116 892439
95 57 855767 862846
5 43 421467 422542
87 58 156395 164359
14 11 490628 491964
18 32 995802 997566
61 67 982276 991027
46 70 96059 105420
61 46 1405 6412
54 48 572743 582367
88 47 3087 6209
85 99 636118 636578
64 93 954679 959917
44 80 227711 231397
50 99 896238 903983
17 37 721628 726946
70 66 912539 919583
53 27 829520 830999
73 71 850947 855731
61 32 963032 968842
7 68 779236 780117
47 87 211812 213988
23 96 418225 422185
89 23 923729 929036
24 15 373055 374713
8 50 288570 293073
53 68 300422 305604
45 63 631726 635491
22 60 894337 899454
57 74 926877 929663
78 79 716629 716875
85 32 77905 86323
78 78 611308 619791
59 48 675920 676705
59 14 725977 728718
40 35 966387 967027
13 48 384115 388949
84 52 85553 91242
13 9 269662 277735
96 25 160569 167870
101 17 672770 681387
64 101 201785 207698
18 18 11347 19236
82 30 993898 1000075
9 79 337147 342510
90 22 502264 503295
29 7 431658 440762
7 33 537037 544526
50 81 928788 938258
99 63 865962 868417
34 57 319325 321411
25 87 223057 228469
45 52 580134 587251
23 53 781626 786755
43 24 173508 181682
68 99 107498 117386
10 22 790611 794462
86 41 493217 502899
88 1 418042 426339
27 60 950060 959857
38 37 701913 711622
39 13 423140 425457
42 35 803584 810465
24 55 963663 971228
24 82 57489 64483
9 61 642904 648116
65 15 274723 278169
46 49 538336 544423
80 0 595520 600037
69 68 278661 284638
52 13 682536 687715
20 32 924274 929002
83 75 6229 11949
96 8 636436 645756
88 89 15919 25781
20 36 822854 825815
15 25 534022 535427
97 55 883870 884229
16 90 457706 460372
27 79 809483 809928
82 69 837183 839710
49 77 60981 63428
62 34 974845 983431
88 24 318025 319672
5 1 370519 380301
8 46 868665 875999
23 10 296310 298295
100 38 754262 759479
14 47 835090 840918
81 79 395919 403173
15 29 941448 946813
30 57 712260 718300
15 80 188859 195298
58 93 949867 950500
5 56 674519 683649
77 50 974372 984328
21 82 140446 150414
41 95 10500 16613
21 6 170535 177904
91 76 510629 516383
41 4 188474 198318
48 19 433935 435314
74 76 185656 192864
74 97 922529 923197
31 39 206607 215947
56 93 96531 106295
60 3 157964 166581
93 98 615715 619517
99 19 558742 565999
71 36 897167 907136
34 13 903638 906363
55 68 472501 472904
78 12 888401 890950
19 32 766491 772943
57 10 991695 995805
68 74 240349 241007
85 73 566762 567278
10 60 904263 911876
85 54 215810 216557
27 71 533016 536097
4 2 886539 895082
29 74 808213 817644
2 17 307782 311636
85 46 52950 56529
32 46 8317 17925
76 41 899325 901694
76 65 117373 117776
69 35 144563 152327
7 9 556462 557556
14 44 237919 244406
25 46 555671 556919
36 43 602897 603860
67 13 756941 764860
45 64 534194 541732
2 83 515286 515460
52 34 258634 264376
56 71 159299 166076
81 99 878849 883736
52 7 550334 553835
12 56 416024 425028
51 99 950022 956891
16 20 817147 818550
26 93 77551 84393
16 82 639245 641335
58 43 242157 245206
9 7 928047 928189
19 80 397144 397652
63 70 42598 49505
7 70 624633 628407
34 6 675820 678368
43 11 480414 480579
98 89 765819 766207
94 45 738164 742827
72 97 609531 610231
47 2 60066 67960
9 53 385605 386330
31 33 790317 793422
41 69 561183 566864
63 48 965012 968102
70 34 960910 962467
9 42 595267 595567
90 30 426112 435150
41 44 529234 533154
86 21 190345 199039
99 60 642797 645748
31 11 618699 621386
88 21 807961 817022
63 72 618256 618550
23 98 599286 600853
83 57 579965 585168
55 28 427675 430370
56 8 56725 60673
37 4 510364 514881
45 17 78516 87529
56 43 383015 391218
28 81 543973 552640
64 76 90812 98293
58 9 227022 232314
50 21 286561 292647
6 89 356853 358073
12 85 513902 514176
8 85 669824 676157
35 78 365218 370420
89 37 705338 710714
36 77 31535 40987
23 40 563760 573251
98 86 252385 256322
8 64 100208 103143
67 3 125328 130962
52 54 140158 145764
72 23 31039 38771
78 97 149804 155381
10 17 120318 127353
89 98 453942 456915
77 51 391388 400530
55 48 786753 796688
50 73 77640 80093
78 5 803583 810454
34 96 33093 34628
58 36 723742 727711
3 73 445369 450818
100 58 560856 567257
34 40 970240 972197
9 50 229643 236511
99 68 482837 491638
95 46 247200 254872
87 62 162497 162942
65 78 28972 29335
45 56 431889 441616
22 36 150394 156278
13 3 819284 819347
78 20 876132 877991
39 15 261698 271316
64 11 995016 1003817
93 94 410733 414450
92 69 456920 464065
72 8 505257 511222
97 52 847119 857031
28 50 468758 469851
79 72 111321 115293
43 67 249062 256929
38 100 556303 564717
7 63 1432 6138
72 35 623447 630746
25 84 136495 141047
47 47 778470 782216
70 85 776903 783485
82 82 147979 151433
88 34 333008 340505
40 82 487051 489252
97 81 302895 303087
24 16 355807 363940
32 42 562947 566696
62 17 414921 423417
21 11 14231 22183
78 43 34965 37585
96 43 730775 733639
89 91 71587 74520
96 66 337931 342927
53 32 542518 548624
72 59 984528 985640
45 34 773180 780949
48 8 494323 502148
81 44 804915 808658
12 67 92239 98779
70 50 988793 995597
100 101 15459 17930
46 0 249961 258696
97 51 542039 542176
61 29 385212 392194
57 19 871843 872528
81 15 105148 110071
98 5 458471 460791
79 60 174503 182052
77 8 690943 696487
38 8 283070 284404
17 62 111862 116737
31 8 944442 946061
36 92 271185 271997
48 18 198348 200906
26 37 702327 707813
0 95 2803 7664
22 50 232581 235968
15 51 189372 191722
1 94 532723 535071
44 94 393290 402105
50 38 248807 252708
25 92 384229 384232
88 90 292457 296525
96 46 9044 13872
96 76 320176 320545
3 6 689687 697336
16 39 981857 989206
47 67 347364 354891
49 43 109227 116734
63 31 73205 80607
45 15 6066 14983
77 38 461601 471066
48 16 609368 617537
7 19 420584 424392
71 17 859305 864449
93 69 258045 267596
89 80 889648 891547
41 99 24158 30688
40 49 699474 700502
42 59 436455 440007
81 46 89697 94679
88 43 741454 746110
101 37 142758 143048
100 94 555446 563034
28 55 323994 324372
14 73 621433 630957
74 88 319197 324220
33 58 326219 332787
99 92 456273 463177
88 96 324273 324323
24 52 238685 241739
46 97 948002 955759
10 49 905137 909820
19 41 755692 757213
40 19 61191 65524
96 21 304002 310984
51 9 493062 499483
50 40 707427 708073
0 68 965374 966157
57 30 84477 92192
39 38 716805 722564
68 35 315026 316452
9 59 104381 106775
73 66 587841 592609
74 59 480219 488570
51 75 349084 353807
15 66 170966 173973
92 34 78187 86263
82 33 155281 163928
9 43 854487 861397
49 90 591848 592317
18 10 440949 441726
30 72 942327 948878
66 90 147134 156129
37 74 276667 277554
90 86 654234 661390
37 50 157154 160583
97 37 71268 77019
85 63 5645 7044
35 50 329753 336046
55 67 913973 922103
39 56 27282 36073
7 17 386336 391635
40 94 153996 161099
98 49 646998 656456
57 4 704819 708870
76 55 778617 781935
76 38 944717 945683
9 46 345402 346901
90 49 372173 372311
63 12 753675 753924
49 28 290555 291959
88 3 122612 131204
52 73 276539 280177
82 23 12958 21542
89 47 381988 382915
47 28 169517 170848
47 40 731208 736456
45 18 649986 655127
56 21 900866 904994
44 65 264188 268239
13 67 893736 897902
28 72 425129 433998
73 62 192758 198692
66 15 624024 624920
13 21 647444 650833
16 11 722848 727327
65 29 360495 367329
2 79 862156 862916
11 82 918263 928103
7 32 546458 553556
6 5 827243 835771
28 57 955262 959962
88 44 445915 454815
6 9 177565 185149
57 101 621870 630584
79 96 376054 380863
23 72 777719 784977
58 39 519280 520930
27 7 752776 759403
73 77 223993 224724
44 101 430917 434059
92 13 124858 131110
87 67 755126 757196
0 40 361850 362320
48 43 512400 517867
26 1 271978 281822
20 56 95067 96688
52 86 527760 531219
7 27 870775 871764
94 53 757394 763786
57 60 466284 470718
78 85 991604 997335
47 23 695672 697841
72 39 851617 852633
51 84 163029 168098
73 84 934407 940350
84 76 482963 484947
50 11 153378 163157
57 91 164166 165233
75 49 819635 819766
73 100 824807 829576
16 17 192201 196981
41 65 674426 679621
68 94 54485 58641
57 3 544921 552231
92 85 634635 636643
13 17 462395 471233
80 62 359376 367310
81 8 410147 412912
52 24 883894 886915
61 37 108388 111111
18 6 687478 688275
78 14 214231 216556
90 2 665322 671842
51 1 99100 102809
8 32 197214 199871
47 58 983676 990571
59 92 5511 7741
45 9 542999 544446
39 99 186553 188136
50 98 555903 565042
35 22 545431 547214
19 25 294653 302678
80 95 137068 143348
57 25 734430 734506
76 51 332025 337128
40 6 223923 224114
16 86 56038 57880
28 9 292186 300232
28 22 782724 785381
0 9 725988 733152
24 51 878185 879772
74 38 145374 150611
14 87 542195 548181
86 2 190464 200191
79 4 306513 316122
4 67 273651 274232
96 48 736508 743668
99 9 870790 871656
57 15 651800 653714
2 4 51142 59585
18 39 450675 455819
51 47 201588 203055
55 93 450572 453419
9 39 403562 408898
12 3 400556 406628
15 95 948639 949878
80 68 691829 695248
40 90 30655 33590
24 65 648116 657287
85 100 240936 250450
14 28 936276 946093
1 53 968801 970553
11 89 405018 406117
76 92 210101 212699
6 81 562255 567455
92 6 390870 400657
14 24 240847 243993
3 9 720667 724427
24 67 405153 414786
3 2 567097 570858
65 49 203995 209363
7 12 892760 894021
75 82 286966 290607
54 32 955679 962821
86 5 983619 987814
1 98 42967 52240
23 59 406520 408567
51 64 715379 724111
96 88 490710 493274
96 82 387971 389048
66 54 462363 465265
17 38 807291 811226
80 101 6738 8129
40 74 100946 108288
23 7 695080 704649
66 0 320581 327725
42 76 122160 130355
5 46 363924 371848
62 77 164334 173588
97 36 858141 862362
65 53 448 838
64 14 534575 541667
37 46 800083 808856
45 5 209924 219094
93 19 379035 379877
79 62 80199 87969
47 79 874226 877893
16 28 979557 984170
74 81 4512 7825
62 89 839758 845201
57 41 650286 656520
79 94 546638 549376
74 27 140430 143297
93 54 414506 421786
5 61 263343 269176
49 91 559831 562589
67 46 684311 685297
26 97 184309 184871
81 11 685645 692842
76 50 674002 682009
48 21 596903 605754
89 38 343129 349282
49 54 605327 608318
81 10 641998 643278
49 1 387248 396160
22 46 431295 433649
51 62 111373 120656
47 48 758298 765206
93 37 931208 931607
96 96 895888 898825
29 52 6438 14122
14 40 726934 728849
4 98 832962 842451
60 25 55370 58515
53 14 801498 810661
50 29 166128 167600
12 100 135714 141126
53 84 133432 141521
93 97 444701 453647
10 66 116011 117948
36 3 207591 210943
85 26 751502 755250
86 85 326021 331388
42 69 527261 535874
82 13 176216 185919
56 88 712508 716932
80 10 219468 225217
87 3 370569 375746
0 22 393917 396511
96 15 340864 342048
44 88 358593 360400
44 14 528690 536119
90 31 552315 556344
14 14 246977 251269
89 81 113076 116667
51 8 442562 450066
34 22 647444 650875
7 36 443160 451779
86 91 894781 899692
29 32 932116 932641
30 55 375977 376849
3 15 61634 70255
93 5 149317 150955
59 95 260353 262587
42 18 684073 688735
64 80 141259 143098
73 56 252807 259131
81 62 365229 371850
13 98 201631 210127
61 39 978441 982791
88 33 164262 165498
18 59 317327 318444
97 67 806495 816378
58 57 229473 236029
55 10 5381 5935
80 12 377052 378419
83 64 160810 163269
60 36 139837 142140
91 51 618956 619996
4 33 137734 142398
48 80 622197 632061
75 38 397226 404418
50 78 444076 452700
3 43 928827 932237
32 69 629333 637130
78 15 288813 293952
52 22 486981 488826
40 40 230293 235226
37 19 975456 983991
2 67 894006 903254
23 34 587071 589030
22 26 316103 323407
61 53 753749 760075
22 78 260615 265467
37 72 96154 96464
29 91 472540 476753
30 4 533516 535119
97 5 332574 341246
64 43 127951 133740
29 12 266369 270989
19 38 231760 237522
69 22 770484 773196
13 58 440573 449039
94 91 315687 317229
39 89 797733 800105
31 94 233875 235213
89 65 966381 974702
42 56 847147 851137
49 22 12675 12818
79 70 215358 216789
62 75 989529 990425
15 41 114790 117118
89 34 253101 253337
20 89 357683 360858
78 17 323849 328559
39 81 36124 45413
65 86 649108 655194
34 91 454261 461882
15 27 236018 245234
53 75 617174 617928
52 11 107577 115099
19 19 578460 584320
37 56 476167 481621
80 49 578097 581600
99 81 374192 381331
24 66 850454 859419
42 31 982591 984155
2 43 500787 507597
6 7 594977 604460
43 6 450290 452955
10 68 743185 743362
83 5 377618 383584
89 11 841395 849142
16 62 979600 980054
43 93 904995 905443
61 45 152879 157653
98 57 943705 949444
44 62 245467 249813
68 48 175059 182308
12 29 934843 937048
87 82 989451 999135
42 88 743895 749133
77 97 403963 412737
93 66 665120 666559
30 75 457772 462745
74 83 350792 357580
79 14 689376 698213
30 35 379857 382917
96 23 815580 819482
93 64 894602 901875
21 16 106796 110062
49 42 144769 147080
68 50 68500 75501
7 42 862615 872034
87 78 991406 995733
40 84 695954 702587
37 32 368917 369757
35 82 187139 196630
13 0 433087 437398
39 39 795072 802786
16 78 91501 93579
5 3 685920 687244
25 38 224929 228815
40 98 531082 533519
71 68 257996 266606
11 91 391631 396247
58 44 183838 185374
92 95 209874 210192
72 25 742597 747440
85 88 466705 467175
7 100 405341 405978
74 45 799318 808556
45 42 5359 14874
27 4 782009 788663
5 73 509687 516053
40 73 882306 886679
84 82 832126 841215
78 64 818623 821706
64 55 448672 456785
91 40 667986 673021
54 11 360213 363103
88 38 375547 377102
95 9 265433 269158
36 47 868521 872662
42 83 61785 65277
15 19 442164 443543
17 35 220716 229570
96 79 202721 209435
48 14 730033 737843
58 37 727358 731388
21 13 366811 368181
2 21 125182 127119
20 3 914029 914131
23 66 230044 237235
34 1 686618 688866
79 71 359789 361563
72 86 107104 113072
43 95 430255 433081
79 100 650138 657787
96 1 4025 11640
16 55 309145 310128
21 35 345112 349554
98 21 395202 398584
79 84 517648 519228
48 42 938215 940784
98 13 834577 841660
66 2 594474 595189
58 95 783934 788252
90 62 211370 219426
44 19 626191 628568
69 54 476246 482965
51 11 765579 770258
23 13 266032 268968
0 6 325352 327661
82 71 933499 942360
46 44 164405 173255
61 88 311179 320851
19 44 569564 572395
69 75 115477 118498
49 16 568031 571582
32 10 251829 256542
95 63 494853 501012
69 5 62162 64780
61 83 806815 815110
95 84 684588 685361
80 28 387306 391768
93 21 967905 975943
87 6 538045 540073
36 81 77770 87225
17 50 241796 243118
79 11 354560 354823
14 68 427061 428432
26 101 301034 308466
72 0 228253 236456
43 27 168012 172780
11 25 881102 887398
70 71 593322 600086
83 16 927449 929275
99 56 632516 642374
101 55 229103 232399
100 11 901791 903442
55 77 419910 424025
49 76 822001 831288
15 79 259493 259676
65 31 996124 1000641
13 28 239852 245231
77 67 754809 757229
40 32 622149 627514
84 17 524839 527028
88 49 625258 633379
40 33 210713 211499
45 68 851802 852930
46 88 787339 796898
32 12 929092 933971
7 101 666125 671566
69 2 979447 983825
24 71 872882 873023
86 67 341484 348742
83 45 986766 989453
49 66 384847 385164
94 28 437676 442793
67 77 282417 286596
11 29 625545 633635
90 25 833382 838467
32 72 156782 159753
54 4 558870 567242
26 25 924038 927247
35 40 855714 857557
70 74 948254 953006
57 24 230989 233038
11 54 713846 722547
78 47 563258 564664
98 37 601483 605274
63 44 466269 469758
36 58 361732 369930
33 2 614996 623582
11 94 136251 142010
62 50 320045 320780
95 59 663487 666251
14 35 254069 257633
93 75 275900 277157
89 13 396660 402964
20 44 310914 319864
98 55 435640 441368
7 55 941905 944415
38 33 63166 68377
92 79 613122 614628
26 11 387875 395029
48 39 12843 21764
55 81 713551 717022
80 50 301855 309500
99 6 870108 876043
58 78 708807 711328
83 86 354868 361749
65 8 348273 355365
12 51 413602 418047
83 0 152997 161394
60 24 624101 626584
29 65 685698 689365
46 24 491259 501111
42 57 574995 581652
7 85 28270 29079
38 85 83632 87178
95 27 852914 861265
20 50 89842 92871
6 13 742150 752008
59 5 31200 31382
44 7 35385 37844
101 53 796710 800575
95 58 526465 530892
62 38 246189 247313
75 75 420601 429599
58 60 146871 153656
73 54 106435 109766
57 67 693182 693360
33 0 306780 308678
80 9 213989 218467
8 51 455465 456993
26 55 269700 277418
77 56 671316 671580
13 37 587494 593984
19 65 996062 1003011
93 55 189480 196580
62 65 518554 522232
81 18 915322 918960
10 86 138482 144768
59 50 926771 930738
40 86 502582 506422
43 65 92346 100301
8 45 669963 674138
100 64 382233 383019
26 3 335100 344841
59 64 763880 765828
64 56 519981 522504
97 100 972340 981024
65 92 842100 845674
52 56 562920 571594
99 75 891899 897884
30 12 193199 202765
15 54 772428 778791
36 76 358718 367251
98 92 736466 741311
51 57 577258 580317
71 18 879963 889433
1 8 902715 903145
59 77 934486 936988
53 95 873177 878201
60 67 750731 758104
74 56 849475 855056
72 69 189363 195853
44 30 257407 265140
101 92 460704 462474
91 75 730970 731455
