18 1196
83 49 417475 421532
55 60 57582 63768
9 53 428444 430122
81 37 821657 828235
42 71 644573 650405
10 94 993943 1002371
14 3 480006 487915
25 56 485515 493057
10 17 657940 663843
16 31 414791 416240
100 45 238758 243537
88 88 295239 297492
49 13 506843 512494
81 71 963209 964584
90 27 422121 424273
14 18 842634 845401
78 48 199733 200734
63 69 727038 728557
9 48 213231 216813
75 57 875479 882988
27 12 304894 308761
20 36 741829 750846
7 22 395459 403991
3 100 416731 424122
74 9 377510 379135
73 72 82993 85139
13 40 772894 776385
46 47 696334 706088
85 4 898008 898283
61 70 676905 683925
84 53 612015 621820
46 6 172048 172495
40 7 327617 334098
45 12 317195 325593
46 49 859898 868552
64 37 987056 996903
6 42 710410 716863
99 19 128711 136953
59 38 75737 82215
89 60 947185 955879
31 79 584035 587735
79 17 269295 274923
13 41 896723 904391
48 2 617276 623288
9 11 829223 834231
36 31 943712 952467
29 100 884983 886961
23 1 132729 134328
38 7 372409 374803
83 86 277242 277319
51 73 173403 181513
22 93 56363 61838
67 17 363556 371451
55 7 478370 486787
82 29 36328 36610
34 75 804504 805931
21 26 484457 491541
41 77 952084 957322
7 8 150953 159638
53 72 74559 79951
59 32 154343 155752
97 92 520485 521916
12 31 76634 77361
65 23 866638 870087
100 99 152208 155759
38 44 341969 346954
94 91 43178 48949
65 97 696017 705413
101 82 690442 691265
47 4 287777 294279
57 16 523092 529427
54 92 53954 53971
16 40 914610 921797
82 98 629059 629354
26 73 388103 393206
20 12 542695 549638
8 24 60357 62707
64 5 427278 430505
9 89 401496 407923
49 9 399371 402347
97 64 982415 982505
89 42 225312 225807
54 81 981906 984521
0 3 459618 468272
34 62 981469 991449
3 83 817889 818506
68 15 483115 483261
54 79 44042 47482
57 89 169086 178245
57 42 824880 826487
30 94 219918 220743
84 67 427723 429334
15 75 924875 932357
37 53 294576 296555
66 47 84205 87605
56 74 703215 712938
47 79 247013 252005
46 19 963672 967448
42 74 451989 454514
45 100 31558 36636
69 32 148374 156751
63 35 44871 52534
62 16 379243 380903
27 57 549236 554169
95 51 175417 179494
22 21 850055 858365
92 99 797306 800286
23 26 41403 46710
52 67 217477 221784
93 16 438348 443117
87 61 286245 289886
100 29 356078 359656
0 78 809008 812215
83 40 184862 193921
88 0 770502 777602
37 62 996138 996278
92 12 226679 228792
16 29 825013 832957
95 41 607305 608783
37 76 977220 984266
34 78 780517 781428
43 29 430522 437965
92 58 581922 588698
30 51 62463 68132
41 79 96183 98326
78 81 23104 27480
79 89 225781 235234
15 86 986944 992261
87 19 968875 972661
3 57 268103 273899
34 12 917000 925499
9 97 102346 110962
1 96 231967 240150
30 24 139893 148066
77 67 999475 999676
95 19 740966 742073
55 65 513762 521616
26 88 416126 422334
59 90 915125 916755
7 71 899627 908821
17 54 480831 481989
14 2 153384 157471
14 7 703611 704225
68 70 640675 643677
76 63 144806 146934
57 54 388194 393611
41 70 59619 68090
81 62 848075 855015
48 82 665243 675132
59 93 955606 958030
28 28 33950 36473
99 81 222672 228360
32 19 124611 130443
100 91 130561 135590
60 27 620334 628380
101 66 53594 62955
60 88 77591 82764
14 58 168775 176628
1 47 902026 909458
39 4 13408 19188
25 84 950537 954777
12 36 108697 110007
44 45 245270 248382
56 33 720120 726687
43 64 45351 51776
45 38 598932 608037
40 62 923541 932452
45 29 846693 855337
15 23 577975 581323
46 15 394416 399926
65 15 30554 36781
55 66 368486 373137
62 0 77235 81792
45 78 276523 277099
96 61 94560 97334
92 16 17781 26386
19 40 600167 607656
80 9 541048 549496
51 45 820724 828755
100 101 184003 186003
22 53 34990 43606
87 0 741852 744873
87 21 175975 182062
33 7 835786 840836
13 13 555907 560201
16 51 388467 398080
1 75 326400 330911
85 94 885777 893500
77 23 733928 737732
52 100 565012 573325
73 9 425979 426186
78 10 576475 581329
56 10 466810 475414
84 55 764990 767892
39 1 946020 952012
44 93 995015 999564
55 56 298210 302477
35 67 756305 757547
31 72 788354 791950
94 13 641197 648711
44 46 258061 262697
43 31 217551 218745
93 19 53258 56793
6 55 996363 1006231
32 80 151527 158466
47 1 809968 816031
25 41 327558 333874
98 92 904819 906203
65 90 479601 479642
90 84 448897 451170
51 8 934896 935536
51 6 323356 324593
58 27 945270 946003
34 39 922580 926049
5 0 515720 520285
7 12 175110 184350
22 50 424406 426076
42 96 77356 85974
90 25 802934 803793
55 34 426359 430573
42 32 110463 114800
31 75 549249 550336
95 39 629148 629263
68 0 756201 756543
10 65 838270 843786
94 56 657670 667004
55 36 595496 605362
60 20 258439 267236
12 46 857708 859320
52 27 118752 127486
31 91 896971 900281
30 64 732732 735971
71 38 587006 588425
53 48 484271 492424
100 14 142548 147384
27 10 716075 719952
93 17 108711 116860
39 54 659022 662544
35 89 521531 524178
69 98 543095 544005
5 64 957043 962008
41 97 862600 870084
28 49 591004 597360
70 91 569234 572682
70 53 751686 753467
72 80 64722 64779
52 95 663730 664387
6 82 618047 622014
58 38 551461 551961
78 23 484562 494236
60 13 439110 441414
92 17 374464 384009
74 82 231931 234844
86 47 761189 771053
84 58 127116 128358
70 76 611465 619351
14 96 927510 931563
96 64 714666 720178
39 30 799088 808267
0 90 500689 508115
19 96 674021 683880
59 66 790050 793940
51 18 683482 691021
77 61 470118 471329
35 80 789201 796059
59 19 754251 754668
68 53 794613 802635
58 78 820137 820214
54 87 825536 831179
31 23 915510 917623
48 94 77633 78109
49 52 293829 296832
27 60 520056 523294
26 15 424529 430771
19 84 59586 63073
15 92 342340 347060
68 77 172364 173885
46 52 570074 579504
53 57 348301 349427
80 74 134195 135498
8 76 350010 350041
10 27 155631 156874
95 8 559247 559473
31 34 637627 640078
36 85 595099 602093
84 46 17548 25157
87 70 907145 916469
93 66 158756 165014
97 89 795262 799390
63 64 629838 631198
85 22 742865 750130
21 14 896266 899147
99 42 757040 759411
13 2 157393 162632
72 77 123553 128174
101 30 752662 758077
75 54 801189 807540
40 78 957082 966044
97 51 783023 789704
12 90 51666 59344
46 18 362477 363581
80 38 226388 231218
29 54 572568 574133
58 1 150795 157910
19 3 92831 96066
47 87 572350 575207
41 16 701284 705522
2 23 567347 572221
98 50 234444 237642
21 75 820811 826531
101 4 83877 84254
92 88 711304 719612
18 29 909584 917969
86 70 267362 272451
45 56 995931 996419
22 49 270822 275230
63 40 975986 985624
89 65 967686 976576
39 36 989268 995083
30 42 239892 243972
72 37 43390 44012
45 18 156224 158375
99 3 477433 480157
49 82 161999 170994
58 18 870345 872831
70 37 606310 608445
15 99 27504 34686
51 44 293832 297145
72 65 113297 114762
16 48 387579 394364
2 60 199981 204388
26 85 588386 592807
33 5 956684 965564
0 68 63081 72236
82 81 333860 342601
59 37 758504 758619
86 90 33295 38922
76 65 523407 531244
64 85 297323 303355
60 89 905341 910900
61 45 235567 245169
60 92 164081 166556
43 61 84699 91264
61 44 269234 273408
80 8 273691 274885
62 40 923513 925547
11 63 915426 918856
40 61 512899 518509
83 13 649249 651124
72 84 670524 677942
79 32 257316 258320
48 25 743858 749873
13 44 883521 885897
88 43 288009 289414
82 27 277874 282788
33 25 716112 719952
24 45 344904 350215
47 74 487547 487998
100 69 67572 77320
59 83 175056 182842
99 67 343238 345213
70 58 329030 330181
38 43 150593 151229
87 67 466763 471463
47 19 414371 418117
45 82 80948 86692
92 82 133872 134621
47 91 397877 399556
14 51 519832 522451
1 56 729514 733810
0 73 261620 265225
85 48 521667 526622
23 67 229113 234887
89 58 541000 547051
97 15 78875 82500
78 66 486428 495735
47 97 900546 901311
90 78 9164 11058
3 33 387234 391063
40 55 988731 994917
17 100 755065 763840
43 19 582692 587075
6 92 845142 854928
3 78 863539 869260
28 5 222829 229572
96 94 571331 577733
19 81 881720 884836
87 59 76462 83154
74 98 689460 690460
8 52 165290 170806
32 98 459417 462852
21 1 560365 562240
35 26 199576 201002
21 89 5738 14678
92 70 888960 892048
73 25 587420 593370
59 69 14994 16290
18 84 684764 687726
6 33 757846 766012
32 15 20615 27501
47 29 167042 170228
28 26 509989 511840
97 77 252513 258715
67 29 390922 391494
83 33 417474 427322
43 98 920915 923204
22 13 117278 126519
48 22 343592 350862
99 58 629085 637753
0 72 812035 820734
32 34 586629 590777
34 42 794626 799256
20 69 985009 988211
83 71 800172 809788
53 93 417191 423361
13 101 227065 230212
11 87 939366 945891
91 85 56193 61302
33 42 996847 999325
85 28 904735 906011
101 91 324613 333861
50 96 442131 446522
40 34 12337 18919
2 93 904535 913405
64 96 168134 177507
25 75 2499 6400
65 51 464651 469815
48 59 163753 169308
28 50 790488 793243
47 42 44906 48797
38 76 479940 485211
69 0 865617 873063
57 7 450858 459011
43 100 249179 258035
41 47 191508 200599
66 63 700167 703179
2 85 138472 147972
5 94 272384 275481
24 88 53063 59166
18 81 137442 140843
73 16 297598 302270
43 10 22727 31898
30 92 338431 348345
93 68 964646 966191
98 24 448321 454724
94 90 393748 402714
59 80 480528 489813
37 51 669877 672186
18 71 359775 365160
80 100 703819 709929
19 30 299325 301885
16 25 898488 899692
13 11 262230 270525
66 0 179362 187813
54 99 901444 903848
93 36 204685 206229
22 90 386343 388246
99 78 902112 909028
30 47 559528 566459
0 79 72271 74530
5 57 907178 913858
67 34 397413 406283
90 7 514239 521613
81 4 804334 809837
56 5 296281 298508
61 88 760302 760412
79 48 742426 751072
101 16 381162 387781
70 79 265280 271762
67 93 492924 497069
93 4 60376 68118
20 67 47256 50203
2 21 734409 739109
57 96 586265 587755
57 34 614005 614848
1 41 312183 318654
77 62 171732 175776
1 11 411388 411729
41 2 401512 410292
60 46 274189 275085
56 38 360489 367630
96 66 822379 823439
23 33 133157 142689
60 76 145311 149739
77 51 979662 986098
58 66 410865 418406
91 101 776691 784348
9 56 807506 817039
0 93 887303 889914
47 32 637405 639891
13 28 771853 777398
34 83 324915 328448
89 80 749976 757480
41 88 118234 122508
26 25 181228 183622
79 28 404484 407234
6 83 746100 754267
9 95 272418 275566
78 69 48043 54782
55 47 29664 38133
7 20 378798 388737
8 41 746275 748579
1 13 207429 210242
1 37 461263 466872
85 23 337718 347329
98 48 904250 911422
80 96 943284 951075
61 39 743709 753439
89 54 690903 696193
59 71 186345 194098
65 7 655746 659757
93 74 625204 629729
11 21 664073 669336
62 54 55472 58835
63 27 793251 798296
11 58 521963 527892
81 77 595030 595179
55 72 937899 938671
29 70 7715 17261
66 36 464033 470515
7 73 203026 211595
50 17 197874 207543
5 5 866089 875218
39 20 986631 990398
42 99 334076 334078
5 83 625743 635705
40 84 871207 880797
33 97 502924 503769
79 24 326933 327874
43 45 307233 311904
83 76 67681 73535
31 38 414546 419020
37 58 819688 829232
95 18 108393 108930
82 6 165261 169942
25 59 705798 715057
18 82 497841 502948
28 89 923944 928082
10 64 384345 392760
41 26 363393 368136
13 88 645693 655032
40 69 296111 296871
25 65 73858 78232
78 31 531957 535381
48 29 653482 659798
43 49 74928 80623
17 78 383552 389056
81 84 85610 93631
83 42 724032 724342
12 91 587011 590181
64 64 130371 138100
6 60 859512 868054
61 10 377595 380962
82 70 748172 750281
70 38 463193 467433
2 72 486501 489332
16 38 968903 973736
27 74 293187 297973
14 21 117671 122669
77 13 600531 602815
85 21 394307 398969
77 93 216535 222849
56 9 808160 816199
67 83 834201 842307
35 63 503979 506369
40 50 454740 455825
67 10 124734 131989
22 5 222513 223569
41 13 876769 883673
69 80 417100 422077
3 85 237732 246706
78 17 388272 397379
42 10 336904 346588
53 11 555874 560986
94 25 702775 710571
14 76 137833 139226
83 5 228548 234783
29 7 13448 22723
35 41 255129 257484
7 92 728396 737857
14 69 36179 36598
21 70 256536 263374
58 57 8705 12102
41 67 765123 765393
97 12 840215 844212
28 39 870365 872501
36 7 700358 707162
2 37 491864 500107
77 38 407852 409992
15 13 745722 751716
17 93 224171 229280
54 48 356201 356553
24 82 382298 385357
4 4 909582 914585
3 7 478430 479825
70 9 37847 43186
12 3 677559 677566
26 59 168849 169591
82 41 984364 993635
16 73 359083 368934
47 73 971188 973317
101 97 80702 81329
89 37 532456 534647
40 9 432036 441378
82 50 511602 512564
9 83 308917 316441
40 21 688592 691829
83 89 197828 198660
58 61 743204 752642
95 98 184080 189538
95 33 66709 73544
14 74 82254 83313
38 54 613023 617019
98 34 351563 359364
1 66 524454 533393
4 90 645739 653069
85 14 669463 675284
15 72 592303 601239
6 52 953073 959332
97 48 681755 681957
16 15 30711 35292
86 55 606183 607079
52 43 267191 276978
58 88 307 9936
78 60 25605 31734
87 64 326169 335593
65 25 737228 746050
70 3 250895 253306
21 53 580199 584987
98 49 979647 982139
44 42 241192 245456
61 86 909566 913045
50 47 712636 715678
83 28 370372 374711
46 10 670635 670781
31 59 371187 377345
34 70 577323 578911
58 59 147367 147626
27 56 175471 185357
21 63 888111 890530
85 53 297626 297941
82 64 410519 417156
5 42 372410 381644
17 48 837285 839799
78 85 157051 162538
14 52 274748 283307
65 6 215625 225219
87 92 573441 574355
99 63 834505 837371
64 84 519468 521597
21 87 457239 462584
11 4 324371 325227
48 19 51960 55284
72 67 360306 363968
86 93 75364 79683
30 10 580955 585321
99 43 694278 701535
59 84 661299 666410
31 100 38409 40080
0 34 110536 118791
46 79 765361 767159
39 23 585719 593706
54 97 604124 612561
90 1 739966 741913
88 84 530602 535434
50 11 220869 225708
96 2 991051 993717
0 46 356374 360661
21 21 997562 999809
72 60 158532 160173
54 83 772826 773503
43 9 728556 732222
18 68 986532 991487
62 80 29345 30919
48 78 491622 500899
1 101 889922 892206
82 83 573190 581137
35 22 899120 907067
42 94 368948 371655
88 56 646467 652053
11 76 426766 434463
69 56 2781 6715
70 96 37546 40015
55 74 911938 914289
72 76 23106 26277
23 49 47631 55466
98 1 64761 66557
97 94 702241 709120
75 44 515397 516731
56 44 680976 682218
71 62 72010 76789
73 34 906044 915864
39 97 589766 595010
92 18 57329 61982
100 43 837192 846199
40 74 627884 632155
30 43 67530 70242
39 85 341496 350404
98 36 232239 241477
36 98 71177 77458
24 65 762645 763601
60 62 389129 398833
48 96 746428 756206
28 23 344772 348610
38 70 684066 691806
85 12 504035 504251
65 70 924003 932125
33 38 423469 429496
4 74 880351 881585
50 98 91840 101432
36 91 975654 985285
18 25 357887 358526
10 5 944732 944815
19 55 197935 202140
59 15 69398 78301
49 54 107450 113715
68 17 493830 498329
10 79 230022 235950
55 28 812582 819234
29 76 848897 851929
36 73 256080 261972
45 22 765215 765626
100 15 791022 798091
50 55 137168 147017
21 84 365759 372610
73 65 88751 92346
50 59 941097 941706
39 55 998763 1001776
19 71 783402 786514
97 52 850354 854882
47 80 810273 814934
27 13 420407 422223
71 45 583287 592291
69 28 800821 802457
84 12 665800 668317
34 22 562766 567653
17 64 174576 174729
13 30 221761 227956
66 89 863223 868218
29 55 719607 725642
57 63 264813 272456
28 86 293611 294038
14 49 665921 668729
25 63 32759 33184
36 71 841559 847382
76 6 378976 380389
73 8 617651 621578
24 61 206197 211462
13 22 705458 708818
2 56 451888 458307
93 58 113913 122138
52 93 618689 627408
38 11 498030 504489
47 63 377538 378073
27 40 156737 161283
22 91 39240 40975
34 100 83564 86910
82 79 783948 784262
5 40 533200 536819
6 16 915930 922016
24 100 709621 717726
2 33 994354 998892
15 59 464544 468153
2 45 50747 55265
52 30 473102 482187
81 14 736805 741805
67 80 354251 359840
74 46 832371 839891
56 21 990972 1000207
3 2 307577 310028
20 7 790479 799011
29 19 54653 57260
0 67 665082 668657
30 79 852593 853343
97 53 635681 643761
76 29 962169 968640
46 17 818492 821054
68 65 511569 514737
93 76 609162 612451
16 44 15860 19031
84 17 802506 802836
68 12 143702 152786
65 99 21482 29527
24 78 80579 85154
69 81 41089 48527
31 101 36977 45399
32 39 247299 252173
51 81 896595 904455
23 94 278364 282719
53 85 489009 490068
92 21 530058 530340
41 80 545489 546985
18 31 737802 739989
55 6 269581 271932
101 90 851905 855241
16 78 722312 724675
95 23 723074 723389
62 75 611783 615465
33 41 189412 190018
4 32 21253 22914
36 6 156190 162977
70 22 209917 211506
15 65 480456 488819
96 73 122099 123717
55 63 395794 403088
91 69 400676 406638
86 97 455726 457565
68 80 517926 521967
83 60 307514 314953
48 7 897417 904152
70 59 230779 238067
22 92 9613 11059
64 26 500062 500789
82 18 683308 685069
95 22 6070 7571
5 82 346777 348680
76 98 672555 677065
65 88 646706 651490
93 87 455203 458228
3 40 886228 886456
68 52 880901 886210
80 45 567619 573793
26 12 877490 879528
91 32 158023 164882
32 77 774364 782241
46 40 661932 668588
43 33 101406 111117
34 79 988269 994961
86 101 350917 354173
14 86 247647 256970
0 16 718705 725312
84 8 932338 941333
60 12 926955 927843
16 37 774461 779553
18 99 283577 291668
27 68 237614 246141
22 98 238554 239657
19 97 892085 900544
13 39 890927 899790
100 68 25711 28936
101 37 994830 1001808
5 69 146058 148758
24 18 321054 326974
25 90 825680 830645
62 10 354167 357054
69 55 710097 711159
42 15 294496 303654
94 67 648865 654314
74 83 73563 74856
47 41 960570 967193
40 13 914585 919617
87 26 62834 68017
36 40 359818 367663
5 87 381737 382435
89 45 219195 226893
10 96 13922 21318
62 5 849128 854557
3 5 586025 586319
27 67 419018 423578
32 14 563546 566325
12 78 867471 870519
88 34 545445 548309
99 39 439344 446325
29 33 183743 188659
34 0 959193 960189
38 39 976036 978970
14 50 252391 253549
67 55 74037 79333
13 51 267584 272618
20 70 783318 791899
35 49 738360 740444
0 75 746143 755547
1 2 711817 720422
76 12 306110 306618
26 24 402511 402929
14 48 651370 658772
25 68 939179 941558
38 24 136059 145905
35 40 158012 161934
26 39 323319 326896
63 4 784955 791230
69 78 82703 84019
47 66 21336 24079
57 45 212655 213065
52 84 120087 128347
91 89 256094 265749
96 96 968493 974015
80 42 672632 675368
41 34 983504 987157
85 73 763726 771330
3 77 225278 232555
40 10 260038 261076
98 41 646135 655733
9 90 473999 476936
86 39 343130 344207
44 3 440230 449589
46 25 91405 97318
72 63 659712 669136
59 61 613482 621621
9 62 337712 341523
0 101 756655 761353
20 0 14648 23292
57 6 706337 712731
90 72 304196 309149
31 62 809525 814468
36 28 124179 131061
54 5 443380 445595
70 90 472564 475952
51 26 265380 273499
64 48 778026 783588
87 8 9211 16889
52 62 122938 125135
0 81 907714 914881
88 89 361529 365230
101 51 759785 759970
4 0 8261 14355
28 10 165936 167797
44 31 362006 365128
42 33 460516 464570
87 85 991705 1001104
18 37 44231 51497
39 32 708772 708817
91 78 861970 871447
26 66 741922 749564
54 96 660786 666473
25 17 335705 342776
76 90 807734 812709
47 30 413691 420549
22 23 254320 258146
100 83 928355 934348
16 74 628476 637825
96 79 444751 451810
90 66 943287 949809
72 48 613024 621330
75 7 688978 696014
32 81 457946 467732
84 63 298500 306624
51 17 233497 242938
92 100 592552 596131
45 59 884846 893206
40 8 626820 632869
22 85 320676 321752
8 82 45208 47159
98 63 876952 879077
83 54 770172 779710
17 25 811482 821338
54 20 978717 988181
67 25 597723 603780
84 71 157980 165276
90 68 155659 156074
92 65 810443 817090
8 1 920689 922703
22 60 647183 656896
80 5 699339 708026
37 54 504476 510172
99 56 512703 520490
15 10 444794 453494
2 25 147617 156541
76 42 287247 288776
35 5 679180 682846
1 6 990464 1000289
30 85 210436 218793
11 19 77082 83878
37 90 743302 748927
88 70 149558 155137
33 32 746585 756492
84 99 407563 414666
90 64 705732 706152
5 74 322781 325594
64 89 659919 665578
69 33 605149 612972
88 25 614191 622998
28 29 705339 713478
12 80 246470 249308
48 61 181805 185729
62 94 716019 716194
24 50 228275 233815
46 16 500860 504354
44 83 420094 425486
39 8 988967 990305
3 11 226921 229162
100 80 310059 319093
86 65 98634 105705
52 16 86015 92204
35 90 794290 801882
21 64 206653 216230
37 73 894467 897511
30 56 216992 217666
94 23 212217 212495
81 87 531779 540017
71 21 976291 982948
54 19 608086 617230
80 92 744712 746410
18 4 191584 192919
93 83 33708 42308
7 75 906548 909893
65 86 231043 238844
21 62 118843 121519
17 63 467114 467987
97 66 689667 690275
17 9 822631 829646
23 86 740354 746320
95 6 952140 955190
92 11 350254 359665
84 72 822013 830784
64 47 7588 12250
51 20 637572 641642
96 28 981293 987702
78 97 414752 420483
83 1 528490 530988
30 100 489472 495636
51 92 82583 85478
45 55 89303 94695
18 83 447297 456122
92 7 731749 735638
19 8 748926 756449
30 39 850300 851627
84 43 745624 752673
4 45 605747 615007
10 32 23228 24486
70 50 124196 130446
83 58 744866 751959
92 96 630204 634061
16 63 571974 580446
65 33 912719 912901
86 9 458565 460357
98 53 34254 41126
65 89 846761 852516
59 34 645501 654371
96 83 398431 405315
40 82 484428 493108
6 13 538052 540795
62 85 809659 814201
48 47 418640 423997
28 54 684737 687380
54 101 151914 160500
82 73 795739 803524
10 82 202226 208788
2 73 612557 621812
45 0 498463 504662
5 88 930360 937316
24 43 477771 487571
91 4 90037 97829
90 86 38631 47895
100 5 405878 406950
22 28 895465 903465
11 101 614026 621589
43 34 326906 327508
67 61 916650 923643
28 90 713199 713705
29 97 145710 153487
78 47 584706 593958
45 68 129141 137047
23 30 667123 670585
12 9 767240 775092
16 98 861952 864351
81 3 571143 575791
96 91 989881 993531
25 15 108036 112756
30 89 482771 484099
78 64 181270 189192
97 19 865663 871246
6 54 939187 948892
47 71 492870 492881
95 58 23885 30147
33 16 147175 156608
66 4 609506 611582
72 9 139379 145379
90 77 82984 87130
56 3 877766 886576
7 79 299520 303136
20 33 2065 3373
28 70 978948 982270
97 41 300183 306703
101 25 373191 379415
93 79 814024 820939
67 26 53644 59463
18 38 65009 71897
90 4 582090 587286
26 51 494321 502195
28 46 666916 676501
16 11 915473 921127
73 21 597881 603889
45 60 435877 444521
66 27 952544 960816
21 4 375427 384465
12 83 862974 869191
33 15 974079 981638
32 27 30581 34673
97 47 143803 151376
74 73 11173 20011
53 76 265349 274325
6 3 470347 470888
43 15 509637 518344
23 13 142627 148351
94 4 584991 589671
52 9 256437 256540
29 11 352225 352381
49 3 107733 110947
69 99 990201 998161
50 39 299353 303685
57 38 976521 984879
38 36 936937 943017
76 101 112377 122172
28 11 340302 341576
58 67 536920 540754
21 82 485513 492598
36 65 132856 138121
57 22 827585 828709
75 36 549160 551099
65 64 659827 659925
9 63 960936 965499
17 61 423526 427298
11 54 568530 569199
5 84 22604 30624
73 67 486600 494864
17 74 161239 161799
81 1 796350 804545
29 44 260038 268906
18 13 412990 419126
36 70 525425 529613
32 97 373243 378656
63 55 50221 55384
44 66 106334 111009
0 18 108105 110394
47 60 159945 167260
67 40 404923 413152
13 71 396180 400612
19 64 458698 462038
25 3 694024 703398
23 54 390868 400803
32 7 416108 417675
76 79 877557 887343
48 8 901350 908951
23 77 266385 266415
43 89 480155 485208
20 64 709929 712999
40 76 97767 107088
3 68 669850 674269
33 80 945729 948884
24 73 69439 72247
15 1 365451 372635
97 26 166598 168510
101 9 331729 337834
96 57 418069 420033
32 68 270886 280309
1 71 224808 228062
30 16 34673 42859
52 10 889955 898060
12 71 477715 486832
34 99 609896 611026
32 86 690773 691595
73 48 764341 765276
50 22 56505 61818
73 97 639404 642399
30 86 262674 272215
6 51 136029 139938
53 101 11992 19214
13 32 224034 229870
45 4 735693 737191
75 12 286250 293061
85 75 745003 753661
9 49 160414 167498
50 97 408368 412302
76 47 333875 338890
10 41 703758 707879
41 4 659028 662617
80 80 993614 1000803
62 48 278786 281686
79 59 138622 148570
18 77 701149 701520
50 49 28620 31426
57 28 10113 12191
66 25 609540 617577
85 17 768036 770168
5 100 663411 671824
82 78 410827 415808
22 55 24056 32733
28 20 385910 394643
97 29 186506 195633
91 45 170342 176165
99 2 51935 52560
47 35 54365 60123
98 17 953282 955663
29 92 648133 653861
49 78 837557 846127
13 54 215538 215996
25 18 684594 685302
58 2 560339 569138
70 92 329565 338131
52 96 769 6333
58 63 476086 480030
61 9 391276 393222
100 35 192082 193844
80 29 471392 478598
57 73 175521 177091
