11 677
37 30 20085 27082
70 53 201154 203989
81 83 20649 24429
53 38 938117 944980
33 100 983136 985744
44 30 568077 574462
50 43 244271 252905
20 101 25347 33946
15 68 298162 300732
96 46 467378 475807
58 16 923910 925599
62 61 839832 842969
31 15 545117 549064
100 89 912562 915485
86 91 478381 486223
84 94 583154 586774
16 17 439762 442947
21 77 632853 637427
75 86 4533 14111
57 88 616879 620241
54 5 234918 237024
11 9 155744 162684
44 61 275721 285063
25 7 624009 628839
22 91 495602 499012
50 71 480660 480988
9 36 698186 705225
34 61 567292 574399
100 82 28190 31606
47 91 7871 16534
26 13 532987 541726
20 37 706773 710512
46 20 468583 478412
11 53 101583 111497
42 63 422909 423787
2 56 185871 195048
51 32 950011 953585
30 9 449015 450265
4 18 676547 684550
94 72 817131 822317
16 5 909284 915385
78 46 153938 162458
37 38 35804 45321
54 20 61431 61770
66 15 110370 111903
72 71 905230 913584
101 66 477529 477849
42 1 722564 726868
23 50 571596 577249
2 38 268526 275044
83 17 249152 253135
12 37 36647 42952
15 2 330173 337100
74 16 86891 93780
19 90 723039 728684
70 65 149277 156017
95 88 444947 454917
28 59 578066 585491
29 37 395700 395800
53 24 140240 149441
61 31 349827 357687
30 5 590030 599419
11 14 654888 656948
54 22 321419 322787
13 91 573935 577484
95 80 253131 262216
16 50 908687 915465
36 86 352074 358511
91 75 881394 882815
81 46 496403 504323
19 0 622425 627731
45 42 55100 57302
86 97 3624 13543
66 52 627892 631810
99 90 89252 97152
16 1 79070 86782
23 78 265785 273522
80 100 872985 874056
22 21 61789 62340
90 27 668348 669641
80 87 942436 947601
18 48 494224 502413
68 11 320547 327012
28 96 233802 240408
10 17 955511 959852
98 87 859231 867571
50 33 45073 51331
3 1 307358 308837
100 58 324724 333460
100 99 296587 299991
97 55 170204 170386
25 74 698189 705216
37 46 369697 372625
33 51 115344 122503
57 42 945182 953559
2 68 559104 562169
82 67 527975 533195
85 40 411088 413678
20 63 301399 302236
50 38 306112 306645
1 22 752615 760302
98 3 318297 318564
38 25 356521 356570
80 39 359118 362496
14 30 222043 226166
100 73 497772 499658
53 22 334886 344217
96 11 864100 868012
58 34 310582 312955
35 93 964928 971491
58 40 485333 491928
45 62 926702 926768
56 12 310113 316942
13 75 785382 792143
17 62 255295 265102
22 72 345233 346760
65 81 823630 833489
63 0 801589 803999
69 84 961619 963353
46 99 327420 332294
60 71 108470 111300
19 74 256426 257559
90 10 172297 178228
50 47 453546 455201
22 6 431535 434943
37 55 943241 948851
4 42 781275 790780
99 84 836907 843207
64 34 941212 947927
54 76 449892 459275
60 12 830366 836492
87 83 677742 680946
97 34 648045 654676
45 98 389884 399350
8 92 209080 217249
51 94 36029 41214
68 10 738377 743053
27 97 477989 482790
87 82 944902 952209
98 76 441733 444474
96 29 486752 491349
20 88 767925 777371
7 14 163154 163957
29 72 498451 498694
10 79 565397 569019
16 64 332893 341234
82 26 436743 444596
98 37 557146 557732
28 20 21382 29489
40 59 502233 504003
49 92 811261 819489
77 65 568018 573432
53 11 811143 811740
2 20 356954 365966
49 72 145296 154447
74 19 306233 309124
27 5 833657 834381
37 69 761581 768974
3 26 507104 514891
66 84 432319 437672
39 47 316193 321341
95 84 660025 660189
22 88 621609 626902
89 45 858814 864961
65 68 805054 807988
67 68 2449 5705
23 29 730608 736635
100 40 874750 882248
45 11 776300 783981
17 98 302107 310214
35 99 146487 153037
36 47 244257 246903
65 97 927803 932100
47 46 788947 797481
66 67 884916 893959
26 41 13232 20251
91 40 940615 950173
28 23 502419 504992
84 48 956791 963665
74 4 226509 234634
61 17 242397 242751
95 5 496356 499111
89 84 146752 150035
66 60 429343 438612
75 48 602181 610795
41 56 554999 556767
99 71 259736 269313
1 42 410627 419428
88 37 313130 319797
46 64 937058 946151
47 4 979861 986725
4 94 380376 382663
7 82 756052 763723
44 89 706081 709957
53 36 756193 764627
51 75 417909 418062
69 49 925246 935221
0 48 662813 669373
101 101 480297 481881
85 25 175714 178498
67 11 935145 942751
39 22 450286 451744
47 38 360544 366977
94 32 778475 782778
99 23 469881 478213
47 13 495187 503816
88 77 152594 159284
80 47 49811 52378
54 36 991481 999451
55 91 569904 574518
28 66 367111 369624
34 40 181371 190028
72 101 691099 699131
67 83 262332 266284
88 87 38238 47433
37 35 571801 580324
58 1 537874 546989
21 10 993092 1000497
64 3 842679 846931
100 59 84566 93321
58 80 298887 299628
91 36 917142 925064
58 56 268953 276748
40 42 96289 99323
73 45 201905 203288
30 20 163557 173506
86 12 269490 270268
45 14 707729 707852
51 23 396581 402816
50 61 104235 107992
2 14 984854 993206
62 81 761795 771422
30 80 353836 361139
46 50 481312 484089
8 72 8754 18119
24 80 249933 250584
32 82 60881 69074
58 9 791080 798064
27 80 281974 286230
77 33 860939 868702
68 20 355025 364335
93 53 804146 807068
8 59 148280 153865
63 21 363148 371440
37 29 162218 166068
1 16 72319 73426
7 26 539821 543453
13 4 48588 50857
48 91 409047 417599
29 93 166056 174563
49 18 473506 474640
79 1 991648 994787
80 43 433241 441411
13 89 46084 50536
69 73 874484 879791
65 83 367130 370186
2 51 116569 117913
95 78 557964 559249
65 42 9471 16423
39 80 219722 221032
57 16 146525 152870
49 12 160841 163795
35 89 964320 969703
27 30 120644 124210
13 2 21378 31011
11 16 56877 59700
99 22 691700 693657
45 4 708362 716369
44 3 223529 233426
70 90 701452 708730
41 26 50803 56035
48 98 569916 575205
36 34 721306 723554
5 72 485233 486767
1 20 810989 812212
15 41 917884 919282
2 47 895581 900528
74 5 302574 305212
29 35 470410 476063
13 64 377544 379740
8 44 631927 632836
63 41 994242 1001131
20 89 433652 442497
57 18 433369 439158
44 98 853086 854988
16 29 903595 913044
82 89 601565 603666
66 70 835356 839673
60 18 42050 49513
53 43 279615 281039
40 30 805067 807987
49 7 802020 811153
11 20 697977 703499
18 79 174304 183063
69 60 494341 501163
0 50 148984 156277
97 59 818920 823157
87 33 963806 965243
100 53 82102 85177
49 69 106030 109498
41 5 561569 565985
63 101 583790 591640
17 36 955575 962836
97 80 953530 957009
37 72 983536 988531
81 17 741417 744916
97 27 243945 250497
85 29 996686 1001922
8 10 703371 708559
48 83 372328 378919
35 11 438854 441332
19 88 720628 729754
42 22 359031 366191
50 40 10826 13206
53 73 920726 929336
76 71 65772 70253
30 101 153243 162312
0 70 944693 946172
25 75 671099 676181
78 67 930723 939831
71 44 333683 342083
95 91 656173 664592
91 54 280526 281182
25 62 584671 590233
27 0 542491 546038
7 79 282564 291571
46 36 792418 793768
64 95 234959 236923
92 64 632494 640919
40 1 718412 719070
62 48 565637 566339
74 81 376676 377782
64 23 991406 993468
95 62 808871 810628
33 31 314369 323167
50 46 648184 651799
91 26 965688 968691
84 97 625867 631312
52 7 81915 84000
53 30 546607 555762
43 55 660387 664331
89 75 642026 642533
45 2 730175 730310
54 64 810387 813575
100 38 944630 952068
23 45 124233 130415
92 91 545903 551047
30 16 297435 300434
60 60 783592 788907
23 33 534227 537287
73 3 449375 456170
39 42 526257 528386
44 22 714877 723817
61 70 773289 780978
0 1 315767 316425
0 67 483241 486688
75 16 33999 38064
0 77 634739 639430
3 18 519479 521307
60 22 948200 956091
78 9 122201 125254
78 98 819011 825281
66 71 636559 636865
52 23 834942 839974
70 47 590381 593287
76 50 263977 267159
91 62 16308 23656
35 34 28926 31504
39 97 782151 782549
80 82 438246 439568
24 78 836689 839467
86 16 903660 911445
81 44 419945 422686
16 85 6233 10138
9 6 3512 8522
95 90 734276 735869
100 2 750169 752171
11 8 634854 643206
36 71 502773 503526
30 23 45134 54021
98 40 81519 82135
76 33 517420 521636
21 39 177530 187252
80 48 666959 669512
63 64 559399 566208
41 73 606481 608719
77 15 80799 85343
10 41 500983 501226
85 80 257143 261690
79 15 841027 848149
82 93 389366 391863
33 50 119762 126079
92 2 914928 920848
34 74 514556 520878
48 0 218162 223829
90 44 938068 945572
72 16 94407 99533
60 13 758408 763769
95 8 801332 805905
92 73 710102 713809
74 77 775120 784982
11 31 286623 288544
64 86 289328 298835
24 62 710310 710703
95 66 450589 460522
7 65 102787 104128
12 75 286415 293567
59 50 1938 4871
79 2 116951 123154
40 14 244300 250369
18 94 883769 885366
67 84 342035 345964
32 6 35505 39401
1 52 49999 56084
70 9 960908 965126
93 32 59727 63278
85 35 128244 136987
65 41 841764 844856
32 15 148307 151462
19 80 742272 746068
21 23 535629 542808
11 77 679326 679646
25 101 524805 529966
56 38 758762 758989
64 35 933696 935753
41 36 717020 721537
19 53 33040 41553
49 36 906848 910006
49 83 554718 555708
9 70 86661 93664
87 76 7551 15240
25 78 318914 320741
28 5 346442 352686
39 69 455467 457985
96 76 327450 335894
96 34 985124 988774
8 30 918009 926889
44 52 777404 778863
97 65 682465 686260
64 76 566955 568144
41 71 304060 313487
24 85 854070 856714
61 45 82547 88707
54 17 612760 617414
59 12 411846 415082
26 53 541862 543504
19 27 555479 557618
13 48 882316 882669
10 85 708580 717860
38 61 19145 21773
19 25 443840 446479
67 55 155047 164217
53 51 683918 687890
68 63 703655 711126
46 87 43607 43800
5 25 781155 782105
98 13 549042 551016
58 15 184300 187125
26 18 349420 351075
54 34 197766 199123
32 65 165612 166073
49 99 443125 445051
47 52 962711 972544
22 94 820103 827919
49 30 462625 470033
15 89 518640 524470
32 86 767492 775082
39 90 297317 299009
59 16 451352 454137
7 36 234107 234665
2 63 552091 557490
20 86 681716 690638
60 82 274033 278975
98 41 687905 693532
83 8 51501 58928
8 33 170366 177900
81 37 615886 619247
16 0 87510 87853
99 69 52716 52729
20 76 533114 539299
1 77 231060 238042
63 77 308999 315791
30 86 415954 422102
50 75 361614 369257
87 79 592914 601239
55 96 669770 672708
91 44 395865 404318
99 45 275912 278834
28 70 662396 664017
84 82 776362 779887
37 62 79990 88349
8 49 57350 62258
3 46 890964 891887
48 44 417781 423828
52 27 242187 244999
60 58 701244 710019
34 70 537021 545526
58 91 169446 170690
58 81 436836 440830
69 89 402092 409548
76 101 21877 26955
101 31 54142 62598
100 48 473796 483039
43 50 278425 284230
81 95 742681 746341
72 1 254809 259771
59 4 618222 620821
76 51 763764 767127
33 58 919210 919814
76 25 721855 728712
95 4 563215 572714
50 85 373248 373843
85 34 415144 415335
39 71 886517 890051
38 96 478891 488021
55 80 697630 698819
73 4 569728 571339
49 55 19716 22139
57 28 547317 548800
70 41 263020 272996
13 70 3285 13246
73 80 730538 734417
3 37 723819 730486
5 9 472022 481107
85 67 352729 353230
21 69 561332 563301
45 50 14808 15405
56 30 397902 398939
0 6 910518 917261
57 73 163592 172882
24 65 817184 823581
94 74 12531 17193
50 72 316520 320291
71 8 861043 864253
55 61 102769 110065
4 86 661803 662572
66 62 986552 993913
4 59 208213 215409
83 30 228296 228324
19 73 6486 11885
28 3 884459 887377
55 49 712828 719952
90 75 153870 160927
44 24 921024 921847
41 67 72331 80540
21 42 522198 527088
64 55 37332 42574
77 96 758122 761855
98 69 442441 442929
79 12 169811 178868
94 65 581673 591443
87 40 242468 251715
32 18 45871 47151
82 22 465115 469741
88 98 679144 680810
78 36 120213 129691
4 34 852376 855528
32 3 198390 203856
36 93 249133 255583
57 25 440064 440972
3 47 957154 961547
99 49 729231 734090
53 66 386304 388727
60 38 285384 293332
36 43 891276 899180
24 31 938078 945849
43 85 854403 856726
91 85 615820 624544
83 58 872323 882136
84 70 524574 524590
81 6 968691 974923
46 39 868003 875374
28 14 633532 634071
57 59 641298 649813
62 46 369738 371311
54 7 324424 330928
82 56 837504 843397
22 22 771234 773636
92 84 763253 771236
61 53 379371 381408
68 48 977158 978262
51 87 277763 285795
64 14 573059 578819
92 39 964072 964591
28 62 866635 870376
49 33 145577 147987
9 18 446861 454798
61 54 416260 417979
34 35 474280 480650
40 85 255276 263604
34 52 350566 355956
89 90 152499 156373
77 80 130046 132459
99 21 816226 819321
26 30 663320 673238
9 21 806741 806981
23 1 920513 928370
62 40 748707 756848
12 22 856953 861676
62 4 611297 620441
75 37 554741 559918
96 28 25502 35400
48 15 536961 545039
57 36 516837 521791
71 94 989624 992127
61 68 472377 477209
100 61 444674 451384
16 55 708914 718700
8 68 429725 432303
6 43 576347 584569
20 68 585731 588053
78 99 389939 390546
19 37 166587 173688
83 61 617763 626459
73 69 974262 982436
76 62 273261 277496
42 21 294810 295102
87 64 923259 923334
57 93 46595 54688
90 43 172771 178163
79 90 477836 481464
50 10 926473 930951
23 86 209519 212323
101 27 325445 333649
22 12 20109 26695
42 79 577350 586433
11 52 429460 436471
94 10 464088 472128
88 30 193769 198958
95 10 841333 850007
31 65 909117 911995
55 35 871611 879716
60 83 913791 923152
50 78 356869 365146
7 43 165568 169095
75 3 872154 875294
66 99 624288 632139
97 10 606642 613489
96 52 461703 467627
5 59 421569 430234
21 84 703758 707960
16 32 475413 476063
66 42 403047 410490
76 19 461396 465918
3 66 862526 870979
52 39 208015 213400
20 14 916199 923937
85 69 675008 678180
28 71 170690 174127
97 58 151496 157710
51 55 673208 676984
45 90 646617 653613
63 80 195709 202572
40 72 102643 105696
40 80 113609 122284
61 24 476820 486634
0 82 858041 862502
96 96 677151 678718
18 11 396526 401513
25 10 893329 898652
62 64 780015 781659
9 47 964467 972529
26 68 590879 592049
94 87 735745 740664
24 97 796873 800171
78 31 485187 485943
17 30 906546 908531
87 70 580485 587576
26 71 997649 999987
27 48 507616 516434
66 94 721391 729174
23 75 405455 412761
10 34 512282 516114
18 73 664788 671319
29 24 741259 748988
97 85 72174 72420
80 89 463585 467016
