5 104
3 98 952803 960907
22 24 196676 197176
90 8 199518 204269
23 10 548696 551279
91 8 522881 524221
1 101 910308 913614
37 48 620108 621744
75 6 276078 279373
41 77 805879 812664
24 61 175372 182179
67 30 635764 644365
44 76 159691 168415
70 47 368561 369163
34 48 328635 329234
76 73 800218 808055
80 80 735580 736395
72 95 707791 716375
83 41 337729 345173
63 65 273208 279298
42 85 960645 967503
93 3 362250 367466
24 90 851982 860114
0 98 943184 953057
38 26 320591 329317
97 90 929586 930201
53 36 990379 991135
22 37 490479 499863
49 78 148092 156896
86 98 113270 119720
35 78 489430 491733
51 75 568948 574461
9 82 225742 234105
1 78 949093 959050
77 84 562243 562679
35 76 615656 616875
4 21 943663 952266
91 54 676176 680154
26 0 981493 987420
47 99 110981 118336
87 39 679425 687436
98 96 804148 812463
37 45 181019 190892
7 4 703614 706958
21 42 64849 67420
12 56 18733 20177
79 12 319093 328085
75 43 693414 699514
24 80 234638 241886
56 57 790095 791277
45 59 958534 965791
33 58 498652 503045
23 1 22077 29743
3 38 62432 64864
35 91 184779 187274
9 7 720706 727363
51 65 331121 335184
5 65 88557 93899
2 45 705341 714419
37 35 271460 280827
17 75 991583 1000855
13 65 324848 325858
70 49 859845 862325
38 54 959421 962596
32 56 977456 983733
34 85 676760 679968
78 83 899358 900342
86 73 356316 362981
74 81 368869 377181
1 35 239298 248223
68 20 833002 835643
66 14 438533 441675
47 9 532189 539417
8 26 955188 962780
6 60 693989 694314
34 101 634510 642042
62 35 555080 557653
64 18 119715 122031
77 12 527048 534745
68 40 707190 714605
67 41 732567 736112
30 49 980291 981598
35 5 573582 579237
59 34 153668 155778
86 79 726054 729650
95 14 272843 272854
25 0 346409 348174
80 24 504765 511332
96 69 21492 27395
25 55 206130 209450
70 74 452027 452646
89 12 267849 275427
84 35 405772 414480
16 90 594279 601209
95 11 280639 281372
48 45 609878 614132
12 74 614925 620149
38 18 971241 978889
92 10 444641 454306
83 89 925956 932425
84 7 730552 732378
37 54 802179 807376
46 63 979763 981861
31 56 575270 577165
7 0 813769 821249
