7 484
91 88 558899 568795
23 92 120622 129791
26 79 181584 186649
41 23 717748 720161
88 1 648231 648744
34 98 694247 702690
49 6 393280 395977
11 6 146646 153244
26 59 518353 528038
47 16 33884 37307
28 14 87864 88735
100 57 665445 669393
11 54 866302 867558
69 67 696080 701430
5 41 481780 488069
99 5 605190 607320
20 35 160962 161796
89 51 592612 599680
83 82 596322 603878
6 3 400756 405576
0 7 120667 128959
43 80 428469 437772
72 72 770064 773270
39 26 68147 75578
81 56 754699 763026
83 30 373481 374893
19 86 390413 390921
90 11 579306 586787
10 42 534201 538706
55 53 175184 181748
3 84 556860 558963
65 95 319318 324451
15 81 701620 710133
50 56 64159 70223
26 92 231522 235907
99 81 232050 233654
36 4 479325 482102
92 51 784133 787126
46 49 832069 839088
13 71 665178 673263
24 73 158751 162709
7 81 211254 212989
24 84 149411 152790
52 99 99195 102833
55 43 146632 154742
74 59 645073 649649
93 14 923735 930117
61 89 180928 188984
7 29 897901 904474
41 21 469316 478526
34 84 158607 164627
6 21 714258 721263
28 60 256303 266129
26 22 243655 251785
5 36 332049 341687
4 71 681808 690264
58 10 125913 128542
98 73 490836 494623
69 47 141364 148191
44 70 669331 674242
53 5 243992 250066
53 55 608863 610446
9 59 259769 269337
100 49 835179 843103
80 4 201660 201922
85 76 668782 676139
87 54 212179 215795
90 10 641829 649002
95 77 932321 941474
31 80 304953 307086
18 63 837474 841446
38 41 47841 53310
78 3 990409 997350
12 20 166942 167693
80 13 517322 520039
6 59 3517 13187
71 73 53719 60923
63 75 409788 410672
20 84 869387 872056
41 63 397293 401446
26 20 533304 538411
62 67 685815 691645
58 62 705278 711017
67 56 530291 535212
8 34 344638 345438
73 90 601724 605149
47 78 398041 403990
83 80 259659 268818
60 78 226366 232508
30 94 888279 896793
50 18 740996 743043
35 51 979531 979859
25 92 67885 75902
9 34 861544 870647
47 36 447531 448711
31 4 404494 412536
89 12 410410 416994
70 10 445099 454016
24 90 814616 822477
19 72 23105 26907
68 63 904172 913951
53 21 123073 131961
64 78 306852 313551
20 29 268184 272177
40 96 957546 964103
88 56 901908 908689
47 88 928582 931843
67 87 605774 608251
22 18 344747 354417
94 26 30922 34327
97 84 539847 539962
38 73 950689 957852
94 45 156468 162091
5 59 711531 714533
84 99 559978 568792
23 22 229780 235649
93 58 667264 674864
32 46 149918 152400
51 61 604885 606717
89 98 693054 700697
100 64 132822 138994
4 40 513025 521235
91 7 607731 609950
58 47 727440 731571
50 80 751385 753487
37 3 233055 237900
83 88 717887 723767
39 101 511621 520144
95 71 620175 624981
33 55 826705 828906
30 99 227492 231950
6 14 912093 921287
57 86 389376 391295
3 59 324750 326918
63 101 387138 394068
21 7 804306 804532
98 14 112451 113602
3 68 327790 331614
29 61 229635 229653
55 7 394988 404983
49 83 279326 286038
15 25 470862 471884
90 32 499023 506087
30 22 592808 593726
81 100 516561 516595
14 90 154897 156572
44 83 473901 479591
60 95 198679 203004
35 42 708580 714269
65 39 809099 814104
62 42 467986 477839
7 67 405086 408285
30 46 191724 200800
41 44 999087 1004374
76 35 734547 742989
78 76 486547 490870
51 95 614335 617400
2 66 972366 973372
64 20 962420 970981
30 40 347104 353566
95 35 630899 635101
94 35 82293 89035
98 20 101047 105797
68 50 97878 99672
34 92 805839 810692
6 68 281902 283062
41 48 944644 949656
87 45 142887 144732
5 67 453502 458637
71 96 318677 320749
11 84 941413 950560
87 26 656558 661977
43 52 272399 278963
63 69 6322 10122
50 88 230619 238486
15 72 605704 608026
46 25 323427 332265
10 48 47973 54486
56 82 33798 43566
67 93 234343 236923
28 68 163033 172179
14 32 16269 24418
96 30 103966 110137
52 56 819076 826323
45 63 41033 46184
65 92 275252 282977
53 7 970815 974689
94 62 124023 125777
62 62 625398 627080
92 90 901810 904082
15 95 744391 750991
2 99 857690 863645
64 23 884677 885427
30 17 479342 482108
46 6 962857 965420
39 57 331641 337383
63 25 805257 806463
85 97 812142 819224
46 45 26602 26658
69 74 33098 39584
45 76 72552 79961
29 97 343761 352988
30 31 917490 918148
83 57 69091 74294
71 14 618260 623847
81 80 219757 221904
54 8 176950 179587
56 51 88152 88910
87 25 989106 995637
20 101 942120 943742
99 101 916313 926003
41 28 469605 478608
31 66 186858 189692
94 21 909977 918149
96 10 93042 95670
85 100 21176 28529
101 56 427408 435915
80 81 107064 111557
92 15 390578 399931
42 22 517305 520958
66 49 847981 850221
31 69 327719 334370
75 96 643949 646344
65 90 292620 295374
21 73 50244 50810
30 7 652875 660171
53 22 736517 741115
59 20 46732 49742
79 2 618474 623584
61 10 50935 53887
3 10 551946 560428
47 34 373716 376789
86 34 963611 967000
32 9 948582 949104
69 24 381702 387310
78 53 295259 304394
60 57 367784 374017
11 26 636878 645896
17 0 974010 975888
36 29 391067 394374
29 20 410054 416602
1 22 871350 878376
69 78 689374 693815
77 94 378797 380809
70 2 799389 803223
0 29 370832 372134
93 11 536726 538536
93 2 539717 540939
100 53 362337 368949
49 53 478577 487705
29 100 264018 267029
61 32 713509 716851
13 2 367151 369250
38 15 895167 902597
18 41 294610 304112
15 92 777443 787415
1 2 327139 332669
29 16 411083 413494
79 15 607525 615278
53 91 903049 903409
62 20 818891 828325
83 36 433254 435914
69 23 954448 962350
37 15 946094 953541
76 86 366359 373870
38 45 477707 481776
87 66 531830 541490
49 57 800597 805549
38 17 594709 597428
90 58 524795 533429
23 59 684726 694277
99 68 310725 312646
66 91 329303 337107
4 74 737259 740912
40 76 15904 23007
19 25 663989 667700
81 71 816998 819422
25 17 319002 325350
7 76 723987 728656
25 15 966004 966335
93 0 231788 237054
60 56 98984 105027
24 72 813644 819064
60 8 395019 401498
81 72 45726 45989
93 85 985816 990516
73 65 867257 871058
6 26 924934 925138
14 3 126423 133068
24 18 291821 293639
86 30 637047 645040
23 0 132146 135485
51 65 467680 468003
5 45 819309 823094
48 40 37391 45903
46 21 70926 76758
75 51 569838 573274
22 83 781817 790388
12 17 756708 758990
40 59 344119 345989
88 85 923892 924306
10 61 51824 56100
58 48 761719 763647
35 63 785143 787213
79 52 633478 639412
0 43 481193 490807
18 14 452929 461194
77 36 79181 79977
53 98 756831 760799
86 97 729379 735732
89 26 530931 535842
28 41 956836 957801
101 52 919201 921002
75 99 175976 184765
61 53 676300 681253
3 27 534241 544089
54 42 315122 321741
73 16 299277 300485
57 74 29380 32360
69 42 407906 414600
10 73 37006 44227
4 1 111587 114900
52 6 339511 344253
55 63 31886 38125
4 8 458453 462817
48 43 339968 345604
69 51 903157 909263
71 97 34025 35477
60 10 364276 365120
58 65 626527 627805
15 46 313997 316727
24 58 883146 887059
99 46 489099 493714
6 37 758903 768134
82 25 436244 436824
14 22 237644 245712
86 40 913674 917876
27 93 954294 955448
86 39 263565 263822
5 74 577097 578965
71 84 437873 438785
58 26 253204 255294
101 62 939793 943262
94 65 623583 628394
40 38 418953 428460
72 79 539283 542702
61 84 161478 171425
5 30 336210 342935
24 12 136561 139978
47 54 549250 558330
32 92 916765 921593
11 43 820834 822979
84 54 564760 571368
90 77 568313 575605
23 82 228303 231840
101 10 474950 484771
13 90 647144 656322
83 49 112763 118319
46 78 617980 624676
72 48 949449 955964
22 89 53572 61679
9 85 484351 489919
2 48 638925 642418
53 38 792397 794760
83 28 491774 494127
66 6 323080 326691
35 29 973117 976842
100 61 257917 263675
26 11 598600 606272
19 92 968176 969281
83 63 347585 349218
95 68 892882 893941
34 35 208248 218074
69 66 837944 839762
16 62 883797 889960
10 32 244463 249012
11 73 871100 880571
77 6 462480 467483
19 83 453630 456412
92 91 20720 24966
69 73 145664 154388
0 30 10399 17784
96 71 180243 183810
28 45 112040 112664
92 24 207615 214674
24 100 613102 616216
43 73 1143 9228
53 29 793300 796239
36 28 314422 316846
58 29 282063 283398
84 58 407342 414432
28 35 621449 629259
35 37 708404 716838
78 24 917902 920864
62 32 45421 54954
38 86 549519 553757
47 12 916338 921186
54 65 985962 994321
2 59 371099 377427
84 24 491141 494717
70 39 855277 861768
1 88 978670 983050
39 10 789468 799016
58 21 522008 527250
63 21 506032 515225
89 30 886141 895406
57 66 132109 139420
60 74 819264 826846
11 1 882382 891897
81 81 60805 63677
67 6 768867 773421
0 42 939066 941453
18 25 502775 504370
1 9 654277 661613
16 29 882336 888237
17 12 586060 593751
12 38 307880 317270
48 30 374293 382597
13 43 372953 379722
43 47 844750 846786
56 74 950414 951330
94 80 950082 951468
35 91 860072 860235
22 10 697273 704454
72 80 82690 90386
8 37 95205 99364
86 73 366955 374766
36 86 886755 895199
48 60 879422 884576
83 14 48640 51984
62 16 183545 188924
38 9 463389 467270
49 66 661624 663124
20 70 840260 848927
69 0 349593 354136
20 53 543343 543521
43 9 744604 746788
11 97 7840 14664
54 24 709812 710108
81 6 969987 975973
72 75 430760 435928
33 60 276605 279693
76 36 458533 463294
77 14 351694 353935
3 17 221338 230107
32 12 461275 469237
43 11 275031 282878
71 99 267859 277223
50 70 527600 536331
48 67 730928 740908
18 8 985729 991642
71 29 2459 6548
40 47 537784 547753
49 61 962101 967608
12 81 984229 987086
80 98 670685 671305
93 66 420247 428756
6 29 403923 412291
19 55 716817 721834
32 52 379435 382262
58 38 693488 696410
87 59 651717 657743
44 42 165306 167655
10 12 223092 228875
1 61 770104 778562
75 69 382672 384577
97 33 380236 388827
93 95 756345 757695
3 82 6375 15033
64 44 464011 467848
12 66 612534 621799
82 75 98104 98117
79 46 110028 119766
59 39 413030 420696
95 43 977115 978176
29 85 721716 722583
62 30 191260 198457
28 84 514576 516729
35 58 708680 716343
36 77 876813 884960
63 80 456801 458245
44 79 149011 155035
34 68 903766 908322
30 32 148412 152342
