14 1221
9 84 430513 432631
61 98 737512 741569
78 3 984528 988327
35 50 832009 833609
67 35 129576 139465
47 96 607435 614823
10 5 79696 82984
88 82 267298 267394
65 75 37426 40906
13 26 492298 494770
78 57 981288 985206
52 2 507238 511872
67 96 604997 610854
55 8 225428 227797
85 74 709593 717879
38 18 439429 449406
68 33 774719 782600
13 27 461588 470659
92 92 622779 622889
78 52 302873 309097
19 96 950822 954814
81 39 712462 716481
60 81 687691 689713
53 42 630317 630537
32 56 351382 357604
69 62 565993 572541
35 8 660019 665079
60 29 159585 163177
50 24 935939 941437
88 97 570366 570719
48 52 330196 338679
23 100 305184 306790
67 87 530597 538306
21 26 228681 238291
35 16 171170 178951
14 87 524979 526515
23 73 664694 667412
38 30 114623 117766
10 65 350044 350579
30 33 837140 839186
90 35 900549 900713
88 2 314363 319689
94 87 840050 842228
69 50 176586 182398
66 46 747774 750477
24 8 750977 752293
78 90 821044 827903
86 85 463562 469179
70 36 671326 680927
59 79 449187 451462
35 32 472606 481498
71 37 171604 174601
53 60 817377 824592
43 65 914780 923263
1 23 491307 492467
81 62 295145 296410
36 53 171813 176173
16 18 804715 812011
62 92 174508 178149
100 96 73730 75681
74 93 780002 787451
19 90 681584 690258
39 68 911663 921019
0 75 886497 895158
78 65 486782 491564
25 37 454587 462674
45 98 668177 672635
12 97 582268 586547
83 91 632487 642070
4 58 72122 81478
26 41 221330 226400
22 12 415653 421052
18 12 384364 386032
47 9 819230 820617
37 85 676426 682419
77 14 10940 18474
13 89 366918 368329
80 37 922887 930267
36 60 345359 346754
64 46 9129 9419
98 59 320181 326515
36 59 958534 962995
41 30 15956 22115
36 21 132337 142094
73 7 715521 722415
90 13 606573 612607
99 52 728691 732732
83 13 218773 224352
30 79 336712 338070
35 68 813384 818325
23 25 254469 256268
101 95 585628 588670
9 55 966076 969797
39 67 591405 597471
77 55 73995 79093
83 49 781341 789708
76 30 827564 830858
33 19 329078 335357
97 82 328529 332555
68 78 637897 640298
91 63 902843 906195
40 55 522902 526962
39 27 195771 196110
25 49 37548 40793
5 51 177369 179262
72 16 754786 760868
1 75 772443 781897
58 58 541948 551131
36 45 735088 742413
32 13 819597 825910
9 56 5306 14059
31 84 477460 484673
90 94 451729 453195
39 49 802616 808261
60 6 21591 22215
26 46 435775 438932
71 44 36859 42263
18 63 513687 515378
47 52 53787 54701
41 59 441852 447361
99 41 565704 568459
27 36 485573 489869
15 48 884886 888086
11 96 235435 242274
87 25 257460 263360
82 32 659630 665279
98 93 749089 751951
66 63 643276 643856
69 44 682872 685144
48 72 786592 787257
27 33 70219 79563
43 34 183124 184998
53 19 239865 240210
96 52 65940 72184
15 19 794589 803686
95 19 500423 508199
67 61 207769 213753
72 55 144239 153611
21 71 304168 309440
4 67 464964 474651
66 39 243199 252327
37 86 424571 429199
20 66 796908 801249
44 84 893893 901447
7 54 531828 539356
96 72 578380 580053
57 39 627643 637046
57 75 287687 289220
7 36 362112 362504
80 7 700554 704224
78 101 539091 543012
92 44 796145 796898
31 20 415308 420010
60 52 700575 709743
81 79 363412 367657
90 88 279361 279565
94 80 535080 539820
32 8 452131 453249
14 73 347956 351963
34 2 41240 49031
5 38 67191 68581
26 5 726443 730260
77 34 635659 645487
95 57 511272 514738
18 8 617766 624279
12 87 50972 60609
31 89 746884 752133
44 87 139315 139939
28 53 215943 223110
81 93 639787 647328
53 81 741110 748016
37 57 661514 662422
75 4 318055 322146
37 80 802178 805205
33 53 386867 392966
54 92 570672 571755
84 7 146315 150453
4 38 571162 573392
68 26 931808 935667
43 60 577692 579982
21 3 55567 56301
65 40 878008 885652
99 14 568045 575853
32 53 945192 951097
56 23 128464 138463
76 27 596643 603417
1 2 803748 812852
87 59 274882 284080
14 78 829170 836917
71 83 523718 524872
99 42 660794 667518
76 16 393164 395317
71 45 593660 601125
27 69 472570 481294
11 83 78560 79504
7 57 718323 724376
20 78 615808 625688
53 79 36987 46110
23 74 5646 11863
50 101 68039 75950
60 44 931031 936649
67 95 559042 563260
73 43 892828 895065
93 64 466438 472974
51 54 881657 891405
33 11 116656 118694
31 6 434382 436961
47 93 627195 635869
81 16 327646 336318
11 28 993063 1001465
31 92 720295 727808
14 90 966503 969939
75 68 314522 317503
91 7 885253 890704
57 11 932438 933859
25 24 623760 624958
57 101 63676 67325
58 15 748389 756110
38 15 929269 936618
45 45 344364 351998
28 33 37854 42398
40 81 804573 811744
8 85 246663 248802
65 23 999410 1004693
35 34 910267 918740
50 85 837186 838752
19 54 395735 402688
100 81 265505 268188
24 35 969140 974213
38 0 7141 12641
97 98 126058 128535
7 69 958680 965884
49 48 677512 685681
45 32 204198 210561
28 100 178003 183554
67 76 318301 325368
54 35 468657 477842
50 26 722048 727329
100 77 87429 93829
30 83 548758 550784
32 101 432419 442404
28 63 820658 828945
5 69 53909 55813
59 85 704988 714485
100 34 669778 671306
66 15 662191 663310
13 48 384669 391607
82 19 228897 230251
11 60 282749 283002
71 47 292180 298458
62 11 826444 829084
29 41 303895 305527
76 14 718702 728173
17 59 45777 49821
95 93 12252 19725
22 71 983456 987376
41 78 155825 163465
70 99 398499 407653
17 97 605401 612748
6 56 725572 734351
46 58 228937 235017
74 39 826366 834494
78 67 790066 790736
81 41 281403 283891
39 9 109283 116424
20 69 383371 388325
6 35 329197 337135
99 69 510332 512853
55 73 302642 310195
49 41 146946 151266
63 11 519388 528644
91 96 113607 118832
7 9 259043 261752
29 17 369381 378214
69 0 746897 752180
18 4 826083 828303
24 88 183715 189910
74 96 468750 471756
33 91 717976 720083
56 5 273282 274973
8 93 484795 486143
57 58 991619 1000344
70 17 558991 567460
49 97 941503 949819
45 39 95725 105081
85 77 835867 840506
15 100 946602 953522
56 35 735130 740276
40 34 113444 118898
39 50 970339 977407
31 2 68578 70924
92 4 170638 175725
94 28 282811 292598
51 3 686861 687227
92 26 660279 665558
45 14 767316 774792
17 58 720161 728264
36 17 360179 368757
13 86 812430 818281
9 93 571478 578695
97 88 481889 488488
100 52 317836 324499
84 85 163594 172850
73 6 875225 881420
90 44 798352 805078
88 61 501381 502874
73 85 805958 813181
29 91 593441 596078
37 29 460762 468134
55 26 143940 145376
61 17 958390 967943
79 63 226022 234553
96 4 220367 221211
46 30 500987 503280
88 41 281199 281578
98 89 809155 814969
7 74 241515 250641
43 20 781245 787370
35 95 40945 42494
40 44 538470 543038
62 7 658286 664145
46 25 237770 240462
26 18 520222 521461
23 24 234554 241243
101 54 361862 365504
1 8 710255 715960
79 94 383823 387924
41 7 42277 43962
21 61 936733 942290
30 52 202836 207407
75 69 751552 751881
35 88 30543 34983
0 4 727481 727489
31 4 756000 759332
16 88 938071 939789
24 45 28986 32347
81 52 929659 935689
65 96 839075 842517
81 54 122573 126645
89 8 887830 888586
30 75 582745 589539
57 91 239990 246177
1 9 550629 558538
49 85 244866 253109
11 78 659651 662958
32 32 457240 460418
65 58 12581 15878
68 80 790224 796306
61 92 93600 94670
71 51 819918 821398
56 53 812488 820177
18 61 253479 258922
88 69 711455 713360
46 75 271941 276432
8 14 656871 657124
48 90 486969 487807
8 30 42657 50108
22 43 147543 151092
88 23 338823 343670
36 97 349471 359010
80 96 735199 737089
16 99 873584 880674
28 71 446423 446565
71 26 813616 817648
42 28 610611 614614
35 4 721110 728267
34 74 463121 465434
92 76 250787 256287
8 35 556146 556955
2 98 451212 453638
49 95 133634 140795
81 91 53892 56305
7 11 772454 774422
55 98 822242 827530
68 39 122779 123771
87 91 265958 270333
46 51 755476 763637
87 47 935469 937574
62 90 812355 812826
94 7 910214 918044
35 35 969010 971021
14 59 589798 591752
78 48 36413 43627
21 93 239441 245883
82 5 268540 272793
84 27 184150 193196
31 15 583941 589061
28 41 354685 355039
87 69 14830 19314
69 43 448600 450991
64 55 653136 660840
86 48 860258 866233
73 9 633365 634655
80 55 584249 586046
97 72 862890 870266
25 91 882537 890808
20 87 955296 956073
5 101 114964 115442
35 58 485216 492353
19 2 51105 54680
14 6 98628 103592
36 71 310067 311956
39 90 419618 426467
83 76 294604 297448
12 52 191323 192521
36 90 173555 173998
54 46 100954 101839
101 22 277586 277825
27 5 987992 993437
57 47 105286 112512
34 24 921296 924937
23 43 575357 585130
9 38 238373 248077
22 17 207704 215125
90 62 553143 561251
38 85 275251 282587
66 101 106423 115653
50 15 933913 942511
87 0 831390 837058
77 72 688793 692192
61 70 414551 423523
23 76 572059 573859
29 70 509181 513330
87 74 738818 743623
60 5 947668 957485
1 78 326372 334704
38 98 525080 525764
25 4 554684 559884
40 11 386331 389624
47 5 240317 242211
57 65 572536 574838
74 34 931594 936921
46 15 401425 402458
71 73 566194 571152
42 37 40217 49440
19 0 771381 780931
87 92 70713 78993
49 27 468851 473534
54 76 651623 657173
17 98 132303 135595
82 75 132600 138051
76 92 500302 501426
97 46 258765 264291
62 76 378735 379689
30 77 789828 791492
57 77 271481 275066
70 54 964573 972187
5 97 186266 186758
19 66 785588 786809
79 38 330109 337881
75 89 679847 684257
63 95 218890 220919
90 58 487112 488609
93 24 490766 499055
56 86 134121 137558
49 25 563573 566841
55 100 704496 707707
6 62 984758 994489
23 37 587193 589252
56 4 915337 923523
68 10 173494 178262
89 47 904263 910832
89 40 309959 312238
1 91 748371 748999
82 51 842455 843398
62 2 178391 180158
5 56 816474 823538
72 14 492269 495783
66 65 172848 177763
15 58 176253 186110
100 56 687708 688562
52 90 974447 979150
80 59 150098 151068
82 4 961665 971021
22 69 364218 365008
57 18 116285 125867
35 92 416459 419238
14 29 401534 402108
81 82 74613 84185
85 14 310183 315481
66 41 443934 446038
62 8 167375 173462
40 32 789096 789636
38 77 830911 838415
84 29 554192 554867
90 53 307524 307779
64 57 475177 476635
36 73 679454 686766
17 72 464830 474495
94 44 585544 595159
17 66 401248 406933
60 14 691710 693663
43 0 197433 199643
58 54 792964 797689
38 82 639406 644233
15 49 103221 104298
10 84 987787 988160
58 49 453466 457648
97 65 616007 621283
92 10 544107 547785
84 95 455749 464081
25 60 835480 838795
80 43 81647 89205
26 6 764678 771024
97 100 149227 152078
99 88 515622 523219
100 39 443960 451565
55 1 692085 699161
67 40 422461 423494
41 63 498440 500402
85 18 973375 982578
47 79 425203 426022
8 59 179145 184692
1 99 392658 399991
99 81 52402 54160
22 30 671441 672254
50 29 834109 837111
66 35 571029 580644
4 88 564760 570117
75 60 425651 428022
10 0 96520 101944
95 65 29126 33114
36 52 722735 732298
55 72 595671 599974
72 78 963009 970012
79 27 598873 608073
43 71 856812 860342
67 27 856327 860940
13 80 144813 145784
101 64 470870 477081
87 66 510366 519980
99 50 570167 572693
38 63 232697 242321
25 38 919661 921266
71 81 448242 453452
77 37 104205 112492
49 53 962655 963496
42 26 231478 240384
45 97 127356 127679
54 98 482142 490267
19 20 776256 782965
15 78 152669 159835
58 27 684017 692206
63 22 374559 377010
67 38 766457 773697
33 50 824977 833433
52 70 520774 522046
46 93 814519 815585
16 30 502142 508465
19 11 883407 892505
5 77 741879 746411
80 83 370474 378627
74 45 548843 556481
27 81 449796 455754
15 2 291805 300451
9 87 251475 257496
29 89 631890 636100
47 7 659939 669812
51 75 687880 692647
7 0 197398 203799
41 8 761714 765646
76 52 490878 498097
47 19 638145 638601
83 62 953747 954942
94 51 278696 282115
70 48 996937 1006114
29 66 46888 56592
93 35 534145 534569
34 27 741014 743874
1 30 400790 403123
12 55 658559 665074
19 74 942447 950950
15 7 282783 289007
56 8 176765 179910
7 66 490775 497397
16 74 151271 156087
86 18 340542 343815
44 17 797643 803873
24 36 549140 551499
79 25 787430 793417
26 99 896241 901030
20 30 937901 938864
7 97 373642 383604
6 25 625271 629940
59 49 760446 767507
79 30 913369 921516
100 44 778389 782855
1 12 127891 137401
96 54 969140 974265
11 72 844840 845898
26 80 297195 300448
29 31 798179 801451
19 8 385847 392467
72 26 204531 209245
41 6 330312 335469
47 33 928376 934245
68 45 728238 730357
36 18 474023 476728
73 48 223125 224903
101 101 948565 953058
21 68 655220 662666
89 48 243369 244997
22 33 549422 557244
91 80 223372 228059
51 43 321458 330871
28 49 9641 16477
28 26 169625 177306
21 55 418070 422258
42 23 367799 371260
59 92 847701 853129
65 88 942483 952421
91 1 610506 612166
39 26 436410 445954
99 11 130738 131465
31 42 372225 379981
52 76 892892 895567
27 3 865672 868938
72 71 241754 247139
18 66 720359 727023
76 6 768068 777613
85 84 455350 458960
75 54 434443 437833
81 96 498563 507445
66 40 311016 314248
48 66 838047 841699
50 84 694244 702242
14 95 27158 34979
46 33 290256 295048
60 18 230119 238336
47 98 606208 610669
94 58 195904 196066
0 49 201553 203250
19 28 447725 449968
30 53 347365 349763
46 16 79370 87533
70 16 549296 549803
40 49 47273 56263
50 71 59298 60107
49 17 433725 436037
98 20 392237 401145
95 64 596633 602742
35 79 43112 48441
84 78 33471 36294
45 38 961764 962327
59 69 658728 667756
100 100 171932 172283
12 34 856827 861836
9 48 766502 768809
42 97 871631 878212
56 41 116034 124511
22 7 667838 672901
71 70 146300 150406
19 95 869916 876932
78 46 829698 839473
83 54 590841 597843
69 82 484208 484836
13 99 593300 599501
26 56 211559 217441
29 72 615763 617285
65 15 845712 852961
75 19 616964 619560
5 17 768079 768377
48 12 210665 218130
1 79 330871 331972
19 77 243982 250028
27 49 252945 261978
26 16 29430 31813
49 66 607162 616372
8 75 403841 406143
67 26 639125 646780
58 9 623066 628122
60 49 895053 895454
94 85 336955 345479
51 13 658969 660570
85 65 966230 968366
77 79 588558 595315
54 45 905998 910017
88 58 595160 600262
73 79 793141 799618
73 39 652395 653432
60 93 286048 288614
4 80 45712 45928
29 3 152676 161477
13 81 721122 723449
81 61 941633 951416
87 56 212917 215633
57 48 644979 653588
59 6 982197 989148
84 11 716779 717409
81 90 887957 888721
85 82 570684 576063
28 6 850781 858192
62 73 914056 914103
63 99 571282 579970
7 2 771895 781195
37 5 73077 81776
11 61 299490 307057
57 81 90122 92380
91 48 826205 836189
80 6 343012 350022
74 44 3028 8708
19 97 807372 815945
53 27 709391 712434
83 51 835573 836915
17 88 457230 457401
69 32 785999 792888
99 55 705034 705858
97 44 446711 456383
22 62 877298 884802
84 99 909263 910200
85 44 508440 509190
4 11 153214 158232
16 24 217109 220387
35 49 996405 999194
34 76 487360 492902
19 53 388423 393417
100 57 654078 655013
68 34 439906 448322
15 39 139772 145310
5 31 700200 709423
22 101 810603 814062
89 27 416181 420058
32 47 122791 129815
9 45 685107 686741
79 24 567994 572645
44 54 523994 529073
0 15 38279 44077
98 84 801184 806641
35 5 447318 454319
45 71 454824 457823
12 70 452870 454910
61 1 648199 655903
64 2 351023 356318
87 50 114122 115530
50 6 202944 211645
90 67 462051 471915
20 15 951607 952766
3 64 753294 754998
9 36 264038 265471
43 50 879473 885561
87 13 43220 47579
64 96 419976 429699
30 98 636799 644673
45 49 507436 509575
79 86 22231 28076
88 29 332904 338196
27 67 34273 41511
38 96 368638 373015
63 68 618978 624477
21 75 583226 587384
69 40 273968 274391
18 89 340747 348213
11 2 315422 324076
100 13 982808 988832
100 6 21492 25070
22 44 791274 793979
6 66 240001 244931
41 41 981361 985459
94 17 970322 977731
13 30 694130 696092
98 39 276561 278010
21 22 74909 78270
8 26 663279 666611
41 69 804929 811963
83 50 28617 33675
63 77 421696 429266
82 77 678080 678503
12 24 11387 20189
8 12 816181 824985
75 82 943438 945202
27 53 854733 859027
57 25 186143 194854
23 45 11256 18297
56 2 120227 128653
93 18 130857 132595
39 29 756843 763550
17 101 448606 457583
40 6 142080 144691
67 16 693789 703590
95 94 51288 54853
81 30 487468 488043
58 28 784591 792581
101 36 115959 124830
78 97 783944 787213
38 7 688843 689208
30 87 254812 264104
68 29 895101 895764
90 84 644932 649263
30 23 809319 810879
71 38 857331 863626
95 46 721047 724604
83 87 385968 394538
90 101 373688 383560
27 70 803223 807149
8 40 143671 151183
92 33 178594 182862
49 23 585139 585392
2 21 125033 131014
17 14 323767 331790
12 18 675885 676394
73 57 450762 451517
39 101 309592 319328
36 70 708614 710413
77 48 874320 879663
0 76 521787 530319
11 59 735412 741574
30 63 445680 446695
80 14 165773 173709
67 14 883912 893808
15 77 713435 719897
24 100 182105 189898
94 77 946706 953619
17 12 805761 807240
52 51 433123 441959
30 81 499988 503569
44 35 877823 887313
68 23 407667 415538
36 16 632597 633289
29 74 738892 741554
82 89 350788 352453
15 62 767418 768854
38 47 956259 962329
13 11 899490 900458
89 81 87729 97302
14 84 752538 755821
64 85 648606 653202
39 59 618270 625022
84 96 56462 60299
1 20 15545 17747
29 30 375313 379962
19 61 219050 223679
0 98 203203 205906
86 49 184943 194458
71 76 381349 386179
86 44 191302 197014
52 85 527779 530177
28 4 886672 893461
10 4 317233 322689
78 1 385674 386370
47 22 113457 116017
82 62 723092 728067
25 35 451119 461118
94 38 842883 845127
70 90 894907 896684
75 76 780484 780645
19 22 930329 938632
85 86 957973 958701
41 1 759024 764107
78 29 739682 748664
26 10 590037 599717
87 19 523941 531008
90 20 345550 349066
84 89 250466 256341
49 39 893831 895981
92 48 311016 320142
59 27 153551 162216
78 73 357222 362519
43 89 22702 22781
71 4 172654 180564
12 100 343434 345862
25 99 41468 46641
86 56 250676 251179
99 6 338505 347656
12 85 164496 165467
68 2 400160 409040
87 80 80208 82960
57 3 1692 4504
23 101 468495 475737
88 3 945979 949211
65 19 532049 534901
100 14 284749 289081
52 3 814459 820223
89 68 440627 444210
0 88 241218 245514
92 19 180417 186567
94 43 178584 179862
69 97 764802 770082
76 42 521535 523338
40 5 226051 226430
47 95 530361 535296
78 50 760234 764339
99 1 613219 615003
97 14 438081 447396
3 4 692983 699036
31 65 450112 458200
101 69 548977 549679
87 64 140951 144607
77 80 287889 290779
22 48 987450 996432
0 69 792500 796906
17 84 510656 520194
51 74 267087 270817
4 42 683313 692077
52 44 338255 344262
56 51 353018 360081
4 55 20785 28941
71 28 770559 777499
59 53 805190 805350
14 52 340803 347441
31 52 789206 797549
37 4 664428 664713
74 59 622332 622630
2 11 952771 961910
26 94 887551 897048
81 53 27244 32682
96 16 322314 330004
70 28 339716 349093
18 39 718822 728563
87 86 787329 793238
85 89 734271 740461
72 7 361253 364385
59 64 553503 559986
66 91 2973 9025
44 77 967539 967875
59 101 673040 681075
61 65 561410 571182
82 74 13293 22192
68 59 973029 980681
26 84 194858 195926
100 11 164269 170312
17 92 555135 558730
57 66 944000 947338
77 15 431914 439091
32 76 744919 749403
95 30 1823 8954
12 8 693329 697387
25 23 369775 374586
96 69 624525 629130
44 18 896608 901952
97 94 257421 265559
32 17 624900 627310
65 34 750472 754176
69 23 314557 322273
11 12 725233 732665
66 29 175534 179255
31 77 762157 764023
30 50 795484 804225
54 71 83549 85136
69 90 363275 371751
89 78 931076 933018
14 0 355458 364964
40 75 217639 220459
52 78 61647 70829
14 28 150854 156141
98 85 973253 980835
58 16 687275 695366
31 21 414926 424402
21 38 307265 312952
64 45 481828 490379
74 31 713650 719064
59 25 76183 76873
93 75 821653 830768
88 75 759095 763241
14 77 150847 154810
27 92 585083 586328
99 33 114805 118426
81 60 711466 712127
100 18 276058 280176
52 96 4825 9637
62 67 369305 377289
83 78 164203 165261
18 7 165445 168431
0 0 283270 284853
77 5 999440 1006514
59 73 659302 664150
83 19 231730 237781
16 37 660051 662950
71 20 713411 715460
9 8 740889 745765
43 38 170264 173813
101 0 926155 930516
11 47 5225 14314
4 73 819613 827671
86 16 572285 581521
86 66 930144 933545
66 54 70043 72287
26 0 745129 749642
66 20 667233 667494
19 41 704651 705234
63 36 153225 157363
61 61 467175 471307
100 15 67121 67496
22 94 871169 875214
95 63 82132 86453
68 17 33613 34043
100 79 382310 383054
101 96 962709 964335
43 46 409005 415703
38 43 554454 561410
66 43 666621 675948
76 37 297397 299343
59 16 285704 295442
42 61 471485 479703
42 9 559344 560339
10 97 738459 740356
53 0 15919 22841
1 89 972120 981511
0 18 456317 463716
41 16 184998 189409
89 31 813685 823623
63 13 674832 681773
99 64 819250 826057
93 21 326571 336082
64 3 438837 448460
96 64 711998 718514
11 8 137484 138149
61 59 968425 969859
26 60 250853 251036
10 77 527091 535434
42 32 357248 358422
4 12 256700 264006
71 89 271627 275706
85 5 888983 889058
39 14 479300 483830
72 53 625698 632621
14 97 979867 988857
96 10 439716 448056
7 5 519697 525964
5 64 949989 950072
30 19 430647 432532
88 13 899962 907422
92 100 247659 257450
23 0 739453 748415
90 6 514621 523561
15 64 948322 952362
79 95 333804 341664
37 34 182386 189608
81 43 220966 228009
32 69 493641 501422
32 24 574861 584165
43 94 645550 648825
71 77 886021 889717
59 60 669970 674386
86 86 340322 347840
23 5 909099 909876
49 88 877509 882000
8 96 702923 707408
57 41 166504 171113
70 76 956645 964854
10 28 383359 385268
85 47 40812 50660
100 10 87336 88123
1 72 248674 251084
66 97 647245 655913
41 35 479605 485477
30 22 565088 565764
44 95 399765 401747
26 79 630505 639601
96 35 939563 942239
50 40 562976 571867
24 39 161593 168960
43 3 637457 638034
62 26 905685 910225
26 2 24255 32315
40 86 364854 372473
78 71 45394 46842
16 47 791995 797420
76 55 116942 119293
58 76 952559 957711
85 27 78921 87784
74 92 156110 164362
42 94 979669 980977
40 76 707453 717011
16 70 291656 293747
39 32 353427 355677
5 91 532050 534666
34 60 711334 711488
68 44 60280 68181
48 86 171585 173555
1 67 484837 486982
72 64 225953 233736
29 7 19698 20542
92 98 960566 969880
54 15 473079 476234
72 93 147584 153775
45 51 872122 875881
22 74 794634 803450
59 1 467395 471212
90 17 495853 502499
80 0 19657 22240
80 82 918138 924763
85 41 692870 698779
50 91 808915 809245
15 75 553405 557987
36 54 530598 534886
22 25 299922 309026
5 18 924228 927034
44 60 499280 506506
57 20 464199 471283
94 69 695437 702373
52 38 675454 680540
6 23 23256 25684
19 60 372859 380613
0 90 149192 155967
51 90 281164 284708
24 57 479798 485918
94 20 513177 515406
47 47 404452 411209
83 30 423294 432786
65 36 99645 102910
18 72 662460 667995
71 11 29028 37598
93 41 451363 451573
7 28 498716 508027
78 21 708103 711207
68 93 163775 169368
69 46 816267 819197
89 61 777568 782921
4 43 547395 547769
66 75 360604 360656
0 91 888275 893611
46 77 110937 114634
3 38 53648 53662
75 88 331401 331774
64 53 914424 922213
98 73 97111 102603
68 31 543213 545631
67 85 26762 29305
9 35 400535 405630
30 66 515516 523462
15 26 408453 410779
88 9 530646 538000
89 88 37772 45006
84 64 140771 150414
75 62 786583 787115
36 74 42866 51352
31 87 367897 373786
3 99 921233 927114
78 92 16220 25764
21 54 560077 561930
44 67 939890 944703
21 100 855573 859820
1 5 535878 541627
8 70 915339 920800
78 59 375448 383880
75 86 961674 968537
0 8 730265 736793
76 39 971845 981088
30 25 898530 900184
88 55 162043 168465
81 58 300445 303207
28 37 81287 83765
34 47 88020 91981
39 64 918400 923904
2 59 116470 120617
72 48 637467 638377
94 88 739476 747713
10 41 732198 741119
86 41 384291 392104
68 68 379760 382166
57 2 256411 260686
59 17 847371 855100
8 97 629668 639280
64 78 698809 707041
41 97 350870 358744
51 61 720394 726526
86 96 569710 576152
7 91 968173 973531
31 96 456680 461434
46 92 567426 571267
10 55 241118 250165
37 54 400911 405152
40 52 738456 739041
7 30 858496 868442
90 66 264084 271389
96 22 775343 781748
0 100 69004 77667
90 83 421236 428505
28 13 867890 868816
52 31 829178 830574
38 5 811467 820230
42 81 357372 361550
84 39 245282 246341
46 78 599444 600070
100 97 47597 48001
39 78 774361 776220
78 58 112561 114594
58 57 400442 402965
85 43 220149 222690
15 46 70646 78090
31 90 930376 936579
53 74 726218 728278
78 96 235289 244248
40 46 276057 283450
10 99 605801 615447
26 51 462602 464807
93 91 385857 390467
73 81 560335 565362
93 66 4526 7984
28 23 377669 383068
23 40 824210 833978
95 27 715254 717264
76 87 385114 388077
66 31 879285 883355
36 4 307219 314244
57 19 180393 190200
19 92 309513 310301
40 0 409494 409876
74 2 288193 295640
11 79 314173 316373
88 0 311426 315171
45 79 22503 28717
5 34 576165 582467
34 10 44353 49364
6 6 929674 932886
76 85 720214 730177
81 72 636651 646323
47 45 793551 802246
66 44 357923 362197
31 53 475040 483573
53 41 113801 116549
60 50 562703 572000
96 67 795429 805231
98 13 664509 669026
40 59 98020 105031
43 42 998666 1001908
15 55 267940 275487
91 82 259026 259474
54 2 329060 329372
30 92 306914 311244
40 13 846009 851024
