8 514
51 25 124688 133239
18 8 762918 770563
98 96 817484 822353
4 8 456362 460831
59 44 866731 874823
33 82 427787 430413
14 38 378055 383372
93 93 534134 539792
8 54 199678 207119
10 11 866920 875253
79 73 745177 748018
35 1 907027 912524
55 79 970417 976638
41 34 48158 55324
53 55 248110 254919
100 81 193736 195131
25 69 435544 444699
6 32 817237 818745
55 65 782178 790677
43 50 297098 305640
31 14 271584 281396
97 71 271289 277615
88 13 573529 578737
61 67 634241 642414
54 27 464502 471054
7 46 827350 833066
16 56 85127 90495
60 78 38327 47915
0 42 730249 733445
95 28 512770 516934
0 43 645196 649399
34 97 441177 443458
5 90 39897 41131
68 23 476414 476910
5 53 523894 523949
10 9 614912 619744
50 56 450935 456393
79 21 85605 87829
65 43 533698 541744
97 56 329097 335354
97 4 772377 772956
14 22 672051 681228
84 87 491019 497840
20 23 440516 447277
94 5 285707 288793
89 44 507195 512012
98 50 114514 123004
23 74 787204 791115
1 17 246576 251297
87 41 453785 456401
81 9 58425 59513
74 78 399176 400335
76 5 790 4187
13 33 44048 53700
63 92 379951 383471
44 30 264832 272869
52 31 460973 469829
66 35 616436 616697
7 87 500300 501504
45 50 720963 726863
32 94 428202 430644
5 14 872988 881342
69 48 699854 703654
14 2 686638 695238
88 81 530093 534073
41 86 594486 596609
80 75 258453 264196
33 5 169483 170003
62 73 905412 909741
28 59 62549 64774
26 39 670091 679109
11 100 234099 238934
16 78 765072 773091
9 93 586211 592403
96 97 692616 697131
82 37 115666 124501
2 77 891696 896732
48 47 843058 846749
61 1 468828 472580
45 48 828689 837169
53 66 212390 214558
97 69 953854 962766
79 101 485440 491460
70 94 344218 350445
73 58 752412 760409
65 59 474692 477494
47 41 2901 3121
74 65 334230 334977
98 38 529457 529717
24 73 853551 857043
45 58 873377 876344
59 16 513904 518515
25 91 121596 125197
79 60 731858 740061
53 22 910189 912740
18 87 325911 328945
69 50 957038 959788
22 12 725150 731623
31 41 744905 748319
84 40 847558 853374
20 96 758732 761915
18 44 439158 439863
93 33 415719 415908
72 86 226518 235291
100 63 750413 755256
101 52 603181 606688
70 73 873499 877444
35 32 225504 229035
101 0 113263 119750
5 44 144240 145144
96 6 162551 170324
87 37 572080 577605
47 98 992170 992917
44 78 296981 299651
100 3 89644 96143
53 36 187070 192144
44 67 804542 811484
5 52 658850 668582
1 23 19348 25812
51 35 305041 313017
56 59 635891 638657
101 56 762349 768392
86 63 704288 710091
2 60 275353 282406
26 7 613992 618042
99 7 242247 250575
30 1 715953 722520
49 100 585790 590425
24 20 689855 698822
30 50 718846 723970
99 53 523243 526238
85 80 463474 467732
47 87 991721 992224
87 4 946290 954826
70 43 440984 447368
35 61 213723 217464
74 11 487055 487907
87 36 64329 72374
99 80 48351 54246
11 84 580130 585524
63 11 428159 432659
3 57 219045 226061
50 93 75668 77431
31 44 178768 182846
21 20 703121 710846
76 23 122790 131704
58 71 688459 695572
52 55 596427 606161
19 98 184561 185922
57 80 101821 107872
85 22 538388 538715
74 9 932849 942259
39 29 742598 749790
76 51 977887 980806
88 8 669938 677752
57 51 54177 62640
84 81 889496 892596
20 38 403612 408548
70 29 894377 898316
43 68 519803 524933
19 17 73579 82443
35 33 486515 492438
40 24 869356 873854
26 36 720809 728727
101 29 855396 861851
11 19 449614 455669
96 101 889250 897983
48 39 246576 250302
101 30 744469 754126
81 74 553279 554203
56 101 144508 153289
90 56 536126 543638
5 63 469267 470335
37 2 915563 923141
32 45 887446 889974
56 50 44648 54127
61 46 266343 273045
76 32 388452 390872
11 36 904045 908835
55 12 664734 668480
89 84 84260 89404
27 94 395969 399561
26 101 354466 357854
76 72 136683 146303
0 69 616524 625732
62 57 467528 468378
38 19 45348 48640
51 87 502257 506078
70 93 872864 873882
66 84 743946 744567
48 53 436121 440499
27 65 754606 764080
13 19 819829 826279
58 84 969618 973088
66 94 707444 709206
78 32 621506 630967
20 1 669458 677153
11 32 604835 605348
20 19 908997 917315
40 22 479368 481893
71 72 372478 372532
9 22 413193 421464
3 27 202392 202421
73 57 513023 517560
97 33 434978 440742
80 46 427267 434052
101 51 741024 742832
1 26 983091 986944
21 95 487962 492577
35 63 379820 382553
90 57 46749 49090
9 76 660598 669158
89 83 541333 551025
100 23 505452 511412
90 14 579944 589087
97 83 965766 974532
100 6 320830 321995
94 72 87788 88426
70 30 646270 654595
34 78 73091 78611
75 50 152489 157382
26 84 779356 783222
4 16 319590 327207
2 79 513093 521034
22 40 100645 109640
66 15 317327 322886
78 29 459721 464705
50 8 981787 987667
101 4 387947 389360
4 86 180884 181505
63 78 853345 853780
6 84 444837 447744
65 37 744318 744681
21 14 289613 291796
86 0 436938 443381
68 11 283750 289071
96 11 302174 304202
68 97 395194 399852
56 26 252428 253357
52 30 479693 483431
60 25 837083 845098
75 24 387866 391247
5 4 338972 344925
32 62 652106 653143
56 25 115212 122007
19 36 228987 237893
39 48 845304 848028
84 66 470765 475703
53 46 991392 993255
76 36 557998 563954
85 64 473210 478215
55 7 953575 955148
43 22 795776 798803
67 52 94890 101897
46 32 169590 170962
23 50 406687 407907
46 8 608012 610662
16 19 881544 884665
80 43 333197 340864
30 99 117993 121102
49 14 940421 942987
86 29 505531 505956
72 83 480425 483282
35 35 613578 615283
62 1 415957 424020
37 93 253177 258870
94 65 519142 525921
51 10 25303 32552
60 31 759362 762411
82 85 866653 871077
28 20 533900 543541
7 16 560701 563498
99 63 59068 63133
29 4 784512 785450
1 70 88064 93167
65 28 309733 314956
13 29 258433 262970
35 36 891774 892291
64 48 914114 915113
24 92 546923 551079
28 53 843844 851748
85 95 828190 837453
73 63 358757 364200
36 76 345066 352085
44 73 431515 439292
75 15 586112 586637
101 1 60607 63557
70 96 931667 934150
90 48 293420 300066
56 39 666332 666721
87 76 716725 718788
36 95 75128 81629
0 4 495181 496489
62 48 697080 703316
49 31 96512 98692
58 92 861096 868979
86 28 285056 286427
91 9 25057 34388
54 9 766636 769194
74 87 312543 314864
42 23 418253 424134
90 51 327686 337586
95 13 669376 670898
31 71 486125 491438
10 54 118492 126299
15 85 316036 324195
30 8 209928 218055
6 42 755862 761517
84 36 132462 140404
73 84 633781 642217
49 58 863162 863712
95 7 184744 190632
61 11 397297 406543
49 75 53880 55437
76 71 385286 387084
7 38 498937 506436
2 49 575554 577604
76 63 750126 752430
49 85 396899 406593
34 21 799777 801336
42 32 836825 844300
6 94 430287 439939
20 94 142718 147994
74 81 644271 651023
38 47 777708 778075
75 36 326648 333152
80 67 356451 364059
73 71 998185 1001782
25 36 508009 515311
7 51 648252 652837
97 81 898366 903488
87 60 234515 241011
61 71 795808 798568
66 13 197043 199047
8 39 261285 266380
82 41 557557 562493
31 94 160850 161908
15 39 546753 554812
27 73 362921 366438
92 81 656387 660547
80 8 173110 179785
85 44 996310 999944
96 5 939336 947789
6 58 798306 804567
95 59 929553 930910
38 62 867570 869418
15 100 969581 971846
11 37 993377 1000683
87 75 344001 352995
29 32 198357 201352
25 66 221992 229760
54 57 821771 822284
6 77 731769 738324
26 95 5512 14510
37 50 166848 169742
27 70 374351 382282
89 56 672201 676319
16 16 12912 21842
38 21 9341 11844
59 61 550026 550437
78 68 986838 994033
30 71 129287 137113
1 21 133520 136063
14 24 841360 850203
40 23 782928 785942
92 101 129907 134542
64 99 53321 62110
99 46 530486 540140
11 88 413560 414569
27 7 545777 547180
81 57 122675 129208
53 87 999951 1002360
66 26 321906 326081
20 11 268760 276227
93 63 36834 44421
67 73 488264 489169
99 28 580703 580947
24 30 421005 426577
70 33 234995 238974
68 35 624204 630674
71 38 665501 673688
96 42 593890 601478
23 30 379360 385658
39 76 483957 487809
54 96 489177 490859
81 90 559573 564501
94 74 685258 685874
19 15 699771 707235
66 55 800703 809208
66 32 498633 506942
23 100 160478 168870
4 3 97071 98136
38 10 679541 684573
54 38 848836 852771
82 18 430899 432617
100 10 272821 275410
21 83 623738 627004
32 31 636693 645882
12 55 648840 654298
33 55 495147 503085
67 40 935588 942433
99 101 607274 607561
11 99 211491 215735
4 90 895223 901214
38 75 369458 373228
39 27 776475 783671
83 65 726760 728740
70 13 802902 804202
20 41 195554 197840
93 31 58394 63848
10 71 550974 557775
21 85 750699 752718
94 38 529257 530894
58 32 34143 34464
29 17 118164 123117
64 96 289459 298116
32 5 647394 652862
63 56 94337 99185
96 44 921079 925648
34 29 219223 219402
47 13 137748 146828
52 89 975992 981796
9 39 90144 93539
88 15 110283 110760
42 66 374097 379254
97 84 608645 616477
95 32 564919 565834
93 48 936755 938186
75 53 192371 201988
73 2 814806 817304
7 45 764311 766083
67 19 89115 97925
81 20 353561 357247
7 1 270627 272246
2 40 619080 626146
40 58 887404 892051
89 29 212606 217222
70 90 867345 873516
42 60 919654 924026
49 17 490910 495859
17 45 667628 674716
88 23 663501 663806
48 26 978780 983453
41 28 857462 866002
82 9 958026 960568
16 45 169434 170765
47 23 320052 327306
78 41 244772 250124
51 9 372389 378435
72 79 202367 206926
77 101 38240 41740
12 54 691110 700320
14 92 479258 488144
27 84 23219 27999
76 4 143299 150598
2 45 673328 682563
11 51 593575 594922
24 80 225858 226432
94 97 419722 429482
41 45 247184 255157
4 57 158131 162268
31 17 546708 550325
71 32 428007 436752
36 74 747742 747905
26 57 294522 298052
20 65 545112 553973
4 63 917448 927178
16 88 493394 495101
24 38 851611 854950
4 41 490357 493709
3 61 99195 106066
63 37 542378 552218
85 87 206925 212090
61 22 375669 383508
40 16 408881 411830
79 91 186329 189970
53 52 648608 655404
47 34 585640 586420
10 2 951126 961035
34 67 549268 556119
43 77 901473 902409
51 84 975977 977745
62 84 800498 801477
70 11 425652 431602
84 96 859438 861755
99 100 603562 610518
9 88 51211 60645
31 93 483348 484255
64 90 938729 943541
84 76 866104 875460
97 89 350009 354716
64 49 606897 610456
54 25 575331 578121
97 66 747831 751825
11 34 234951 244139
97 15 819987 823912
97 3 702661 703731
28 96 788691 792900
83 32 715274 717528
10 93 369226 369564
45 69 883190 883895
4 32 438936 439181
49 76 469522 477620
15 67 438039 443571
57 61 720247 725578
29 29 795839 804646
50 35 144570 152934
10 86 944841 952469
5 50 198057 200061
46 94 570007 570698
93 18 528530 531000
21 17 747823 750987
33 16 421690 430706
18 36 519982 528884
