19 1452
4 44 584926 593798
1 12 227595 229100
20 3 304490 304911
54 7 583011 592091
4 84 996973 1001676
101 91 139460 149193
53 53 521518 523776
61 37 688988 693638
53 92 203005 205015
101 11 807755 808767
7 55 375884 376739
94 2 843730 846192
32 45 88704 95127
35 4 95244 97321
77 10 269812 271526
32 28 130877 133883
22 96 497912 499125
19 47 767516 770734
30 59 666650 670205
86 42 368785 373935
60 55 874382 878423
44 48 778160 783401
74 31 42260 49368
43 73 558435 563180
27 10 432739 436676
98 69 43686 44268
14 20 378371 379438
83 41 209979 215755
75 74 559962 561123
36 31 134603 143849
5 83 199721 204738
30 39 718511 718575
32 53 602039 611121
53 75 70903 80812
78 76 10321 19242
9 16 699583 702792
25 43 748029 753779
77 46 190524 194093
88 74 577576 578916
74 44 349787 358986
17 31 914480 915258
62 92 897407 901354
19 77 415601 421808
54 86 9032 9577
34 37 835425 835512
94 20 434432 434998
82 81 511162 515233
24 17 172960 176734
96 58 418693 427054
35 47 535930 540215
61 49 915810 917186
92 88 727945 734805
40 84 233721 243711
59 76 60365 67470
94 62 78529 86912
59 34 119482 121896
26 75 156047 157899
34 2 317071 325088
94 74 460896 470392
9 6 681222 689711
48 28 537319 541378
84 11 988996 997339
44 46 515145 519449
91 94 988334 989358
14 41 828345 831325
41 61 302736 310710
4 12 467223 473497
56 80 236094 245931
74 57 126611 127357
74 93 292010 293142
12 68 820057 826652
60 18 405391 414487
19 32 207548 210481
62 69 291899 300779
33 22 836738 841645
22 94 796853 804351
101 60 781052 788906
9 70 956074 962446
6 44 819244 828422
69 77 936683 936956
27 55 572171 574530
42 64 64419 71363
11 18 125634 132584
54 56 84486 93032
60 95 228361 231844
22 16 232047 233403
18 61 753300 759076
82 85 544056 545071
80 30 702747 711871
61 87 193489 195329
28 39 961400 966477
76 48 490140 498849
49 50 913044 916185
72 62 528313 532767
18 98 417639 421984
62 96 619106 626323
13 29 592588 602391
87 0 519128 528460
35 84 807914 809832
48 31 621402 626360
55 93 853039 861474
34 30 325736 334754
26 16 324508 332258
45 87 802834 804309
4 4 528437 533357
41 26 588699 593468
6 94 874416 877679
41 37 840194 845965
83 16 6351 10375
79 91 583428 591332
63 32 807727 808355
37 101 945295 945634
60 58 70337 80213
73 100 396951 398209
52 61 429392 437623
34 73 527751 528488
66 65 212192 217196
61 92 715023 719950
4 78 68073 71247
5 11 32544 39700
61 29 318403 328165
96 86 452550 462506
77 22 395778 403125
19 80 637646 646060
66 66 91114 99956
2 5 439238 448113
54 40 616552 622404
60 24 604253 608898
47 55 740561 743543
31 7 850140 854162
79 46 566793 574468
91 29 71884 78858
95 32 822577 827919
69 22 793208 796388
89 8 57909 65278
34 68 955200 957417
13 11 710810 715586
5 44 83010 90049
56 0 592122 600505
72 45 952032 960785
98 24 112162 115802
38 18 551824 558113
19 25 960885 963498
93 42 322275 329323
84 7 911685 917325
15 87 248652 248767
17 46 433290 438701
5 81 87075 95527
61 8 134531 142208
35 76 109175 116373
24 93 856464 863893
26 49 713283 719549
68 101 931599 932459
35 1 767166 769258
39 84 546222 551735
38 14 446225 454220
32 90 7115 14326
87 77 415993 421200
17 80 655083 661178
79 71 63100 68408
93 94 316846 320485
10 35 440839 441893
47 47 345165 354680
2 20 266449 272678
51 31 500847 506278
56 75 86952 92416
82 78 225057 228896
26 69 919207 927422
29 3 295645 298329
57 10 866544 867533
8 46 415027 424680
32 58 562848 566981
6 32 710402 718376
98 93 606593 612385
4 61 716001 718727
18 39 857686 858127
29 73 711388 718790
95 79 80172 86138
92 73 742547 749971
56 21 802903 810416
24 21 304842 308963
43 69 244528 250293
80 15 905235 908944
6 70 840896 849384
18 66 101659 108366
72 95 676103 682414
36 44 6672 12341
68 60 346950 349431
57 69 640403 647577
12 20 18168 24200
9 62 221997 225242
84 39 744324 750225
42 31 926383 935629
3 4 447039 456112
22 35 349120 356037
91 11 204593 209606
2 25 262916 264589
39 63 284867 293903
76 10 412592 419530
82 69 608161 616966
62 11 961394 966836
98 25 174536 179968
101 15 335050 337096
41 74 60936 68538
12 72 928876 934519
85 28 973888 982391
30 19 769537 774217
19 23 747509 754493
23 73 868909 870044
25 7 949234 957283
86 41 169690 179280
52 16 136703 138560
11 9 336121 337570
49 5 573076 575342
61 4 847174 855675
72 48 420901 422233
1 97 668026 675401
86 10 1789 6856
61 42 845453 846460
23 64 683420 690718
85 90 499098 500123
80 32 881638 886448
28 74 342035 345801
6 96 872823 879018
55 77 58847 61744
20 65 650798 654556
94 8 201319 204531
29 88 775931 785602
27 70 231296 238174
88 3 682804 684357
33 78 551160 560870
38 36 278401 284081
66 43 757426 763030
41 91 477160 483584
72 3 892911 893418
18 99 648006 653559
0 8 567232 573593
11 10 519137 525116
72 65 538049 544118
74 16 54357 59763
78 69 523767 533732
84 19 342352 343422
22 2 245185 250091
62 70 481259 489897
13 98 477692 486491
65 32 546023 555127
30 9 15539 18688
24 50 478736 487450
8 71 936383 945210
96 77 192502 199697
7 17 635000 638604
72 58 944493 949928
64 62 817456 818550
38 1 792432 801839
38 31 284543 294136
24 59 921564 923215
7 74 730433 737695
77 101 229291 234892
46 9 344476 345551
49 56 492233 498005
16 24 48331 51229
78 88 761440 761849
22 10 127695 133004
15 38 280304 284877
10 11 840120 849068
100 54 944957 950613
5 17 119187 125976
46 51 54441 60592
59 55 170953 178055
12 50 227209 232872
26 33 552177 556450
92 48 598691 603070
8 91 596010 605491
93 16 435750 438250
100 51 222995 232158
25 64 984958 990256
59 22 405113 406537
22 42 160825 166138
12 97 620980 627257
46 83 857852 860383
69 51 933251 935374
90 65 580094 582041
78 91 469959 477472
76 54 916598 918214
87 7 987857 990445
69 83 340739 345355
62 79 624541 634303
62 5 188472 194526
58 96 152826 153440
94 6 891252 898376
95 28 88611 93891
80 8 344794 354304
89 100 458475 465687
53 14 361153 367662
6 27 350671 357400
58 90 936307 938965
3 39 403941 407094
31 6 336937 339913
53 83 206130 211369
88 19 771293 772557
89 49 204035 204547
31 28 878399 882750
60 17 114924 116271
6 26 663215 670878
100 59 434325 443789
65 11 28618 34092
25 70 220143 223291
44 12 100010 107848
100 81 417386 426521
99 2 772158 775742
71 13 104749 113600
95 48 338941 344832
4 83 981413 985766
0 84 499673 501953
7 27 343229 346475
43 88 62718 70277
55 79 785711 793882
52 93 914487 915579
34 80 723762 732893
75 96 621692 627603
74 46 536102 539948
13 81 37830 42836
41 73 246651 247228
98 72 801317 810857
67 81 133173 135678
37 16 808943 818499
30 88 676969 682813
51 100 571738 572054
99 84 147541 154704
27 72 242223 246000
70 56 416730 422208
62 90 129930 139502
74 26 873703 874987
7 90 786243 794165
79 11 167515 170209
61 63 628644 637558
43 83 754122 761521
9 77 516118 523576
40 95 454910 455628
21 97 811438 813657
94 65 747944 753522
41 49 256212 257677
9 10 34722 39014
94 26 841608 844794
48 7 728284 734289
101 12 76930 77301
54 88 268373 269629
9 40 406458 407457
51 84 230894 236425
74 38 602594 611928
48 74 592909 602399
33 96 800567 808821
38 91 832930 833350
26 4 771814 779742
15 10 78541 86166
63 12 309283 312538
62 45 274054 281318
99 72 232906 242528
65 13 572239 577276
2 98 730237 739742
75 72 81394 86091
77 41 970881 976375
61 15 48785 56045
18 16 972585 981898
97 90 827852 833688
68 91 995183 1002463
1 51 801791 806094
73 95 639455 649419
95 42 353547 360839
96 37 708649 713334
67 26 246933 254636
42 71 777240 784756
2 67 624385 634076
71 51 486889 496061
80 36 455474 455696
20 12 815501 818521
16 80 945497 955245
39 87 776992 778173
59 32 942748 944153
99 53 721583 723001
17 95 810776 814094
56 57 441366 447380
90 0 858015 860122
54 41 645328 648001
23 29 849704 853021
64 4 455127 462475
30 49 785679 788675
19 78 953199 956835
31 84 563683 569634
76 83 818811 821272
59 64 815820 817253
15 56 463480 470226
91 54 987263 992762
91 41 141806 148620
21 31 144853 152468
60 19 698638 700103
95 88 943303 943358
33 34 689223 693766
66 60 75040 75568
86 34 490768 495321
17 18 860882 870088
52 62 319811 319883
28 24 528217 529540
64 87 855893 865812
30 64 582754 586111
36 61 854900 855341
99 42 343524 350498
55 61 25261 31941
34 64 247848 254909
55 100 737949 744263
64 22 417690 417802
30 41 317523 323367
37 81 260892 265644
79 42 354315 354852
17 45 503133 508822
100 1 652804 653799
76 62 296552 302627
42 55 282886 291085
57 7 132130 135931
18 7 466631 469675
39 20 737684 742385
1 52 746040 749803
32 68 302228 310754
73 90 15957 19370
89 85 445833 454238
13 77 897182 900884
36 35 749226 750406
46 50 345654 348607
32 94 98374 105288
42 79 444455 449917
38 53 652248 659713
52 33 118602 123798
12 12 660457 667563
86 18 359730 367985
33 16 495107 498273
94 45 460512 470064
57 77 131375 139232
20 67 556721 563859
70 77 533841 533903
100 18 642830 652518
16 3 537317 539894
2 65 825081 834385
3 1 738900 745138
87 76 127696 136437
13 46 429354 438751
44 32 528891 530902
85 70 11110 19869
40 98 912004 918128
56 52 695704 705470
34 47 714221 714876
16 13 296765 298795
31 50 336104 342424
5 41 211918 217165
96 22 26770 33942
46 95 697614 700681
61 50 663134 664567
10 58 562728 571287
12 93 426885 434526
83 95 94987 101038
8 32 112904 121532
29 91 89089 97181
36 3 610480 618160
67 13 935264 944598
51 25 809585 814791
22 41 856004 865675
63 78 553140 557937
6 58 42000 47288
81 64 354590 363559
12 8 107724 109435
18 4 386082 395067
47 59 777338 777574
74 1 960016 960126
0 61 724676 725272
84 85 707931 716020
5 63 313152 320975
98 91 964892 966962
96 48 299471 302197
59 59 2433 12430
7 92 984684 989612
30 94 163765 169390
26 54 894937 899466
77 69 387515 391089
20 68 439054 448810
49 97 782970 786441
38 65 440292 441712
84 70 461328 467018
88 70 658105 666099
74 60 552284 558522
82 43 424015 433050
60 91 854754 854811
5 24 31106 39718
53 42 448734 451488
54 92 988163 994180
62 15 792278 797234
99 46 881046 882082
85 33 765 6716
9 34 132915 142178
87 62 690094 697692
36 88 775800 776121
90 60 298277 298866
12 90 937453 940976
61 16 590504 594399
31 82 507542 510510
2 77 865478 870491
58 63 336775 340227
47 0 752969 762740
43 15 845199 846248
48 54 817315 817893
27 73 796192 804851
30 84 707432 716585
53 85 233784 238907
38 60 45440 52251
90 46 346133 355500
84 81 142874 148647
35 101 455347 461902
28 52 166591 168810
2 60 767560 771716
46 70 678675 687194
60 85 222732 231345
61 74 622906 628632
62 22 215151 218720
19 79 60351 69926
32 88 114361 118767
21 73 249399 258968
72 8 172427 175700
4 99 4057 13695
100 71 297626 297684
73 71 92665 101015
49 64 159200 168101
95 23 772516 772806
12 95 698703 706105
74 41 962582 963200
74 71 168477 176934
95 95 540658 543325
35 58 354036 362881
34 24 777237 787132
65 4 140862 143050
23 36 552686 556730
50 73 876084 876934
49 86 20508 28251
53 29 432954 436983
48 76 833335 843138
7 5 559331 561533
2 43 635307 640000
26 22 540381 541752
27 27 420860 424474
99 12 945272 950303
47 43 144854 145727
35 21 297372 301392
61 100 777323 777948
26 30 586804 586829
22 78 969097 972157
41 93 903560 910109
31 20 220649 229615
45 97 496808 503070
23 15 420874 429868
26 72 522512 528800
35 19 131493 140101
65 16 182584 187174
99 8 875768 885763
60 93 872093 875637
21 18 941967 947875
11 21 983550 990716
88 49 68896 74391
0 53 796979 798551
70 64 171929 175755
57 68 307431 317172
32 19 175369 181902
97 28 781170 782160
75 99 968678 969792
27 47 300555 302477
36 51 22810 23551
89 43 290140 294195
49 4 791275 791956
37 9 48502 51402
14 33 418893 424717
46 43 635980 638482
33 89 435793 445294
80 66 482092 489939
76 51 618491 625018
28 69 815098 824646
43 52 745376 755220
49 43 988669 996690
87 21 423318 432543
53 7 922245 922318
39 36 588442 590615
24 54 786588 786933
40 55 246168 254988
69 10 469527 476433
79 100 488603 494288
19 29 785914 793933
67 12 910945 914144
23 70 823558 833295
101 63 449752 450293
12 73 146416 154317
17 35 646095 648330
72 43 485777 489229
42 27 338027 339168
24 25 863595 865383
28 100 317119 321977
69 75 506202 508946
34 34 985250 985773
58 49 961296 966246
91 1 164816 171096
1 32 434324 435269
53 70 141682 145811
38 15 544398 553978
99 89 397945 398524
21 70 925890 931297
37 35 106598 106622
96 14 593843 603605
53 84 556093 559942
84 74 286363 293443
41 64 415102 422930
56 86 6834 10532
37 28 340144 341108
85 56 193162 203002
60 83 984244 988466
68 82 929146 934655
71 40 726078 731661
35 7 983600 984299
59 29 687384 696400
34 61 212975 213916
82 53 671379 672530
61 73 389186 395355
62 24 565040 571996
53 49 472013 478339
27 57 582616 588166
16 70 905265 909972
65 7 987554 995868
41 78 121383 121506
98 71 159153 168366
88 29 710279 716396
36 92 118219 121181
25 75 618415 618420
26 59 863919 873383
7 26 600645 604939
58 0 994002 995248
17 5 663372 672843
41 27 852165 859814
45 54 262672 271018
68 81 904129 907470
99 6 742132 742424
16 78 430424 440300
76 31 773815 776111
76 65 69864 76015
50 62 689883 695214
37 19 762283 766962
71 16 800339 800547
0 35 613774 615832
68 58 847658 856883
21 81 457517 465404
51 94 558774 562188
2 70 69197 79050
71 15 180195 189147
94 15 743216 751551
6 80 772023 774392
62 32 64227 67865
69 14 689991 693880
15 64 745270 750557
98 7 379664 387730
37 0 225804 228810
88 69 160165 162956
77 21 983206 984304
77 2 889127 894687
23 90 845976 849574
55 2 62873 65339
34 79 347780 353824
64 67 789409 792278
50 10 126376 129246
11 49 700197 706725
31 97 688812 693809
25 67 170757 180457
27 67 202377 203107
65 54 268612 274188
91 43 325479 329506
86 66 109845 111517
99 26 369542 376219
92 97 334262 336520
60 63 215156 224252
67 50 118087 120344
26 95 415226 421031
10 5 746381 755075
28 88 700630 706627
17 32 163100 171163
24 58 636777 644660
86 4 40398 46999
59 18 52747 60156
45 0 924531 929112
98 50 628985 634481
22 17 337585 338530
86 29 296751 305075
33 1 902857 906780
62 101 813540 820168
29 80 700320 701777
22 54 429042 429760
55 92 732270 741666
20 80 577967 579143
0 88 776818 781992
68 90 159234 162521
8 63 363523 369211
20 47 549493 555980
50 51 473783 481014
9 9 716317 722858
63 58 229015 229544
59 25 836496 844756
27 60 237068 245459
39 100 46426 51907
97 68 816218 820915
10 74 322874 325618
87 50 823195 830627
76 27 356723 366654
32 27 937381 940922
86 16 222984 229722
67 24 274838 275748
68 87 727809 735101
48 101 231294 233196
63 33 635302 635830
33 35 985925 991312
76 95 717585 718213
27 54 922326 931736
85 80 779046 780831
55 52 516015 520752
85 65 171681 181346
59 45 417099 423889
22 53 126870 130933
9 50 610790 613886
97 44 122974 124650
44 68 42704 51278
33 5 66627 69560
86 38 711124 719298
23 81 551765 558066
9 95 990825 990957
77 78 999831 999847
62 55 314293 314503
35 50 401846 405145
79 82 514953 516991
50 15 618802 625188
76 69 798151 798540
52 70 446927 448370
71 70 493508 500634
67 64 857589 864885
95 101 782591 784827
96 63 868260 876565
89 39 718327 721806
19 75 15671 22986
58 2 727852 736412
60 101 422090 427087
80 90 334457 340543
95 74 529765 530424
88 97 778915 779012
6 59 381044 388702
79 21 472507 479716
62 74 223773 226090
46 41 601871 604477
93 78 19034 20651
48 11 603170 604952
100 23 152228 155088
26 48 835501 844606
61 13 877949 885508
95 58 931112 940660
55 51 260957 263657
64 41 455150 460589
34 53 674742 676976
68 62 821227 824281
4 13 202232 205504
28 78 162407 166350
70 19 376688 380980
101 18 605974 613031
24 87 98575 107253
0 41 643875 651911
60 28 77024 79358
4 60 611655 615537
90 92 654561 663279
62 38 684855 689142
45 64 776784 786339
7 8 218682 219131
76 44 609177 613063
3 101 770876 771253
56 74 676756 679352
37 93 274766 281580
34 97 129927 138605
19 67 511056 520481
61 71 151050 158839
19 65 920151 929865
24 84 593034 594112
22 12 891613 893646
63 22 562080 565535
11 59 134054 141812
2 93 659178 665010
24 78 202264 203820
41 58 778154 787530
74 5 929750 930102
45 12 890338 891587
36 16 245709 249615
96 15 605288 611416
85 1 526803 536570
28 28 478870 486212
50 68 731238 731749
56 9 339498 342555
87 23 866567 868149
6 12 190471 196922
32 13 466971 468631
41 57 624500 627519
86 71 540073 544185
79 92 496584 498684
76 92 912799 922223
50 30 274581 280873
17 70 713583 719805
70 8 295696 303027
50 82 365597 367094
60 80 881407 888513
20 24 184509 186909
82 14 42606 44244
85 19 628398 630400
36 15 159723 169370
7 50 368111 376125
37 78 120254 124762
2 75 642765 647362
6 17 633988 639521
55 0 400614 409277
81 32 565683 568463
100 4 855824 858887
68 67 551782 560406
3 49 935490 939163
45 49 199005 201925
14 75 214340 216619
4 90 681882 683443
45 5 68849 71936
18 8 121181 125207
49 28 299540 299823
22 82 226512 232923
4 50 80002 80319
83 44 906118 910627
11 32 499117 507763
37 49 259867 262808
0 14 198591 205831
4 25 89146 98189
84 1 858055 858781
44 74 441475 444368
8 62 713434 719682
38 58 864802 868040
41 17 196382 205852
74 33 783358 792824
15 90 819889 825750
5 67 235921 237000
88 13 579045 584711
90 20 851622 855160
17 15 619370 628831
13 75 163324 165201
92 21 919459 921989
35 93 202892 207475
73 89 254098 254637
45 17 211222 214158
64 5 907925 916584
79 59 860807 864911
39 13 434818 438636
89 72 96574 104918
50 2 325575 335344
11 3 858815 867091
51 26 981879 987757
14 66 589292 595260
34 44 820887 828163
34 32 306146 312650
82 20 247968 254372
0 6 943559 950670
96 31 226697 228505
44 96 691545 692209
79 98 258900 260162
42 46 397535 400131
19 64 807888 815831
51 36 419147 422492
86 46 646277 654399
33 6 155271 163669
12 54 831082 840164
22 80 787968 789022
88 94 267080 273555
59 15 319733 320600
83 9 921003 922494
43 76 277951 278427
35 41 462174 466948
20 97 591931 596865
61 51 395729 396152
101 21 574636 581781
45 62 889214 889958
11 7 622476 624731
86 2 303694 307223
71 56 99154 104921
70 101 741338 744252
56 61 416865 423721
8 60 182772 191957
12 76 649776 656172
58 39 152611 160869
22 95 848409 850697
59 85 55939 60397
34 17 296360 296783
24 94 153755 158712
26 20 475155 476322
20 19 714776 715768
32 7 240761 248013
8 0 606550 609172
57 67 714680 716428
95 87 760523 763025
11 16 925992 930950
1 84 736680 742399
48 98 789901 798044
25 42 387652 395816
93 9 136446 140154
72 11 943610 952887
58 57 998293 999167
96 96 21851 24882
48 52 302183 303945
56 23 439388 444965
74 90 214131 223701
36 9 707015 710733
12 70 212194 216547
67 40 857292 859782
30 91 95373 101108
11 56 428835 436890
31 3 321066 326655
13 95 504660 509862
46 31 757494 764873
96 74 317239 322049
78 36 449876 458436
24 71 467445 476282
49 15 753000 759459
77 76 174807 177286
87 83 966048 968719
85 96 427693 431846
38 66 196582 203063
66 7 256235 264258
18 72 963876 966515
45 21 61584 67241
18 2 863007 863798
54 66 38692 39511
52 87 547544 548303
2 1 299454 307015
8 22 540910 545746
97 36 856030 856730
2 41 305790 309398
0 87 677917 687671
89 42 721078 730329
77 30 935896 943864
81 48 432648 442326
31 51 367454 376074
8 35 767386 772569
70 35 369137 374052
11 63 294962 304856
64 38 449481 454360
90 31 758764 759161
79 86 708097 709174
12 48 593092 597998
47 101 915507 918778
92 27 806626 811750
96 59 220516 224193
84 57 722415 727684
39 91 810115 817938
47 87 968995 978747
58 76 532603 536495
34 83 441801 449778
90 69 550077 553772
46 27 733677 743087
6 40 781377 783930
99 50 879450 881215
16 85 894174 900721
80 81 192457 199131
1 19 643979 645062
43 97 601200 605812
7 66 628878 635804
39 85 290569 292893
71 36 258224 268047
41 80 854078 860837
37 27 269752 274778
66 59 984357 989573
21 85 497846 501662
14 81 384163 388720
18 100 34934 41066
92 28 650443 651614
40 48 7798 12416
90 99 966019 967850
90 96 52457 53751
28 61 341328 347599
12 2 447073 455693
77 73 505155 507346
65 79 536044 537904
35 18 224967 228425
85 35 203119 204602
80 42 59254 66754
79 83 369644 371803
26 52 566901 573600
88 0 676924 682132
40 83 982284 985707
21 22 974363 983124
70 34 561928 563853
45 94 364096 373100
20 46 838989 843865
77 53 798019 804230
15 39 94296 103076
54 25 794405 803554
30 87 34815 36238
0 76 754122 758835
16 23 119554 125054
10 55 720116 720505
40 76 553513 561569
40 57 782693 792218
13 52 560905 570682
69 61 801167 807542
92 29 875106 882282
87 61 444517 453133
98 45 689021 696342
26 42 890969 899432
34 1 431677 440815
33 33 631589 635003
89 57 751318 751916
76 18 961224 967989
15 3 581431 587223
100 80 756850 762609
45 10 24374 32909
27 74 281368 290391
52 5 184786 191416
67 57 357653 359671
27 14 642969 649872
51 78 13771 22474
92 58 195558 203151
4 3 892323 893321
82 84 523429 529139
47 8 358044 363449
6 15 501264 509708
24 40 712226 713328
16 98 988913 989542
82 13 543561 548724
51 83 279431 280601
69 18 975942 978531
23 33 844122 850849
76 58 112331 119267
67 83 957308 966602
75 67 88783 92113
71 95 966851 970228
64 96 453815 454211
13 59 965212 967964
83 77 591624 597809
14 29 713581 721035
58 67 502371 512153
52 23 920117 927659
16 76 795682 798228
80 38 717395 719457
11 76 254097 258816
9 1 777172 777330
79 37 147383 156427
75 36 723140 726223
83 35 891173 896623
97 37 989372 989665
66 6 379317 387216
88 81 330066 332351
15 19 721048 725088
36 84 129751 139218
93 44 368627 376341
87 14 849566 854769
58 1 4291 5167
47 81 790134 791728
89 10 333968 334535
68 9 152730 160087
97 45 140947 147213
46 5 977285 981401
67 33 857316 861753
92 10 275926 285042
91 64 908934 918626
17 69 402398 406985
81 5 209645 212424
88 28 805057 810773
44 42 772209 778957
23 101 604002 610035
3 97 325389 333738
4 52 166942 173917
14 56 80374 86820
13 55 87560 94599
85 101 579340 587930
22 37 402627 408655
45 48 63374 65136
93 66 125105 133991
57 32 450036 453644
21 40 911645 911832
73 12 288838 292740
69 89 100756 110627
95 81 956148 964419
64 35 12829 14549
74 3 987323 992043
6 100 618848 627885
22 59 921273 930974
88 58 263297 272272
12 29 74441 75838
38 87 501430 505525
100 72 90323 95209
28 54 305299 311754
7 97 374080 381336
39 3 791734 796982
62 66 436245 436706
52 27 462479 468718
94 24 836387 837214
100 88 496997 500906
7 84 975611 979424
19 96 872549 874781
25 92 862037 864751
92 5 813473 817657
69 72 138175 145618
72 56 632572 641260
78 42 416836 423438
55 25 203598 209307
81 30 427542 428709
78 85 616956 618077
46 19 511653 517399
48 40 548307 557574
42 45 881185 883682
23 21 843840 845507
28 33 219475 228440
92 22 659029 666744
99 58 569067 573474
30 15 783383 787182
34 25 401009 404645
21 38 624871 631472
38 49 421521 431316
101 55 62471 67050
40 17 549349 558559
53 39 961716 968781
94 86 440790 441385
4 14 195923 202242
62 93 238686 243940
88 11 665655 674752
81 37 187052 191147
80 5 803337 809084
64 80 472822 478960
76 20 833342 839751
3 52 504233 506616
47 28 937703 939151
93 65 185228 188108
101 81 765716 765981
72 100 672597 674681
55 50 367870 370023
47 50 932665 941141
58 77 784586 786457
61 43 134633 136935
100 76 915035 922663
23 32 431236 431799
3 63 159911 162348
98 87 178739 183015
20 86 961455 967942
88 77 531675 532903
32 87 59243 62523
35 23 397278 404780
88 46 332781 334526
64 94 907915 908597
19 11 406135 413890
25 12 114419 117794
63 13 857174 862440
94 13 770430 779027
18 76 368613 373328
22 29 739623 746598
21 8 26529 32189
66 40 271951 281284
8 88 589287 593193
3 69 874328 882711
100 40 452925 455156
86 53 3746 9665
3 98 31716 40421
94 46 714379 720334
87 8 663640 669983
37 2 947216 956741
38 23 331139 336898
11 73 951465 954257
7 22 720500 725956
32 78 893373 897093
91 85 184596 190895
65 12 810969 817006
71 59 435935 443892
71 14 533507 539209
58 68 986638 995694
95 73 557470 562399
53 90 304022 310278
43 51 354362 364103
67 100 243767 247400
97 18 844272 846927
1 44 736726 740267
30 18 825584 826341
83 4 222456 230918
55 71 90592 91817
18 18 644575 649676
31 4 375660 382593
76 46 48000 54056
58 4 775739 782427
29 67 815928 821318
37 83 929583 934630
59 13 556168 561062
24 8 645505 653104
55 72 702318 706813
82 66 628695 633494
99 22 823547 828430
93 54 78785 86610
40 59 356336 361047
67 90 514212 514727
75 62 98304 100236
79 70 919724 923310
92 65 778021 780999
44 47 319772 324144
36 47 436648 445121
20 76 40059 48936
87 11 216415 225569
86 9 313182 313568
3 10 773767 775638
73 24 233794 235400
89 84 571448 574236
14 46 825243 831037
48 14 188581 192283
51 21 888987 898239
38 13 628812 633543
46 46 557158 565692
83 81 665827 672379
93 63 193551 196238
23 54 234030 242895
25 82 685460 692270
6 53 761332 763841
16 22 352311 354767
88 32 288817 293266
62 94 273458 274066
64 79 969035 974106
46 63 742305 743419
64 58 239393 239956
83 23 232107 235613
74 101 504175 507244
76 42 675557 679690
35 80 18091 22451
28 13 898301 907454
32 63 81124 87212
74 39 464693 468341
75 49 884657 893583
27 18 97164 98741
50 19 164653 167819
71 3 511566 514189
48 43 432741 435806
50 72 846718 855228
52 101 551936 553191
68 83 375350 379769
15 27 939383 941303
57 38 176931 181742
56 101 263858 270975
50 83 821491 826044
61 27 172969 176299
29 101 386567 395265
36 18 959016 961729
79 50 623165 631762
73 46 84407 87253
36 86 979620 986129
10 36 578318 587063
20 94 965516 967913
83 56 484052 490511
12 6 423984 425122
24 36 112410 114032
57 31 392059 397142
89 58 65057 70473
23 49 521618 527342
3 26 381422 387846
98 35 519398 526794
14 14 323157 323738
8 56 560022 569045
2 97 879804 880337
53 66 623 1383
75 77 10602 12200
89 18 816882 817752
87 49 26789 29147
31 62 499594 503849
22 11 168179 168464
98 70 670486 672510
6 11 279294 279749
24 24 891218 896509
80 93 312452 315608
31 83 970814 973799
94 40 519926 520653
80 76 658714 666023
2 59 109094 117989
66 13 298976 302317
81 15 288187 296026
99 76 7095 10931
72 71 958954 961926
43 64 524599 531103
14 31 538024 543233
38 88 834937 843811
63 50 764621 768139
99 73 707957 709711
65 50 266674 267756
70 39 777368 777656
17 98 598925 601280
97 64 625222 630972
54 42 834433 835977
97 4 338108 345398
69 49 366217 374982
57 76 949113 958581
9 60 73569 74531
94 87 527979 537906
30 74 959140 967890
6 46 876546 877141
80 0 767790 775885
49 52 825063 832073
101 33 74544 78869
3 78 762750 771653
15 92 341686 342019
60 74 566630 566904
1 61 318350 320043
94 92 793189 798903
26 9 791698 795767
99 52 968625 977776
31 23 975515 979191
96 82 856186 858908
12 27 720503 723605
70 83 245452 254673
98 101 307436 312848
63 45 296922 303107
86 55 84437 89782
97 91 92963 98884
28 3 876390 884744
49 90 542053 543940
3 94 636600 643133
2 2 986902 990591
51 22 684664 690906
43 43 465738 471535
74 19 269002 275803
93 6 984892 993397
96 87 623264 632949
100 95 511656 518548
76 6 316799 325814
61 64 376403 376619
44 56 621306 628849
22 70 430933 439195
20 85 473578 478558
96 6 352201 353985
48 16 859108 866093
38 45 932541 933515
71 48 638375 646402
4 38 820720 821159
8 99 595047 599991
5 78 594498 599475
26 101 396459 404140
8 58 219282 220125
66 67 517917 520132
43 6 350303 352738
88 34 720001 727037
22 75 515993 524202
68 76 863545 869849
96 99 897060 905804
17 33 450543 460026
39 15 403820 411696
34 13 166378 169712
78 6 903882 907943
20 91 462121 464106
21 71 116618 126138
20 51 599408 605697
19 51 669373 672398
81 66 590911 598001
13 72 964358 972648
62 84 270907 272356
47 21 53614 60369
37 71 848332 849563
31 10 526349 528584
39 57 772536 777331
5 97 702306 709137
66 32 93227 94342
73 62 135530 141203
99 81 851581 852097
22 25 88522 90380
90 55 713046 715333
50 18 761365 765031
1 86 417552 426269
96 93 798426 803491
71 57 480740 485342
43 91 408591 414232
56 100 577599 581120
75 86 288563 296120
6 35 673228 680025
62 89 874560 884435
18 45 226063 228041
85 97 730991 740672
31 85 679181 686219
39 72 196387 200936
64 50 700655 710103
67 10 453882 462943
36 90 69123 78691
12 65 622285 629521
92 24 875365 881712
90 91 997890 999094
17 19 447543 449367
98 20 163074 166796
51 58 147302 151273
23 16 701983 705712
53 3 331579 340928
52 24 431272 440137
11 12 151022 153292
93 32 724464 726478
26 53 857443 863620
29 84 498704 503132
9 43 329788 332255
84 72 977190 980478
94 16 587532 588236
11 52 630579 632829
82 35 642671 643188
2 73 172448 179783
61 41 663367 665706
11 57 946479 954494
51 87 600982 602454
93 86 97017 100908
23 55 718890 720975
86 51 435527 437403
21 96 618000 624672
59 48 878165 880844
7 21 954647 956791
20 84 658829 663919
68 1 644025 645498
55 47 902413 908830
0 62 153725 158914
66 50 660856 666797
10 89 185230 189971
95 91 579759 583181
46 53 355894 359874
62 76 242778 251601
97 57 715190 716484
68 33 526113 528852
3 79 613323 618125
56 87 647789 652105
5 88 788339 794763
49 41 489831 495473
77 91 911682 918456
2 88 253283 258600
75 12 344230 353850
84 14 798788 800658
20 44 948649 951243
19 76 743874 751732
86 50 354226 362574
20 100 859869 863491
4 101 494114 494862
21 61 958278 967369
80 17 811422 815995
11 80 21908 31551
32 43 806253 815692
21 45 188381 193554
16 47 533591 540031
80 16 581411 587446
14 86 957505 961567
2 53 529021 532735
26 76 651068 657617
93 81 467741 476320
83 93 320433 326316
81 91 833791 839617
84 6 153048 157424
54 19 46182 55188
16 2 664885 668619
