19 1632
55 22 460742 462492
41 31 776202 784980
92 15 812099 816708
78 49 919533 921188
60 95 885868 888673
72 13 960023 969753
66 86 612478 614162
38 54 536370 538240
61 87 71483 80228
63 48 77618 85839
6 58 483508 493104
29 25 804757 810146
98 16 281092 286693
91 4 169328 174889
80 52 567535 572464
31 6 553585 556647
40 24 456228 456532
28 6 39579 49475
62 26 375038 384021
68 80 67796 74389
71 24 182047 185296
32 70 16194 17406
71 48 428718 428986
5 50 792161 792708
78 20 280865 290548
55 76 516877 523760
89 23 95730 104087
65 64 152483 159092
15 53 340561 346984
52 75 418164 426777
6 41 841196 847238
76 94 727965 736623
73 19 355430 362966
44 47 91582 101541
88 18 117458 126737
41 82 946945 946985
64 46 661671 662337
62 35 246259 246269
45 94 92606 93939
51 98 101293 109461
1 75 503500 506149
9 47 662602 665840
82 21 465669 468507
24 88 506786 514697
72 6 306449 306905
86 38 729793 733989
18 59 109589 111787
71 12 359772 366250
10 25 409024 412613
63 57 725648 730432
15 75 39895 40178
33 14 96076 100296
31 21 634916 644581
13 35 314320 317370
80 91 436299 441041
18 54 188115 191363
61 49 797145 803355
43 87 25390 30571
39 82 648294 655127
87 92 874449 876857
15 33 413586 421941
10 76 847124 847186
31 69 738487 738699
63 80 967320 973596
101 89 300836 302828
63 94 160603 167655
35 6 889843 895072
35 90 5978 14085
41 9 730964 738034
59 61 828659 829339
57 62 711213 720678
54 15 902123 910160
71 51 793886 803723
87 13 627672 627847
85 94 447729 457149
18 32 281139 282680
63 79 66050 66528
27 96 106006 113955
81 84 95153 101850
30 3 440491 443121
13 16 767845 770706
28 17 975700 985536
72 10 274080 277017
12 89 151784 159896
14 57 552396 557838
12 36 762418 767828
22 26 135191 139504
25 33 618224 619810
20 50 115747 117735
94 79 99676 108759
77 74 553808 555115
43 42 418649 427635
4 69 887653 888457
61 31 211485 215982
60 23 348144 354006
93 20 191987 198048
80 4 448832 457710
99 59 971605 973346
31 93 130968 133504
2 48 115581 117186
48 9 142237 151381
82 85 256930 265471
72 58 675598 676561
92 10 192505 198646
88 6 165772 171718
86 91 24635 28257
55 66 327466 333197
2 5 654804 657733
0 100 57312 65213
7 42 772328 777834
33 64 774125 782231
13 65 332954 333696
1 85 760766 763528
32 68 699043 701311
36 62 729510 730667
48 71 182221 182336
2 37 565841 566406
11 87 961267 965343
22 50 697539 706301
83 62 567692 571828
101 74 528165 530192
45 101 168956 172412
63 81 192321 199080
33 60 843717 844430
68 55 548051 556555
68 98 774146 777449
78 88 654280 655744
82 94 387544 388082
73 39 467434 469031
18 49 855811 856517
93 59 953874 963520
29 77 513639 519261
52 99 605564 608870
82 101 892209 898100
25 39 605340 605649
32 35 746086 747605
76 36 189223 190828
28 60 888799 896279
45 93 252846 259313
28 26 365516 371185
28 95 714059 720124
38 30 989682 998972
75 24 350656 360630
37 56 138102 140628
48 92 127910 137665
91 43 808363 817117
40 81 871100 876964
98 98 810633 816070
25 42 847787 857063
34 66 974986 977612
57 89 457465 463316
85 39 260374 266315
62 2 32246 32428
62 4 486635 493709
26 50 353642 359883
94 28 725301 730661
13 70 236853 245418
19 86 805705 810720
83 3 187644 187655
75 28 883957 891235
61 53 447751 457371
47 27 341272 343862
29 37 753344 755647
86 48 744108 749893
14 45 730555 731692
84 97 375227 382686
31 52 329493 339001
16 33 856187 866143
37 84 759961 762927
66 79 73775 76408
62 14 576485 582384
56 18 567423 568483
15 20 886348 894813
89 9 152278 156577
22 39 505887 514167
52 84 414808 420013
68 19 600917 608927
5 63 449178 454227
7 36 574485 576432
3 19 354099 354223
2 71 313060 316860
84 8 805672 812518
5 66 152699 162650
90 14 908512 911493
92 67 653876 662750
13 100 2800 2857
67 73 605095 606044
63 73 962206 969641
42 37 929193 932195
50 54 677254 685841
78 14 346669 352208
71 91 485149 485954
51 31 836682 838700
86 12 387083 387377
64 10 728966 737232
79 48 419122 419571
64 34 513244 521329
30 63 453813 457876
80 64 908235 913993
79 33 552104 560121
81 33 621946 623929
56 63 440599 444749
6 92 936114 943823
7 99 166963 167655
73 29 623082 627401
100 100 797760 806488
75 100 848492 852066
61 56 721683 724579
32 53 609778 611426
100 99 220244 222522
38 57 591590 595233
9 71 166292 173733
15 7 980385 983230
30 56 228387 236550
8 55 932524 935499
40 53 981277 982904
79 20 519106 522073
18 18 127556 132294
46 14 183687 192692
73 27 541432 550689
74 34 31372 31409
96 77 28093 33517
66 9 797206 804884
20 83 561089 565201
48 57 628408 635644
25 7 944374 951569
9 53 503115 504724
60 32 553327 562894
70 100 551080 558898
25 44 856195 860810
82 89 407070 407991
58 0 952329 960851
85 47 9939 16583
95 54 979699 984586
30 67 554728 564628
63 67 138323 142471
97 24 519950 520818
23 63 996356 1000209
98 53 658046 665656
54 0 875218 875856
53 6 120865 126559
35 51 935285 938036
16 53 359183 361340
24 53 128287 135807
43 13 528891 530436
50 39 239109 244222
29 62 744971 754926
33 13 269720 272422
37 32 509368 514817
47 99 143601 150482
68 89 684138 689763
53 40 994042 1000223
84 83 840234 845738
35 5 527895 537577
14 26 802927 809164
49 20 743698 743847
37 101 827285 827769
62 20 472216 472674
93 42 402212 410671
74 99 44283 51656
58 1 801198 808931
34 7 837065 846268
55 11 336062 336583
101 39 477193 483585
43 68 580006 581262
83 15 523146 525937
6 69 175585 182364
43 40 896569 900668
32 98 632020 634870
70 26 559020 563788
2 58 260403 268572
85 4 224973 233934
30 44 204113 211820
67 46 361355 371352
78 38 586859 593353
7 47 557562 558209
87 21 760654 764412
30 15 821953 823791
92 65 661401 669996
73 22 75183 79915
92 75 914318 921142
44 43 273780 274266
1 16 675031 683231
44 89 59280 62770
89 99 313967 316091
87 96 25193 31852
76 34 570604 571222
80 81 122176 123022
66 0 530988 532129
9 57 935713 940378
75 34 246636 249289
1 87 539479 541994
16 82 674355 683315
65 69 397264 404272
15 43 990611 993357
91 21 993228 997942
57 53 742999 745670
4 58 311585 314682
68 20 185823 191573
4 9 208690 209417
20 45 55295 56248
30 72 563588 567511
21 95 540404 541615
91 48 398239 399228
29 90 539432 542434
100 35 708770 713324
68 68 814974 819559
81 13 813856 819304
42 48 44410 50197
64 71 423640 425109
22 40 715408 718634
22 79 797973 806448
61 7 353079 356168
11 5 846988 848201
36 40 14982 22671
2 15 471670 473522
94 57 317712 323085
11 48 520854 521481
56 0 612397 612717
46 21 8443 14423
65 91 633431 635169
68 44 736037 738558
9 35 177438 179468
17 46 551001 554722
39 34 952602 954326
37 57 123479 126451
16 24 763537 769187
66 11 634673 641705
87 75 967395 967658
58 64 510829 511583
90 87 786862 788084
78 97 41276 42676
10 78 411759 419070
58 39 414539 414714
85 3 602471 607939
45 31 284964 293104
38 89 725995 726238
78 77 315952 316094
94 66 720667 720697
87 38 507122 516212
5 84 47928 52581
40 78 330956 336645
44 23 194633 202016
75 6 812369 819466
6 54 842035 851581
50 75 896103 902752
38 20 915929 920810
98 1 516824 526073
72 39 465573 473423
65 43 396300 402514
87 86 858494 863883
60 7 805443 813804
42 40 575373 580746
56 55 343741 352102
6 95 764990 770648
8 76 981215 986024
12 8 426175 431984
5 7 380464 387125
9 88 13273 13343
94 12 931512 940459
74 89 851570 857610
18 91 648561 654927
43 21 298951 303731
96 59 515492 520344
39 84 636707 637894
38 11 908623 915493
77 87 518461 523428
4 28 968597 978532
33 76 922129 923545
9 4 859217 863537
82 49 784722 793355
36 99 906287 910665
29 21 431520 438895
40 3 840061 845064
73 66 761080 770733
36 53 914391 915612
43 59 650240 660079
82 74 654923 657354
18 14 67820 71078
79 47 597602 603790
37 72 397313 401702
94 7 529877 533844
13 7 364169 372212
48 38 92067 97849
4 97 463184 468563
7 30 406759 411521
58 58 383801 390864
99 27 81106 88245
90 76 839408 848918
39 46 839173 844589
5 4 692916 694505
44 87 299646 300921
85 65 418023 423503
78 5 714610 717620
15 31 447110 449836
45 65 363672 365091
81 22 544205 553442
51 65 737175 741081
48 98 332396 334618
7 27 214194 215943
26 3 626582 632120
37 33 854220 858736
65 101 86702 94567
33 73 702587 710366
42 67 529112 535644
5 35 799307 800328
100 0 184958 194288
86 99 289688 292579
5 58 477618 480254
64 57 312242 319018
87 69 672066 678369
67 95 644739 650243
63 63 11336 19912
75 0 608762 612214
36 64 71308 81126
55 100 255424 258699
31 22 66748 75487
92 93 890277 893725
13 1 481438 490243
24 101 878424 881764
19 93 746002 752656
43 53 439843 448820
31 81 899506 904824
80 15 773517 776829
77 50 413420 421336
28 27 81092 85544
33 22 539626 546691
40 89 303666 304470
101 58 785225 785938
4 31 980327 986300
16 67 885044 890087
70 60 105035 109315
49 99 661369 665456
52 79 980859 982330
99 45 866623 872807
51 11 662664 668278
68 10 602765 606286
18 81 481613 487800
53 101 686289 687446
63 74 486574 494206
10 13 294240 299702
14 98 95416 99312
45 73 343186 350066
60 36 352209 361258
70 2 585650 591977
46 61 136035 138672
6 18 680598 684444
21 45 23558 30754
84 95 513098 515837
50 6 731511 733747
55 16 55552 59592
37 95 205540 214318
84 34 33419 35019
14 2 624569 630598
33 27 1242 4368
44 1 191884 196150
37 11 361713 371460
69 11 931402 931432
16 37 229190 233909
31 16 864256 865126
4 84 909428 915406
58 37 173581 182621
28 88 2703 11646
42 21 985323 989843
39 72 744328 750721
101 82 601361 603879
37 37 778237 780876
64 94 616988 622685
2 1 210182 217001
88 37 587415 589113
86 34 227051 231857
49 29 322280 331745
63 52 499321 505633
62 21 195205 203055
52 90 497476 504133
63 66 279318 283019
73 14 796529 805971
15 18 577575 581808
2 73 241340 246899
5 24 141770 143778
5 0 562651 570317
31 80 827275 827723
71 62 381606 383665
27 25 829875 830868
8 32 936062 940147
21 20 614249 615581
36 50 375676 380404
30 17 168950 176660
31 66 662904 668558
3 53 277410 278465
94 93 25156 29810
5 38 887947 891753
72 94 133488 138607
88 49 554668 561882
90 98 624287 631569
12 43 439710 441500
36 59 371305 374367
58 98 372937 373414
40 16 518603 519945
8 80 596655 605647
81 77 910329 914492
55 55 797627 800991
28 85 85218 94587
50 38 576052 577429
69 52 486363 489756
11 68 585775 590445
76 52 852033 855908
74 78 471258 476164
92 45 530854 539288
6 16 463422 467682
68 39 429101 437145
23 6 924560 925577
29 11 780879 786481
88 34 197293 202291
30 51 230026 237359
3 42 565043 572725
56 73 104333 105272
101 98 979850 985715
12 23 444395 447597
100 48 76871 78230
69 67 691833 693448
63 71 907763 909670
99 72 384061 391358
89 56 176585 177594
23 86 594751 598216
93 24 60677 60953
18 60 213664 216622
34 75 864361 873957
46 56 415845 419048
71 90 270695 271318
92 47 988699 994886
77 45 877407 878897
92 64 952344 960801
83 2 527784 530472
30 20 920504 921398
24 46 124149 132019
83 29 620447 624954
5 73 224662 229006
62 1 479149 486222
98 85 602825 611605
51 45 225534 230057
81 75 91652 101484
26 1 158734 162184
95 18 522559 531654
68 100 658590 662490
37 46 809008 810892
13 32 517284 525003
61 15 98558 104033
42 32 67068 76548
16 58 970921 972868
4 89 981771 986591
96 86 101955 105155
51 95 516467 516625
35 77 536702 544017
71 74 41130 47341
84 73 272382 274153
60 11 191032 195695
68 66 940298 945745
20 25 198903 208234
41 87 953769 961202
101 5 671720 676412
100 11 936179 942048
90 85 560640 562535
15 22 358906 367980
21 52 240302 248590
41 28 537996 541165
7 1 14041 18412
33 65 792998 799827
32 83 11384 11697
57 81 718908 726267
92 95 22394 24238
34 24 984428 986932
70 8 823776 826189
86 84 680674 683367
16 12 749402 753478
45 95 824208 829774
9 16 794952 797344
20 65 15347 22126
79 18 295639 299372
9 59 551242 557362
74 56 170910 177385
58 25 750310 753710
65 33 824921 830058
76 45 466340 469808
8 25 587865 588153
23 87 706434 711693
35 62 667062 667913
17 88 278691 286613
42 54 487508 491536
55 52 729947 732892
12 71 420137 420562
17 100 272538 278458
59 85 488710 492971
53 70 584200 591827
100 98 262345 269877
4 1 556197 559641
19 31 728470 731312
100 21 267797 276434
40 32 630125 632294
90 72 625689 627134
37 26 34096 39617
18 47 332122 334379
91 33 232714 236689
38 93 988719 994512
17 13 264851 268168
60 46 228810 230819
0 0 617686 624861
55 44 903873 904971
84 78 148492 152363
49 55 329870 333547
1 57 86102 93823
71 42 899689 905878
25 17 71770 80777
34 48 835048 836767
3 18 98756 103480
68 83 752725 756296
4 76 482509 485111
27 50 579173 586812
12 38 956678 961743
62 34 511444 513110
59 48 381214 382016
77 91 854897 857601
8 23 718959 724392
101 6 129458 129676
0 77 792879 798610
89 54 558737 563768
38 7 457096 457482
63 61 888037 893793
56 92 261632 270981
99 70 719915 721688
18 62 85917 90743
81 57 478738 483435
68 34 802247 805666
89 38 350116 353109
25 18 177395 186273
50 4 37606 43537
86 27 731256 734215
54 55 114173 116875
34 36 28111 32738
10 68 551733 556842
20 17 755189 762457
74 83 724959 734815
36 32 574986 577089
38 16 899485 908149
37 13 107902 113021
92 37 773401 775162
77 75 231891 235708
50 12 936954 945324
66 42 28952 29545
11 29 950944 960200
82 8 110709 113094
85 16 534423 541467
16 19 97085 100777
6 70 572185 577858
33 72 204984 214826
18 101 565863 572341
74 57 29396 30862
35 97 881253 881957
0 1 786998 790998
43 19 602859 611798
86 28 396690 401148
21 39 446586 452199
101 28 738748 745271
88 12 950903 956565
84 39 860122 867742
69 99 686492 695133
83 50 687191 691089
47 29 687796 693062
99 46 859494 861592
33 5 849613 858700
20 4 205108 213790
48 2 31941 36075
67 11 416672 425140
0 39 243942 251751
39 5 867673 873743
34 41 87612 92870
26 9 270991 273224
33 32 739609 742353
75 58 798519 801552
88 70 166398 176129
87 4 674367 674750
85 83 752840 753807
4 55 215701 222544
49 25 6665 16483
24 15 563060 568579
36 65 774048 780998
53 16 364330 366635
99 11 541508 544442
2 68 852110 854185
16 55 318934 324851
36 16 960543 964618
29 92 151560 160650
57 8 499504 501349
13 66 223298 233244
13 34 35309 42792
51 55 570354 577882
50 27 18192 21612
77 30 304037 308656
44 84 270257 276838
43 18 262104 262774
87 49 631441 637245
56 67 276923 278861
54 40 859818 861152
13 55 759108 767026
62 44 195985 196867
69 70 617372 620278
22 35 779044 784756
35 3 455324 459817
50 65 245582 248064
32 72 567538 574425
32 50 526627 529360
38 70 326938 327408
86 89 442983 445066
44 44 874907 884027
68 53 136245 143424
35 28 470022 475878
68 8 827470 831019
84 46 462661 463685
48 85 510651 511743
88 64 779220 781174
58 81 738944 748867
58 50 458137 464483
89 39 520578 521919
49 52 625672 635286
6 99 851336 851395
5 81 979910 986390
8 39 168986 173454
8 82 963682 967951
89 21 165085 170811
85 27 860424 865821
25 86 473317 474499
75 54 950340 956722
88 60 477429 484778
60 87 356748 364087
92 44 685499 689529
92 54 103206 110659
57 54 387985 397574
67 86 156125 162520
54 97 426078 430770
33 18 691222 699167
56 41 882065 883658
80 23 941262 944118
74 41 294333 298410
37 8 206759 206900
83 87 219921 224935
14 100 682566 686988
24 28 524174 528362
50 73 628622 629188
35 14 299811 303049
76 11 20043 21460
15 26 948624 953833
62 55 77889 80865
97 20 119991 124879
87 83 166110 176062
8 36 841582 847564
54 39 876662 881768
93 28 277975 286191
28 45 255616 258180
67 89 91377 93867
54 22 809366 812607
101 56 104831 109364
53 62 419904 423358
15 83 585497 593953
19 55 972905 977623
83 96 369761 378723
40 69 458703 461572
71 0 41661 49517
2 49 535584 540561
39 31 443756 445472
98 77 431534 435470
50 37 641639 648640
22 47 514868 520613
62 74 16165 18604
46 55 287544 296157
74 88 948314 955453
94 97 525276 532296
40 14 726019 733267
83 98 717664 723140
53 9 71199 77098
36 39 766288 767357
68 87 281265 284021
64 66 792925 796085
50 25 821553 830961
98 62 785350 791613
31 42 976577 977110
77 86 945198 953569
14 22 223157 231130
33 42 359986 363127
5 20 74348 77921
98 8 407100 414777
25 88 582134 591531
33 1 592118 600240
77 72 11036 19447
93 69 411459 418933
11 63 688241 688360
94 92 214079 221242
75 9 283834 290729
66 14 596961 597876
70 68 362915 363947
80 19 368837 372745
96 50 399048 402453
78 74 244120 251799
66 74 645974 646569
49 9 958277 958877
88 9 981183 985476
79 12 923971 930307
61 16 485706 494250
17 59 521789 530089
41 36 742547 748290
27 38 900767 905501
68 72 771469 779206
55 95 919943 927273
82 45 482585 486532
45 25 192915 199921
49 78 369454 372378
48 40 938477 942581
96 20 528965 536381
30 88 466259 473417
33 63 327150 327824
0 30 687404 696966
98 12 488080 489444
0 10 125504 126116
28 18 942521 950209
24 8 911408 919544
59 56 455648 459914
5 33 61530 70038
30 59 268207 268610
62 81 303195 312336
87 63 689430 695408
20 93 269172 272762
65 1 396835 399680
70 70 201809 205732
46 64 997745 1004925
41 97 406960 416164
60 64 931042 936122
81 35 150119 151541
37 67 780516 789097
47 72 211663 218244
23 96 588256 593640
0 12 61154 68689
68 21 347951 353340
55 21 400465 405256
35 13 432253 432881
58 38 84643 85156
39 30 527436 533015
65 63 625124 631175
12 26 557784 561344
26 82 757225 762919
31 14 985499 989915
101 19 545966 546512
63 21 608479 610719
51 34 247955 252968
69 15 709740 710756
39 86 589504 598667
34 14 551974 558148
53 85 499269 500023
35 67 462792 467050
7 40 128227 130547
48 37 273646 276998
60 100 586160 588566
5 34 271265 274397
29 87 171618 177763
51 51 255641 258081
35 64 203901 204644
19 16 807786 813135
13 44 287422 293838
30 7 399946 403933
36 26 456729 465310
61 51 210495 217958
94 78 18115 25298
22 80 382669 385342
43 2 628858 635951
72 34 612468 615532
3 29 149490 150369
92 40 547331 550306
92 38 517682 524609
34 55 593752 600229
95 85 682446 683378
57 69 323865 327362
31 40 175473 177518
12 86 5616 10510
7 88 230592 237143
99 48 778048 785466
10 64 883297 889989
58 9 412846 414735
5 48 67329 76466
95 88 279856 282989
11 43 518862 522680
13 50 753115 759194
36 76 791640 799959
52 57 433301 437759
35 75 920495 926703
82 0 926870 934282
53 42 558607 563296
26 94 173133 175318
33 81 113995 117187
100 97 156369 159005
82 4 489379 490715
24 51 22065 22960
12 49 486944 487621
9 48 217427 221850
3 20 122321 125817
80 9 758959 763577
28 58 162731 171865
77 56 918251 924084
22 25 783261 789831
32 22 629699 637174
22 84 597712 599716
29 85 578100 579927
92 30 753531 759648
73 61 373012 378527
67 72 840822 848520
37 98 732295 735918
84 92 697129 701136
70 19 907293 909274
28 70 375123 380978
46 66 875508 882027
67 82 73571 81450
50 15 58648 65708
20 3 402517 409882
38 81 74214 75381
77 62 387376 389651
94 91 977332 979124
48 1 114509 122179
11 26 691559 695544
90 20 46564 51469
76 33 998375 1004010
10 66 694216 697646
4 25 963455 964938
69 71 573727 573833
18 53 498515 504374
18 42 550520 551436
42 58 394193 398076
75 89 490145 496072
16 76 944364 949949
24 77 508263 515482
15 77 212441 217368
76 50 198716 201275
21 96 733851 742151
66 25 51187 57046
60 70 23736 31696
15 55 766618 774939
57 98 32035 41026
24 93 260136 261253
76 85 254204 262172
69 0 642147 644861
50 98 976091 977355
2 54 390095 394780
72 2 484997 487106
87 54 108927 113806
98 67 818276 820006
90 38 134958 141721
97 9 728126 728762
49 54 330983 337087
84 5 276844 278707
49 40 451579 457295
60 12 639599 642786
57 57 12716 20977
7 0 606561 614680
50 21 399191 403436
27 2 982630 991097
96 85 870161 877409
91 2 217124 217643
90 44 446175 453602
4 19 968883 973771
68 63 344185 351571
56 68 165661 171042
10 52 500679 506243
61 98 415092 422236
70 31 841343 845752
91 67 411064 414199
94 95 913050 922986
35 4 261356 266498
74 7 169073 172698
49 61 119219 119858
41 66 661396 670651
43 70 8023 12800
47 98 14944 22600
32 80 1102 4861
62 97 629759 636813
83 97 353065 355714
26 99 783717 793223
90 86 686567 689109
86 10 996754 999509
10 47 897858 904795
0 56 899679 907217
30 14 909396 916692
30 58 82913 91639
23 54 50354 53943
77 18 931242 941169
45 89 645621 649927
101 49 323900 325210
12 68 895341 898456
68 91 274719 276730
65 72 771883 774395
72 7 766504 770519
61 83 722780 722803
44 29 13684 20880
61 2 629606 638620
29 69 225208 233187
21 25 64173 70518
29 63 42909 43079
20 71 156794 164131
25 99 749300 749615
98 7 399605 403365
36 60 513136 515129
65 39 167353 169297
1 90 983616 990472
100 65 272482 279660
28 9 159884 168721
60 77 66770 75036
31 77 419688 426063
28 84 8437 10492
67 69 425865 426934
49 44 908984 909354
43 84 626956 636285
17 22 687822 692059
86 60 381047 383843
20 59 466147 471899
5 18 860506 866188
43 61 308843 315853
14 44 430793 435989
76 8 545419 553650
42 83 163868 165814
62 59 691606 695253
4 78 921521 931346
16 11 689981 690026
44 91 424783 434162
56 15 835053 837234
9 25 72336 79990
96 7 971420 971894
0 29 914944 922407
26 35 352916 361189
23 13 92848 94711
81 71 927378 929591
11 92 895372 901957
46 36 255627 257252
101 16 296731 300965
97 91 159022 164120
78 24 352235 354497
93 1 519222 527471
42 97 105412 108507
53 0 927911 931995
60 35 197686 200939
34 45 99277 108529
75 38 142199 144179
7 41 559383 563580
88 24 564437 574146
39 38 515573 516175
3 79 929374 937895
40 5 201236 202839
23 32 492350 501609
27 62 858949 864558
5 29 311991 315919
85 5 694593 696304
33 68 961428 964290
62 7 331439 332942
26 80 104960 110956
14 24 449660 449929
48 55 771597 775917
47 17 574066 576454
40 63 2563 10032
50 81 105374 109862
41 80 530434 535102
23 55 680837 690528
17 53 409755 413866
35 8 703119 708677
12 4 236567 239124
48 78 695914 703942
97 43 974006 975717
29 15 346508 350972
52 1 500848 504964
61 39 643063 648352
8 69 524041 524320
57 9 290537 299457
56 12 899878 906187
4 24 112614 112905
28 81 692289 701800
81 78 593956 598187
90 82 452409 455324
13 98 868713 878302
91 16 403830 407553
8 0 350408 355670
1 76 551504 558424
72 35 300141 303198
70 15 676259 678593
86 49 415067 416306
68 6 514693 524168
95 99 997304 1007150
53 65 955627 964674
86 97 436860 445401
49 86 146072 155858
92 17 883531 888210
67 68 464304 469146
100 62 962641 966225
63 64 202458 203881
93 66 554275 561254
31 28 762764 769916
87 100 26089 33224
88 95 798192 800656
91 55 325319 327713
18 86 437249 444671
87 76 233086 238881
100 92 192873 196282
79 25 48913 54725
93 100 363474 368580
53 63 86189 94642
3 28 953656 957821
28 24 278950 286542
98 57 81693 83217
78 101 957882 964482
75 60 399844 402965
69 47 599057 603304
98 28 244249 249699
63 59 507280 509973
53 57 464080 470199
75 22 724969 727795
87 35 745831 751539
65 6 153530 158641
90 54 766008 771969
84 63 997213 1005524
56 60 693848 694811
43 8 931098 937111
67 48 105609 107265
56 1 317208 322720
77 4 243534 248371
16 74 379036 383479
92 29 484079 490817
28 4 981451 981857
39 9 783542 792400
35 46 728901 731508
17 91 471302 471773
5 51 506088 511603
94 83 773397 780627
51 12 647023 648011
24 25 433270 441955
37 55 87801 93790
22 16 495812 501446
0 63 968400 974606
28 49 385936 386535
25 60 102827 112515
79 96 735325 738649
4 50 470131 471193
14 13 948530 957691
18 95 979250 983894
41 22 152887 158731
83 9 56904 58503
85 69 13062 14919
1 52 752021 754325
77 93 82560 88671
81 61 874709 879217
26 96 653773 657537
4 88 608352 610852
86 52 913758 915244
39 3 896768 903296
90 23 613707 622617
79 94 778043 783822
31 32 84365 93065
71 97 447630 452751
19 59 927671 933807
2 11 104888 110761
48 16 43430 44064
64 19 373915 382024
92 13 215639 221711
83 99 508523 517765
54 52 404011 407634
2 53 213009 219155
44 68 973301 979461
60 56 46150 48706
11 20 848604 853877
7 46 503383 510470
12 94 13365 14147
34 65 197058 206234
88 99 19688 20521
97 82 977616 986397
64 95 793110 800824
13 77 3484 10407
47 58 656565 665714
76 54 251527 253040
13 2 399785 404265
94 42 239439 242351
50 63 239275 247221
29 23 968724 969631
101 20 366850 370080
89 32 477982 487602
56 52 86711 89240
61 17 357630 367515
54 86 562747 572460
67 99 985750 989675
65 40 335746 344124
58 61 919153 920298
81 1 774483 780403
23 26 182364 189240
40 6 253651 260423
53 96 803038 812975
16 49 846521 855765
87 22 377473 386831
30 25 738118 747787
38 65 768106 775672
50 60 896107 905025
61 88 473707 481729
38 97 404568 414421
38 52 164035 166469
25 3 972720 982384
60 88 293457 301356
43 66 2739 10184
35 43 216606 219657
11 90 3611 13267
16 1 949347 952759
93 13 518607 521987
64 96 204830 205696
97 0 996235 999228
16 15 29384 32050
83 18 37600 38125
47 41 103534 109215
18 24 623047 624773
59 65 581172 584636
21 19 266741 271312
15 97 129090 136947
38 66 468059 471129
97 74 873186 881041
80 61 999009 1002744
73 78 752806 761453
12 63 540508 548473
30 50 797215 799250
99 15 752835 758954
87 16 5906 9014
29 71 604981 612013
68 65 131659 139740
0 49 515118 519445
4 53 802425 802848
51 73 848811 854674
51 71 856704 858885
76 79 736768 743071
73 87 47705 49269
9 14 777976 785338
57 19 326500 331345
45 28 744278 748084
101 44 726081 730392
65 85 890517 896546
41 81 995661 999589
68 50 404824 411369
62 36 865104 868917
18 9 72576 76129
96 47 649949 657575
63 69 668995 669405
36 7 376914 383300
97 4 28613 30049
32 46 23404 26376
80 30 453256 458556
33 46 534619 538756
18 27 204240 213064
60 14 685331 685755
50 52 966672 968772
21 11 771199 772424
99 0 360699 362303
71 35 325038 329003
76 91 158037 159274
23 56 219486 223357
98 4 954252 956098
72 59 966940 971031
68 14 187100 187331
66 34 130818 138794
64 25 645170 647790
84 25 415511 424047
8 29 290379 294304
0 2 692269 698013
44 40 397908 399647
13 10 857360 858144
32 71 135018 142046
55 79 360711 362540
76 88 538034 544497
87 15 954069 960435
60 73 689504 692416
23 62 958272 964899
80 65 910052 914705
35 33 493052 493516
81 92 238394 239779
5 61 23817 26047
95 39 283614 287095
78 12 333896 340522
30 61 693017 702329
82 31 694949 695265
38 6 176419 183474
70 13 317545 319495
14 86 473037 474820
65 50 691395 692531
75 2 657310 659894
56 4 501437 504224
48 68 888718 890923
36 46 40450 46402
61 14 428621 432731
71 79 101637 108494
95 27 891913 897070
19 76 106322 112014
1 20 35654 35905
90 24 218852 224210
79 22 75647 78226
4 56 283716 286003
85 30 334444 335484
29 29 610063 619681
3 39 305074 305708
64 21 423996 424918
43 36 341702 344039
42 95 998143 998914
75 43 246484 246820
59 100 175634 177489
34 84 450354 452501
43 85 399500 404130
98 66 951862 956864
96 71 8716 9012
47 94 554591 563372
5 93 816058 821153
46 8 443611 453426
73 52 73422 76468
88 44 956801 962246
79 10 247218 253769
1 47 350620 351966
60 92 799205 802947
31 41 351666 358317
74 67 73027 73239
69 19 435315 436680
1 24 776378 785165
14 90 957181 962851
8 83 885483 892205
44 54 417263 417430
89 70 871603 880820
29 42 415091 419062
83 14 880056 881192
60 79 188703 190272
25 13 677539 678571
36 22 698124 702200
47 87 303368 313176
89 43 679547 683969
68 82 621818 629443
81 89 266561 267582
34 30 316865 325901
93 53 937144 945666
88 8 331974 338258
19 35 930604 934773
86 72 910572 913247
50 92 116472 124303
85 67 326526 327974
45 26 294008 300472
44 18 932240 932655
76 12 315339 323582
10 100 293462 295781
68 31 769658 778596
90 36 419316 419748
5 82 954748 964738
15 69 837697 845730
25 35 275917 276665
57 87 358461 363436
45 36 812968 820456
16 44 449594 457716
93 10 785543 793730
94 15 499823 502244
60 83 741869 751713
83 86 412028 412700
45 57 359146 361521
39 26 923762 928776
57 88 753461 759728
9 81 485095 493297
8 54 29299 31353
58 97 975839 982679
43 26 98346 106388
14 10 216199 218224
43 73 594881 597173
80 100 327811 330164
7 92 900644 903710
69 60 519079 528284
80 7 653858 654952
96 68 399329 402021
87 31 569127 573087
95 5 730605 740591
69 33 163048 165345
20 64 764709 771923
53 23 437482 446282
72 36 791474 800108
2 2 747591 751770
6 49 393295 396135
30 34 869007 869610
90 0 301409 306169
37 27 728650 732384
44 56 535834 539025
11 28 298033 298610
60 75 980285 982385
47 57 652425 655238
16 81 273662 281491
28 34 675454 682958
46 1 944996 948916
15 68 234113 242422
20 98 583214 585729
51 5 953270 962451
37 58 770130 774162
100 3 820274 827633
93 43 892402 901683
101 55 53173 58492
57 26 851871 855852
38 99 727187 727232
17 60 243618 246400
0 71 447306 456755
28 94 581163 585242
57 56 421751 429843
56 31 137372 145753
25 1 351622 358622
19 2 177775 178260
33 28 275742 284085
43 52 526119 529366
73 26 534332 538489
2 42 414867 422983
40 26 340361 342488
8 20 588885 593728
26 49 982954 984259
89 22 341044 348278
27 92 154735 157820
10 93 676012 684976
32 28 256151 256208
18 94 693083 698778
70 5 991161 1000468
68 15 717526 721289
1 25 193951 194988
96 56 184443 184464
19 78 328880 336510
90 96 242835 243438
34 6 658536 660120
38 40 906271 908570
54 67 482855 491204
97 28 465932 473584
97 18 221984 225805
54 14 19082 27107
26 16 559853 562421
3 12 694465 702668
9 84 993626 998359
37 87 876465 876527
71 88 618754 625815
78 80 832961 833094
33 26 28166 29264
4 22 92724 101080
9 15 771674 780698
83 55 109043 112461
16 34 93713 100955
38 92 738657 745590
30 1 79164 86036
30 24 423974 427066
73 2 642392 643656
54 18 306815 310504
21 15 309791 318924
87 44 586803 592348
18 92 362341 368733
94 77 778415 783640
96 14 358411 362960
37 53 408027 410098
13 75 717820 721534
13 20 165856 166195
0 80 401146 401876
38 100 422124 424426
27 71 243376 243501
87 58 170706 175831
61 20 269571 275262
82 34 227646 237403
31 53 17886 19331
19 18 891092 899026
67 66 902137 905522
53 13 163610 165668
5 22 544927 554086
6 63 142240 142494
55 47 385750 394531
50 74 105193 105517
95 76 499225 507565
63 101 413219 418236
30 49 915355 921313
24 35 447665 449336
94 43 90301 95960
87 61 771177 778973
73 16 258036 261535
65 89 308021 313381
25 30 630795 638316
46 84 647287 648631
90 81 362650 367620
32 82 851737 858817
100 2 780098 783282
30 70 641656 651386
73 62 293264 296640
80 67 746202 754926
18 56 858960 866770
40 44 971744 975643
6 51 791999 798031
43 69 791478 794604
69 89 667930 673079
98 68 952840 953617
30 100 583412 590054
1 5 947541 954965
48 77 644032 651643
88 2 450164 451853
47 7 517566 520230
75 59 598031 607448
81 32 539349 543798
27 52 884159 890677
52 85 784522 791652
38 80 185939 195610
57 14 569250 570865
31 24 497446 499379
71 3 377670 381970
14 18 655993 665023
1 46 857210 864655
64 69 182913 187535
14 36 974689 980806
11 88 729915 738440
68 37 486965 490177
84 28 596217 602013
82 90 205871 209537
77 81 975577 984062
55 81 411787 412651
30 85 751845 758944
8 88 679231 680530
64 12 253882 262296
27 26 455731 461086
85 90 517080 524584
35 40 39716 49148
52 76 999453 1007388
82 70 659517 668986
90 16 140524 145513
6 79 701793 711355
56 99 350163 358171
51 89 312726 313111
82 52 643488 647125
30 42 540792 549328
39 59 330123 335736
15 29 904001 904894
57 95 688924 698067
92 91 903803 911872
11 93 253902 256437
65 45 734965 741927
61 5 804118 810427
31 38 880891 883534
7 16 593101 594910
24 97 868124 876857
58 10 346878 354549
91 9 627174 632580
61 13 963443 970635
67 8 762062 765888
71 41 16626 22334
21 29 962199 968631
58 40 36779 43516
17 33 967720 968199
16 72 495181 499599
58 16 481428 490797
101 69 9736 15460
6 5 756826 763219
1 60 595434 599537
73 13 551448 560352
60 59 4882 7729
66 30 748556 757081
84 61 513416 520949
42 50 152342 156707
41 20 225897 232168
81 21 466397 476220
51 10 554274 561047
11 6 360487 367615
27 54 824888 830747
88 52 510489 515507
64 49 997347 1005254
10 0 737203 742659
31 75 46540 52653
14 87 882965 886637
74 18 833174 840698
16 91 323522 325535
54 78 691994 698571
7 18 525120 527043
4 86 806403 809492
63 43 544207 546341
22 21 527912 533521
43 60 781329 786367
90 25 146533 151811
52 95 496539 502404
87 30 17340 27189
32 99 708245 711357
9 63 304320 308688
27 85 236633 246565
92 94 804944 807618
58 91 706584 707535
101 23 9742 18937
63 34 508668 516256
42 74 76630 83396
53 81 198577 203022
20 29 57479 58074
14 62 552151 559394
12 6 430970 439478
89 28 757312 764271
61 24 777945 783052
99 55 262900 263905
99 23 780645 782379
100 93 363018 368779
70 3 910788 914696
63 29 604103 612115
68 42 521998 522276
83 71 676238 677708
76 26 922297 925172
15 11 233353 236157
85 88 20475 27980
22 46 543207 548011
91 46 347705 357469
46 31 404752 409881
43 72 833152 838780
88 74 492471 498118
8 67 705295 706117
22 54 917611 919046
93 8 458318 467169
6 75 728885 730971
14 75 881184 890847
34 12 859962 866983
10 14 601904 609542
35 91 797520 800984
46 100 510680 515205
43 1 603902 610602
65 87 573348 574721
91 63 929042 929922
63 58 397300 405586
44 65 983847 988886
92 81 955549 956157
93 97 306207 307363
81 11 734957 740106
35 60 862323 868533
6 3 587213 594189
69 53 364570 365396
17 58 493055 496883
3 94 885197 886706
45 47 922216 931413
82 11 670956 679807
40 41 916525 921907
71 92 312053 312304
