3 148
0 80 670339 675902
85 82 55402 61042
65 52 883611 887662
41 85 495132 504770
49 93 906302 912023
85 92 666040 671534
40 63 63202 70846
12 8 708036 710520
61 28 531038 531231
39 99 456615 462403
5 66 34394 43668
86 14 204169 206711
40 29 824821 825327
73 45 620934 625003
59 93 824843 834191
28 75 686045 686869
22 86 779098 781253
10 82 959701 960284
86 39 208557 209773
70 57 561421 568485
76 92 899279 906634
82 9 215427 216600
77 0 967241 975082
3 7 264250 270728
7 71 588245 590016
3 43 953335 961283
27 99 48912 56633
9 60 637805 637994
95 82 722880 731544
45 76 322988 329282
11 97 884631 890410
39 78 165217 167264
34 58 945962 954956
64 39 125979 129289
55 30 905637 905940
28 46 562871 564731
24 21 20520 29529
33 101 894113 898486
26 64 95985 97262
32 30 598169 606930
41 69 974863 974936
79 47 886717 894993
94 62 717009 723700
24 36 420775 420838
8 98 834044 839867
80 79 435728 438912
84 65 532847 542534
21 1 497932 499213
89 96 300781 300986
94 52 334138 340652
81 13 363773 373249
33 40 412461 415484
92 37 146524 149892
97 9 469934 479831
80 28 671231 678665
61 24 867816 873970
95 60 58175 63735
38 19 121240 124102
80 1 836179 845869
97 40 831120 833024
23 59 159451 161165
74 0 19345 22180
89 48 631764 636845
27 69 489712 497504
93 64 644486 644788
67 81 464764 469659
28 33 597677 604107
4 65 252087 254570
80 78 336120 345848
47 58 888538 890426
13 79 203174 203236
80 59 965921 968272
35 44 445504 446929
62 18 989418 992828
82 13 404664 406214
49 97 206643 210965
29 64 683983 688656
6 21 848390 850717
9 48 33624 39124
29 6 544153 546405
30 4 574172 583526
56 27 195191 196995
30 100 403297 409437
61 0 909731 916813
43 5 831471 836800
75 54 603393 609372
60 68 691577 697604
90 81 292405 298627
41 73 447556 457165
3 39 385452 386450
43 40 795672 805504
61 10 43914 51815
65 100 289147 294328
12 74 586975 594276
80 11 795157 804075
38 52 719281 722821
41 28 114351 115946
67 8 598745 606317
35 56 18905 22552
43 25 174187 175661
75 100 157528 163728
20 16 63817 72917
73 7 915182 916971
45 86 855353 861092
60 12 55510 59074
4 56 53196 55478
97 22 691830 697460
71 40 942850 945237
98 19 385808 393201
32 95 387974 394695
77 82 645969 649391
66 13 967618 968072
75 39 898694 905742
5 40 928196 934267
43 91 555423 559739
81 90 685818 689885
58 10 113405 119083
98 99 281288 287540
74 51 488296 493270
69 56 551903 558355
59 13 813104 821792
76 88 663285 670456
80 74 242657 245254
91 47 509281 517982
71 17 844725 848444
38 3 818226 825877
82 40 543070 545757
100 12 565644 571582
25 71 490451 494641
60 35 947699 953473
53 13 366668 375550
77 94 517484 519499
29 63 716284 719121
75 17 506852 510236
54 9 528003 536651
6 52 912882 920819
38 98 103774 104576
9 29 958110 963920
5 60 126280 126399
20 47 407653 411768
91 26 733791 734937
11 14 504191 510762
93 24 881251 884544
17 69 652581 654903
41 22 269158 275047
9 14 483880 492059
94 5 898179 905388
62 70 791797 793745
