15 993
43 22 421608 431564
33 44 234946 235325
56 92 27056 31404
4 65 229995 234795
90 13 591641 594536
83 37 698824 707142
28 70 442449 443091
99 52 654561 663266
77 42 582852 586682
15 29 941732 947523
78 95 218087 221075
101 101 921158 923969
14 34 268406 274287
85 78 125589 128720
96 44 700836 709870
50 86 80770 86880
2 36 450433 455021
78 72 47408 55308
71 89 268241 277220
101 12 941202 949143
87 54 678278 680838
23 54 395817 404644
6 10 152562 160475
28 98 341903 343133
57 56 232561 242243
36 86 563996 566940
40 62 866069 868892
21 51 636622 643180
90 84 203217 206145
0 44 312436 316021
27 48 703050 710117
74 14 52348 60005
4 80 599874 600118
29 92 897252 902522
20 47 292017 300013
6 93 180933 185525
86 36 513785 523479
11 72 341052 349270
36 91 97566 100766
70 100 105318 110288
44 6 57167 63327
51 14 745697 747178
39 25 783073 791594
70 24 813295 820881
85 83 947754 952294
30 42 612689 622652
41 81 723943 731898
101 50 666727 668634
53 26 161411 161709
16 78 906410 912181
98 38 105761 111711
92 87 839095 842244
77 45 198211 200054
40 30 476544 482553
53 27 202718 210722
89 38 404600 408978
1 39 208420 215939
57 74 458611 459869
87 46 267770 268739
85 61 677844 679761
28 9 313347 316069
51 66 782995 788332
100 73 259821 261882
53 100 350052 359554
46 10 667243 671412
2 44 461322 464870
35 27 433863 436071
29 86 484673 493714
27 57 209598 211448
27 92 515874 518561
50 84 434695 436653
3 6 927363 933962
78 37 24926 31578
22 27 70894 74439
50 21 614467 616811
51 44 456392 461577
60 44 968246 975461
37 97 874121 876946
82 37 21521 26166
32 72 888741 897538
36 64 85961 89752
54 36 937808 942639
78 94 248648 251834
56 62 751561 756074
4 2 934257 934549
13 71 457975 463886
56 21 456102 457864
66 9 364225 373324
22 2 937934 941178
76 73 248905 251958
54 84 532911 539377
68 96 996795 1002452
7 12 563195 565979
70 15 131186 132601
28 34 33140 42612
52 97 792924 795025
26 27 991829 994752
50 96 27099 27826
47 56 521520 530800
19 1 573893 575699
31 46 419239 422652
1 25 505877 509046
52 10 734412 736674
8 33 930611 931214
14 62 789247 793923
80 69 360209 360386
86 47 108599 111196
69 58 561155 568423
31 17 533520 537789
100 28 781673 788121
22 58 188182 196242
84 85 833549 838819
13 96 50070 55819
3 68 586653 595775
92 14 974206 975624
11 21 738161 743056
73 53 562465 570248
16 67 91378 93367
5 60 497163 497652
69 3 673250 680235
36 7 601945 609395
25 20 341302 350648
69 45 841228 850279
55 49 464034 469802
7 98 655686 659757
98 97 655551 658198
67 45 271163 277126
65 72 793314 801414
82 77 911372 913666
16 12 158944 163522
37 94 603892 604742
6 4 859803 863433
47 51 368066 373102
24 87 646640 648886
92 73 709438 710649
76 27 46592 54386
14 65 590068 593379
101 19 469079 478141
17 51 629435 634164
84 46 404745 408574
30 23 195911 197522
0 91 975921 982952
98 67 972175 977312
39 98 6270 9910
31 27 376635 382048
86 60 604001 608462
14 77 68714 76002
43 2 45944 50495
94 13 961945 971187
66 56 355022 358380
96 66 403022 409025
21 56 905594 907692
33 95 82161 90894
98 60 851843 857760
61 94 184047 189329
29 15 691462 699527
63 17 419442 425539
1 11 295019 302813
77 77 57093 58264
17 33 829249 830612
16 42 988908 996519
54 76 359730 368509
64 44 259319 260997
44 35 473732 474276
72 85 623821 633032
5 23 968228 972594
55 22 421750 430632
96 5 659208 661363
4 81 539589 542935
15 78 183341 191176
12 13 103859 108562
14 7 707430 713044
2 46 288252 290479
20 45 55786 63866
20 25 527375 535660
45 92 765694 768074
30 10 815636 824688
47 58 501799 503662
61 45 855003 855490
69 68 207375 209151
8 27 488281 490414
97 94 328020 334652
30 5 612674 615808
38 61 591968 596467
52 18 86845 95313
61 13 405937 415229
81 59 844974 849021
91 56 874253 882567
89 62 497467 502365
73 60 638763 642586
39 31 361185 370263
93 64 278087 279208
4 7 585000 585093
48 17 979328 982853
83 91 639378 641909
58 92 554526 559683
86 95 966507 974862
52 43 518675 519266
24 72 311816 315026
36 68 858669 864309
95 27 229014 234910
13 37 216312 219907
98 0 249297 255037
44 87 641214 644704
62 25 204531 212409
24 34 865422 867941
49 33 484458 485031
38 6 778242 779188
64 24 111125 112458
45 35 22707 32513
80 34 46803 51455
43 5 760033 764276
5 46 69865 71913
79 78 473340 475199
15 81 605122 612390
23 90 173405 178106
49 51 827071 827435
26 25 248907 249272
24 94 773765 776377
31 28 350588 351489
36 59 616437 622248
76 53 366728 373470
85 20 143192 148189
21 26 308269 317068
37 4 716519 723885
95 25 194640 200785
30 79 630769 639795
49 19 456318 458175
57 50 209448 214021
101 17 736863 746292
54 23 392394 394598
2 7 193446 196492
55 75 408923 410762
78 10 725304 727835
67 82 120299 120473
53 15 351039 358579
88 86 912429 921398
20 39 165629 173306
90 23 298530 301187
35 59 749126 754350
61 23 974585 980183
55 15 436395 444801
80 21 9624 9818
90 6 665215 668971
16 17 525236 529673
51 1 512706 514814
20 56 887042 892622
90 33 538829 539127
8 57 155278 156147
36 89 993240 995758
30 98 450156 458413
45 36 374552 374849
54 99 36710 38966
29 13 641304 647250
55 24 823795 828633
57 19 972552 973822
96 57 625368 627012
74 32 517614 526716
7 53 959992 962024
85 1 499182 508090
61 33 512817 518679
19 17 99936 106707
8 36 810843 818558
19 90 48037 49416
6 48 889119 894514
48 38 99985 104675
49 85 398648 401560
92 91 118050 125391
62 60 405398 409604
95 35 261473 263163
63 74 640844 641879
98 21 965667 968148
45 46 501606 511381
1 53 670742 675288
70 21 622502 625085
64 56 988807 990034
76 48 753340 759909
88 97 145635 151411
26 64 26846 30186
22 68 601043 610964
64 71 172028 178849
1 60 528083 531964
55 98 955023 962927
7 1 946044 947595
53 35 129636 131463
38 53 493377 498960
34 70 507757 513939
96 8 815184 823083
66 101 465094 465972
60 85 398369 401776
8 14 112643 115674
94 0 294348 300720
80 85 28973 33308
68 3 377352 380955
17 67 306606 307649
17 4 397008 404229
58 22 320542 324016
71 19 848421 854502
19 68 352278 353090
25 14 165662 174645
63 36 243573 250846
68 74 186119 193706
41 93 859046 860902
12 36 844810 845743
66 70 923968 924810
79 98 448964 454485
96 9 419458 424369
16 39 303382 311726
44 86 603961 604830
2 77 475334 478776
57 71 509384 509583
18 74 44322 45317
77 79 320331 327843
52 54 677801 679214
31 11 686716 694085
0 33 306341 307535
5 44 399868 403726
11 61 821760 830687
30 59 487919 488176
92 61 421526 429283
61 87 479546 482896
77 0 695639 697639
59 12 83664 89368
67 36 908972 918226
65 19 33616 39462
59 87 589595 592722
57 28 67030 74046
39 47 512872 514304
92 90 901499 907470
55 19 596316 602659
38 83 996142 1004983
47 90 832210 838390
11 74 922370 931384
99 42 858055 863103
3 51 980969 987881
84 16 546837 550212
13 95 73310 79355
86 20 6929 11152
95 57 217793 218786
25 77 942941 952812
47 17 830742 836951
82 54 591788 601392
58 64 301142 306608
14 0 389236 393283
70 49 67667 71964
58 66 483847 492128
94 83 643447 645473
44 44 418403 422316
34 9 503858 506291
13 44 454455 457654
39 42 240704 243859
85 74 258730 267520
89 67 726119 727328
48 5 69351 71716
59 59 852393 856961
93 52 576016 577571
84 45 483916 493886
12 40 926402 930368
38 69 977274 982743
48 27 324002 332478
48 99 126306 135760
12 69 172809 173590
101 77 613400 614803
72 38 624659 630763
12 16 691312 698024
31 25 704654 711550
95 53 557806 565056
54 25 344240 351006
57 76 273546 280401
50 0 813259 822981
85 67 519661 528430
93 20 955043 959246
58 43 867720 871326
88 1 87318 89206
28 2 528937 535644
26 66 399339 408226
72 49 154690 164456
14 36 843166 851236
88 90 396285 397656
76 84 866995 869916
25 32 333300 335111
28 53 545758 554350
61 36 211887 213000
6 77 604393 606992
99 67 5940 14576
45 65 846204 849861
49 12 968294 973628
85 39 684473 687278
48 47 959220 968956
23 46 778438 779495
50 43 949928 951248
35 14 175037 181519
45 18 515437 523983
53 24 228441 237376
16 10 993630 998750
58 94 454221 460137
7 69 755430 765044
12 32 388017 396601
79 31 736745 746480
86 5 704449 706261
21 49 270128 271193
12 53 818383 818716
44 92 710338 713552
35 3 937921 939923
67 94 650103 659472
82 16 19734 28147
56 69 901461 911355
41 66 947616 955563
84 60 137515 141264
33 88 179293 183058
54 33 17566 21463
6 27 280021 288828
93 100 273568 280137
72 20 91501 99565
44 100 930919 940726
11 57 849163 851529
8 72 828196 831644
6 92 774233 780871
14 89 589744 596595
89 10 40647 46595
59 31 206148 210152
79 85 673019 681111
76 13 921761 928553
90 39 307683 315786
71 28 244960 245100
73 18 311855 318395
22 73 12340 12661
9 89 318253 319701
62 39 966992 973334
44 55 595661 603957
88 0 315793 316144
71 18 635507 641544
53 8 988251 994199
9 94 678738 679280
8 16 305644 313792
92 16 368331 376136
56 20 500923 508910
89 75 150417 159289
30 0 737908 747550
17 101 965020 972498
34 84 186582 194669
99 37 334968 339159
84 18 253882 257582
36 99 721552 725202
33 26 177625 186672
11 90 689933 696239
83 49 915572 923773
98 39 110198 119540
100 71 950706 956264
56 77 309788 315790
78 49 206021 208716
7 100 399254 408525
39 99 562303 572030
23 39 736717 737593
88 28 765321 767212
57 68 34272 41690
31 34 186443 195822
78 6 893004 897659
88 82 652554 658145
72 68 627862 635122
52 60 349204 351341
87 38 422414 428601
66 17 579716 589661
20 66 846005 849036
58 3 482780 487325
57 59 397220 399382
46 6 741946 748211
20 21 307233 314835
27 21 676554 683917
62 59 911534 917557
7 75 280636 282420
21 60 571488 577598
71 37 33151 33886
0 76 511860 515716
22 35 445138 449299
17 68 124550 131164
82 25 345370 346264
60 35 537464 541576
18 37 897008 904698
77 53 206739 216584
49 74 52048 54404
73 39 89866 95451
54 88 572029 577897
55 33 527481 530186
61 9 784520 785607
83 5 117943 118810
17 85 978428 979291
26 98 572919 578188
23 42 780811 789206
94 99 248435 255104
38 64 975286 976209
96 75 550922 560169
38 20 817896 819558
14 90 641717 646610
11 98 422651 430166
14 3 583377 585791
39 11 722920 725269
66 66 464978 474888
61 10 847117 856718
63 67 920381 923263
100 25 14834 15743
50 17 818304 821496
22 14 477648 479284
20 89 616871 620417
61 63 467690 475333
64 31 656435 662407
57 80 369803 370792
34 4 798291 805892
27 5 973771 977711
69 34 39152 39625
58 8 207916 212604
34 92 513362 518577
78 65 754614 755400
63 86 493206 498010
37 32 236627 237316
37 83 829638 836804
66 74 90211 96650
3 26 134785 140624
78 2 341078 343474
70 77 534121 543989
30 32 395868 400344
5 78 627824 631397
95 63 246852 251944
18 4 414887 421352
33 42 236172 243685
88 27 697238 706513
41 26 807104 808115
9 78 341094 348782
93 66 92212 92801
73 101 718921 727645
70 95 112226 112316
89 9 616714 625500
73 94 575320 580881
91 41 724189 726609
50 76 184605 188102
67 54 600491 609015
78 56 326403 335565
30 76 55003 64984
31 56 786355 788410
6 79 281854 286571
39 4 796093 799418
79 84 463858 472736
30 51 974331 974690
69 36 353381 362914
76 5 570979 578579
39 84 865438 875012
73 59 825686 827163
35 63 308613 317227
101 97 107409 114058
8 99 331118 334523
42 89 350238 356741
32 12 999401 1006532
95 24 456434 464593
70 41 964616 969914
41 89 834159 835929
94 7 647528 654949
3 33 501808 506832
66 11 51412 57854
49 63 204845 212324
48 79 759759 762961
7 4 509053 511409
20 78 171605 175886
7 14 481300 485628
40 26 936322 941593
40 85 382156 382222
1 62 794054 795071
61 72 36212 43409
76 44 663302 666292
32 68 389014 393727
40 21 790330 796688
45 82 163254 167495
76 52 823042 830731
15 88 971319 973728
72 51 194589 195723
17 49 669308 670604
47 99 876657 877014
28 48 195735 201477
4 39 299908 304275
78 21 718807 725577
18 24 739779 744383
32 2 937568 942312
5 59 792460 797486
64 85 175699 185612
77 70 19500 26228
20 63 480762 485928
28 44 121114 126342
43 44 956748 966564
3 14 722800 723373
12 77 610996 617737
73 61 992686 997397
5 48 140977 143857
30 54 966306 968923
46 22 913879 917484
38 12 612328 618784
40 27 735479 735559
57 52 244893 248014
43 69 454904 459042
0 96 180482 183253
46 90 830567 837191
64 20 515247 518863
77 43 382502 389261
90 21 940479 943949
87 95 7547 15544
55 44 254418 254862
56 91 193560 196076
0 62 577894 579743
24 76 507652 516532
9 53 860696 862970
76 91 98661 103867
50 11 883131 887660
32 70 926527 934913
10 68 950901 959181
26 48 432772 434558
14 54 889294 889462
23 48 704130 712267
28 91 884044 884218
91 1 692561 697916
42 71 658511 660062
95 6 110221 110560
42 33 316495 321768
66 89 173672 182469
3 86 639242 644461
91 52 116737 126588
58 99 468535 470433
45 89 160015 169082
41 17 426597 428784
4 8 790279 796179
84 42 134917 144214
56 13 893294 893912
74 30 414675 418516
51 5 655019 656574
79 60 49095 53967
10 34 415372 420626
41 47 645281 654438
36 21 559529 567409
1 19 638152 639186
80 42 36087 36112
38 67 596652 599453
2 34 562617 564879
2 81 340535 350393
89 5 963347 968436
55 59 930625 937034
59 82 69245 76427
62 36 671352 680326
4 38 651415 657240
51 6 18128 21356
81 91 610647 612310
46 92 531130 537914
48 28 54577 63508
23 0 461758 468070
62 93 79035 87921
95 41 5836 11770
96 19 79575 81679
30 85 882824 887854
6 36 753821 755572
75 100 673809 681191
93 57 670249 671313
58 49 324158 331401
4 77 324134 328141
55 42 508546 509654
41 86 771045 775288
5 79 652008 658841
26 26 907066 910741
84 88 119263 122175
36 62 414951 423503
27 55 279389 283709
37 65 424745 428618
34 99 189470 199342
51 91 887508 891900
15 101 318513 323979
48 7 831164 840235
31 21 837434 840630
67 23 859533 864350
58 55 877787 885487
51 84 466944 473468
19 85 23137 30955
99 85 660506 666573
63 39 139763 140864
83 39 937278 944936
7 81 930884 937878
25 16 758217 764625
41 43 714796 722515
27 56 554830 564273
49 77 507397 509828
85 30 780905 788884
59 65 182633 186162
28 71 436777 441239
40 10 293471 298261
7 73 807339 815026
76 92 966857 973379
83 43 909354 916214
18 14 61268 62912
93 82 224174 226794
72 2 59755 61315
39 51 668138 673976
28 39 472007 479065
80 12 723546 728638
39 58 81404 91320
79 39 898904 903740
88 32 6303 15813
51 13 695515 698793
25 74 272650 273228
69 15 585641 595530
94 31 747076 749092
72 64 68806 70681
57 47 726333 736073
43 33 864333 874098
67 12 824555 829802
92 55 841248 847793
36 53 96025 96763
96 29 823862 828459
37 9 26327 27153
10 6 87401 90720
18 9 857971 862490
11 39 507581 508589
92 88 592766 595920
68 99 184215 192695
53 53 915605 923989
68 36 405862 415639
34 89 120836 122249
91 63 839440 840544
9 73 10887 14095
41 33 165942 172542
74 7 947226 951657
48 29 816423 820869
39 44 337304 345221
60 82 723842 727267
40 52 970331 979650
62 16 322977 323165
3 81 533180 534084
94 92 125329 131406
22 15 904618 913813
16 15 219348 225684
54 2 324927 327363
72 22 697423 704581
99 79 304931 306407
20 94 120545 121589
66 76 501426 503956
16 64 419622 425709
27 97 609807 617671
31 67 474260 479301
66 30 687446 691703
46 59 917777 923294
8 28 171395 175363
32 52 971647 976679
8 48 631247 633239
31 40 217536 225996
44 89 415906 423879
89 29 275166 285118
43 58 610724 620047
56 99 578821 582511
24 51 794867 799099
97 92 641256 648284
91 84 468132 474617
47 98 902908 908840
20 65 904810 910100
30 26 14394 20287
57 69 8976 11434
17 7 655828 656625
60 64 634294 639296
59 93 252743 258847
8 11 346513 353140
78 24 61847 63902
33 60 857793 865623
55 2 233307 239292
55 66 842806 844879
3 57 720338 720364
69 38 696238 696526
21 64 965334 967783
46 54 922347 928336
24 22 791132 793860
96 101 649854 650940
41 73 941845 945612
43 42 442372 447705
19 16 999562 1004633
32 86 921269 923140
40 37 832877 838983
31 91 859166 860099
53 60 300469 305161
63 27 241636 246056
41 2 63901 68897
54 11 176946 183903
99 77 969832 975276
58 91 893936 900874
60 23 524671 525549
46 47 284651 285076
38 89 790409 796311
101 6 442901 443303
13 72 290469 299966
9 49 202303 208866
84 86 248590 255710
45 51 557858 567658
89 8 798038 799160
10 11 480982 490447
49 14 845661 847962
101 38 643978 644657
74 28 367199 372068
45 25 793507 793841
29 5 512690 513831
70 48 442577 443076
84 79 521950 530784
73 77 976574 986205
49 46 730086 731378
55 81 532807 541440
79 28 544981 550317
64 6 888496 889163
6 41 956097 957613
62 68 557239 557726
93 47 849494 850642
77 65 911602 912647
25 59 161265 163017
46 18 661018 666969
99 100 117872 127291
22 45 924489 931397
58 58 749850 757535
50 61 282355 286101
63 45 488854 492870
44 48 183084 184291
62 76 145282 149825
10 61 83732 91489
57 58 230144 237718
87 90 967544 976990
27 35 297692 305589
24 10 195072 195538
6 11 563402 564128
82 64 490879 500212
92 64 940897 946497
20 44 67436 77271
52 3 42816 50976
6 75 739848 744361
73 85 351289 356247
15 95 116249 123299
37 76 773186 781827
5 4 983094 992582
27 91 106524 107259
14 99 481892 489292
0 14 1742 9424
29 51 113103 117729
34 100 622855 625369
56 65 1691 10976
87 94 613689 614512
10 50 962450 969431
11 1 729845 731222
52 15 995349 1000365
82 65 891280 892898
87 61 208045 213814
92 82 141706 146892
26 23 390235 396502
72 39 626953 635677
37 48 534160 541391
2 96 157771 160974
99 29 926000 933931
20 14 815313 821800
101 15 426166 429687
44 23 274055 275603
83 12 752645 755850
58 20 596296 599326
19 95 653943 656854
51 34 325478 329165
30 96 997337 999909
4 95 747592 754474
75 96 262543 263103
82 39 935666 935669
65 87 80333 81883
84 27 541001 543206
99 18 868760 873187
36 98 194519 201803
101 85 440347 446264
89 46 766183 769795
42 27 626001 626744
63 80 513075 521591
39 89 779102 784373
71 2 389983 397185
53 10 49855 58336
83 64 355038 364980
80 33 629874 636093
39 80 913266 921107
30 94 178459 182730
27 38 906911 911948
2 62 537820 545323
49 34 221129 228152
84 99 335470 341643
68 75 186517 195040
85 56 474315 481536
60 71 829292 834007
84 73 884884 885073
12 30 435079 444744
88 22 642823 649656
100 39 427130 429371
91 91 338991 347704
57 86 56230 61627
14 100 751481 751966
59 99 921110 926083
25 56 327861 328807
74 44 135964 136153
100 94 189967 191234
52 96 665688 674338
60 94 436343 437717
44 16 945419 947963
90 75 998702 1008081
93 3 362443 367769
71 67 352572 359395
62 22 595739 603880
89 76 804685 808288
31 58 972961 974900
71 79 970956 971279
87 76 752685 761965
59 70 839007 843115
20 19 442599 448358
33 40 431368 437704
98 8 789613 797989
42 4 847638 852953
73 91 820393 823831
83 14 378791 386512
83 2 605945 615083
4 42 432991 438714
91 100 273974 277341
34 39 259436 263573
95 23 562589 572113
8 97 690849 692000
74 79 51708 52026
13 6 871853 878446
56 19 419240 426332
3 2 560884 569965
38 33 945528 945842
97 27 687286 693734
59 46 158700 168531
2 94 881264 882517
27 70 259176 264284
89 6 321555 325886
16 5 913217 922485
76 63 950183 952924
82 36 635030 636550
15 47 945928 953714
6 30 987531 995047
22 72 205230 207131
50 5 447088 453981
24 39 593829 597104
48 19 689811 699369
3 65 954400 963321
90 83 34339 38975
13 32 478484 478958
70 11 906415 912490
54 17 150772 156299
38 44 964848 967937
26 24 967873 972440
68 61 927953 929396
99 81 330253 338760
56 17 115993 123031
16 65 485761 488641
63 19 65054 69105
86 52 161408 170827
64 90 233981 238574
48 40 290166 294722
98 75 428305 433834
44 42 19601 20859
63 4 651071 655650
95 66 370762 380546
20 68 247936 254983
38 40 107805 115776
31 13 222774 227313
88 25 886461 887203
57 16 399472 401206
1 91 77206 78995
59 22 937167 944501
54 42 172945 181939
74 70 476143 479342
43 89 50913 56445
0 28 824415 834054
100 58 596274 604557
9 4 475302 480982
81 21 371512 381326
52 72 647166 655781
57 33 562183 565754
100 29 417420 425070
76 0 600984 607588
53 92 728960 732387
72 34 850323 857817
45 60 333467 336486
64 98 401724 407807
69 51 766785 774278
2 54 98195 103378
15 5 655972 656212
40 91 453175 456098
93 59 334533 343876
77 78 652985 654961
90 19 50795 56423
81 67 836844 838526
100 11 690121 691375
95 58 3776 8125
14 87 343865 346957
33 0 569049 574887
18 6 258205 262006
