10 582
67 15 754726 762417
3 64 758333 761676
70 89 242437 247933
99 49 983127 987003
3 65 317461 321086
91 11 349913 353710
98 75 315757 321603
10 40 412931 416184
55 1 319753 323617
79 33 894462 897040
72 98 961808 971144
64 0 319442 323585
73 31 747010 755030
43 29 936625 940496
50 98 79943 80883
88 81 684973 693104
4 6 267948 274896
28 82 541944 548591
75 47 620694 620982
28 43 747428 750638
78 67 303530 308096
55 94 285581 290730
41 27 636021 639582
100 59 200617 204391
70 54 865959 867091
24 21 616092 617532
90 54 878130 882381
58 2 978367 986060
82 87 961419 965433
63 62 40009 42696
27 98 89779 90801
82 46 104331 111768
96 40 986702 992800
15 28 428086 432090
17 75 5144 14599
17 72 66288 71633
96 29 293395 293851
36 18 700348 703911
3 90 704110 713182
28 36 634380 643916
79 68 488956 497249
65 46 223518 233081
8 76 322957 327429
52 23 457472 462071
88 56 910755 915693
97 19 888041 896010
75 22 288496 296272
0 33 141548 143710
99 2 235111 239923
65 32 453795 459530
37 100 997465 1004544
32 86 186236 189374
50 75 864891 865883
79 64 329445 336484
2 63 917169 922585
18 48 443828 450397
53 80 665178 665605
26 86 452270 455445
54 57 797400 801438
89 74 243912 244029
11 101 117216 127036
85 10 49640 51815
93 62 97377 106339
53 73 748629 758573
27 20 102146 108332
28 94 627770 632456
47 27 310169 317887
32 64 648571 655933
55 93 898450 903371
44 68 61195 68270
95 55 364310 366578
62 38 944551 950476
41 97 539846 540143
35 24 754935 761739
63 42 873201 883129
98 95 339030 346512
32 82 863402 868432
52 76 646150 649959
69 38 673404 675694
85 97 42401 50789
68 56 475726 475997
8 9 463176 472620
18 33 754865 758462
39 6 126819 133714
29 45 654414 661691
77 80 629045 630749
0 44 672766 681978
55 15 433805 443252
20 95 106152 111474
28 81 835306 842457
59 61 993018 997063
67 51 280088 285813
77 2 90944 99804
10 95 624490 625066
13 21 557556 564337
42 70 30048 30530
84 8 191819 197122
80 34 324235 333559
39 44 563017 564153
81 97 37855 44433
97 65 80454 87680
86 96 941878 946897
14 35 541373 550074
83 92 572777 578895
45 84 789579 794134
41 76 673425 682190
47 69 378381 379080
6 48 607991 608317
10 27 994629 999094
63 18 967147 969679
21 52 658870 663104
82 56 213144 222902
12 98 408376 413164
14 61 952546 955819
80 85 313473 320463
91 49 144651 150400
49 75 767297 770986
82 94 375595 383343
1 88 472342 481067
89 0 954213 955975
64 14 115167 117343
13 56 739207 741923
9 52 737236 745012
53 59 171762 179305
82 89 736672 740651
27 17 577402 582281
19 57 569168 576055
79 78 344904 350041
41 59 284399 290433
32 80 815026 820374
72 39 958042 967349
76 72 794165 803882
53 67 424467 426678
31 69 994550 996108
54 15 360838 364638
28 95 463000 472400
31 27 905763 915579
38 48 678979 681203
76 71 747234 753089
17 10 56713 59555
95 74 753410 760516
80 40 633066 639733
58 63 624427 634066
51 74 920568 929992
63 96 173978 176635
61 83 919348 922614
95 19 329410 339325
36 73 694244 700196
17 35 820554 827316
19 95 611046 616490
72 6 823143 830346
87 4 666864 669458
6 68 413801 420118
70 29 671970 672819
85 52 933097 939225
11 84 615328 617164
20 81 794378 803006
88 4 773802 781185
10 28 719399 729331
78 54 124849 129329
100 84 286709 289099
73 30 54753 57666
101 55 856490 859578
72 43 755018 761898
27 91 936762 943963
20 14 391121 398199
29 62 399151 403657
95 16 79026 79354
30 42 666770 669674
29 96 411772 415312
14 21 512987 521927
16 50 857939 859144
7 82 527342 534011
98 78 268569 271328
85 86 934148 937086
26 94 912986 919403
64 83 385644 391692
99 5 160416 161744
83 12 821538 828051
59 37 929677 930167
4 65 804123 805577
63 84 499820 509104
3 12 183065 185601
42 84 12387 17905
7 10 46256 52822
99 96 985137 988134
4 95 81722 81739
16 98 606187 606215
57 93 26078 29474
57 30 98027 98460
27 19 135030 136007
51 39 939113 941499
82 49 126053 132934
8 99 160541 163300
32 17 279104 283794
12 45 333337 337233
50 69 202301 209627
89 6 261729 263935
51 98 739184 748052
75 81 380420 390082
22 4 222028 223534
81 24 3374 12779
97 95 358327 364502
2 28 728425 733103
98 43 521725 531108
65 15 392676 401766
5 55 609187 614331
17 26 855987 862219
45 80 165313 168100
47 15 180893 189244
55 61 931373 931509
60 94 896080 901909
60 91 344311 351692
71 76 591532 593435
37 24 402248 405650
84 10 116138 118724
100 40 129454 139362
77 94 344543 353996
56 8 805655 810024
4 83 414238 418279
32 3 853164 861334
67 87 278731 284354
43 1 625352 630519
77 64 669724 673664
44 52 177511 186147
99 11 290203 298555
77 88 918934 920476
55 59 610379 612432
100 14 204104 210933
75 96 521402 527401
46 55 324822 333373
37 77 808745 811801
54 83 414138 420900
48 10 705200 712499
80 51 485951 494378
25 64 851062 858916
88 12 214158 223820
53 0 290924 299961
94 42 99962 101846
72 11 87497 90534
2 4 527275 531238
11 28 965458 968366
51 35 389663 389860
60 4 393375 401316
66 101 923532 929687
48 33 125128 133692
83 65 95899 105045
59 50 618406 621641
62 60 520422 529628
91 65 310003 312830
60 101 758671 762220
87 65 503767 512662
72 46 773665 782595
90 55 321367 323069
99 25 72428 77962
100 30 843116 852413
82 47 980373 989449
95 70 170383 177806
95 20 317177 320929
86 33 251090 260017
98 101 214777 216647
35 46 386592 396517
10 33 28653 35922
49 13 754795 758135
68 9 754905 763193
92 9 743857 745564
8 39 916664 919563
3 91 413805 418674
74 13 208129 211700
28 68 963856 969622
26 23 366046 366297
101 41 793646 796970
5 58 75781 83637
74 4 430650 435960
4 79 561886 566223
46 18 449286 451983
33 96 602185 608728
76 33 133438 142679
74 63 199008 208092
44 39 532022 534324
1 84 976589 983900
3 100 712133 719940
91 97 604519 611012
33 53 25466 31094
12 92 144742 149747
24 65 682834 691827
86 71 361914 363223
6 1 644162 653003
67 101 191574 193052
66 96 250736 259962
26 25 368956 370947
47 20 779791 781945
14 22 190832 200475
24 77 18849 26355
45 81 373661 377797
0 35 937850 941145
19 97 365966 373000
76 97 731807 736480
39 53 492013 493123
38 7 536853 543942
0 73 962986 970739
77 95 95182 100335
38 72 102477 103520
39 28 697330 698850
41 77 265402 266772
71 1 183587 192004
15 83 171326 174616
44 58 108767 114361
7 39 216715 225066
48 15 338536 340106
93 48 759063 764118
75 36 524970 532382
101 98 902708 910723
11 90 426939 432635
7 81 465675 474344
31 9 923766 932735
64 95 614265 619284
1 14 408099 409837
81 14 941827 945074
52 56 955700 964155
97 38 344759 346864
29 68 737391 741269
91 83 271301 275445
99 14 55770 61389
88 15 682418 682754
2 58 356493 361583
24 67 574108 575471
51 71 957257 962285
86 82 512822 522725
80 96 67644 70509
6 47 923402 924244
0 15 311405 318521
89 25 176523 181828
6 32 785001 788883
58 24 115631 120138
1 57 479707 487389
9 12 95941 100147
69 34 865092 866540
48 53 371617 375973
55 92 441711 441942
9 3 706515 715911
87 61 651664 654720
81 101 19234 24358
63 32 428111 428627
6 66 397354 404563
41 26 993891 1002407
15 90 53022 61064
0 93 830643 839108
43 98 100021 108915
53 43 898510 901074
53 91 67494 73276
28 62 164033 172371
47 19 654648 658792
69 88 874191 875639
77 87 520894 521691
67 58 630680 636750
4 94 949791 957701
92 37 292304 296188
78 81 414522 423344
65 58 105996 109479
11 66 192785 199437
72 41 552659 558627
61 68 47037 47646
22 65 922265 924514
10 36 153405 159732
58 45 397117 406173
81 44 515494 516537
67 81 906627 910320
63 71 331736 339753
92 88 263927 273329
70 59 480574 483727
78 35 156998 166039
24 76 178138 183596
62 51 744414 747430
68 37 168113 172679
29 99 834770 837970
7 6 523716 529254
81 75 28406 34830
17 65 438868 448776
11 85 677774 687472
45 47 621487 622312
77 13 693595 695945
86 72 931868 937109
23 68 855483 864888
19 35 285331 293384
4 13 16919 20524
68 74 160458 169611
16 35 18101 25104
38 45 309905 317205
23 0 212825 217138
2 7 810891 820819
37 95 582767 590173
78 50 814016 822185
32 73 434458 440430
66 73 562368 564469
71 77 212890 214467
80 83 33243 42017
33 39 595640 604734
18 98 139305 143983
59 77 664988 668256
82 91 906386 914394
9 93 398771 406737
58 47 711987 716979
39 48 662691 669802
66 50 610885 614071
28 35 184115 193904
99 61 14086 20444
98 22 496147 499116
28 1 1400 5862
101 63 330971 337958
83 35 624671 629600
59 74 703678 709226
68 43 200814 210667
37 0 529990 537684
37 74 333696 333929
39 25 930297 939948
84 13 947644 954046
46 99 787794 791156
19 77 57492 66044
55 43 796871 800316
30 100 153911 161989
70 83 576070 583778
15 62 543460 543973
7 4 815768 818001
70 82 352523 357010
18 51 905855 915276
39 0 320259 326227
99 76 225833 235106
2 12 4793 12020
24 5 517688 518642
57 54 792067 794011
78 25 555934 559804
54 12 940412 949236
77 11 345576 348954
10 43 366228 369719
34 94 186784 195033
67 76 978595 979709
67 36 209905 211938
47 100 141868 151854
46 51 621507 624565
79 23 476162 479597
2 2 391542 394529
19 98 554738 562978
71 44 148197 148600
71 21 944171 949408
35 47 940104 941160
45 42 751192 755610
66 19 593685 595845
35 72 859627 867674
65 89 186673 190947
9 48 829572 838618
7 78 214027 221654
89 27 858706 859283
95 45 175494 184499
66 64 492601 502472
84 37 602918 603008
48 9 577849 578962
8 19 606117 613421
14 32 803969 812466
81 83 569077 575077
12 89 368693 375459
47 72 315453 323858
81 53 545850 552112
93 84 594535 604004
15 66 662860 664907
19 101 514367 517970
72 12 494567 503610
85 72 68997 69590
33 12 478536 482690
98 26 19352 20159
23 65 719020 722586
50 46 835475 838579
30 63 864605 865641
30 4 992022 996720
46 60 74829 81100
63 45 761863 766471
63 31 985118 988166
83 40 965499 974278
83 45 557860 558715
90 61 211885 215070
95 78 92523 95307
89 23 288603 291109
83 55 981518 984731
89 73 416131 419069
61 89 31326 37683
98 96 868139 868206
28 55 11458 20146
14 20 414774 422316
86 79 311389 315483
12 82 334607 342055
56 100 917950 922601
28 63 426190 430144
101 28 533958 540461
15 98 760947 762712
72 24 923756 931995
92 90 454213 456384
26 24 283747 285700
5 2 167485 175476
1 97 135690 144353
1 77 866518 870153
9 51 633070 634688
61 39 361491 365323
9 70 960650 961155
30 14 905969 907143
42 20 842123 847357
24 44 632006 640513
97 11 290887 298675
43 5 39968 40657
93 63 334504 335283
87 42 899627 901239
47 89 326241 326367
39 29 776848 781556
50 99 612779 619950
7 97 540958 545688
80 68 752749 754901
16 13 530182 535572
31 88 648169 653140
55 83 75026 79520
65 9 484237 489656
72 18 957663 964854
63 99 295325 305077
96 55 575556 579981
30 68 106845 106986
10 13 915145 923226
91 73 65417 73059
69 72 174918 181819
50 74 791193 798498
50 23 327987 329745
52 74 950724 952130
40 29 411030 418544
99 19 413234 415129
8 44 247691 253462
37 97 503569 511476
24 14 270086 276546
14 16 188782 197167
48 82 167225 171980
97 98 476614 479564
93 76 775917 779894
12 55 387386 387903
59 92 680511 686481
91 19 199516 204715
38 39 805885 811862
82 83 224185 228511
100 79 622850 622978
45 63 971491 977467
11 71 655537 658538
9 14 900669 902147
94 34 178945 179954
52 11 960392 960682
78 61 518707 521003
58 91 674578 680803
54 33 175212 179336
62 94 570745 571794
94 57 763635 769436
68 77 269518 272478
68 14 146139 147832
18 94 860490 869104
11 93 273227 278933
73 32 988273 990311
96 13 551951 557312
29 67 667447 669836
70 30 974330 976300
52 49 267362 268978
65 52 865816 867488
91 94 234492 242271
33 27 505048 510120
20 29 223226 227603
1 63 843440 845561
80 95 260111 263287
12 20 692730 695640
36 17 251545 257355
22 84 118688 123782
89 90 647279 647517
23 28 143188 149259
57 58 641033 644286
58 44 964938 969316
39 5 739650 749000
101 19 498129 503293
50 84 443275 452217
65 77 909817 914264
23 39 959660 961196
101 84 775331 781875
