8 509
25 96 467445 475781
101 68 398217 403044
81 97 147425 149375
4 34 781684 788446
0 72 402075 403241
29 72 751982 760650
4 80 699059 702785
51 66 394491 397928
42 61 944953 947412
87 50 74878 83615
42 83 803576 807964
50 51 539971 548838
88 85 345935 346705
52 57 378615 382177
34 101 117828 123015
101 74 157753 162018
45 13 500327 500843
14 61 602439 606806
16 79 20367 26656
89 73 934131 938469
46 0 229588 234716
94 27 923205 925666
98 62 699215 700543
61 26 703382 705490
83 5 248516 256290
92 5 260800 269178
90 43 919849 929409
4 23 205771 214823
33 99 601388 610449
94 10 84564 85643
21 60 185945 190467
30 67 527455 533041
56 46 556957 560963
41 87 734623 738795
14 55 581404 585275
67 17 917261 919643
32 56 45770 51569
74 14 888546 896527
84 64 172899 172977
1 68 398197 404504
20 39 784550 793310
58 49 786607 790437
92 63 378907 388301
65 3 593297 601081
73 81 802012 808078
54 63 308389 314136
9 65 830394 835646
77 56 298253 300068
15 30 895732 903712
66 56 996889 999125
64 87 723611 729668
95 100 982095 983798
14 74 625841 630858
67 1 691427 700027
41 100 14620 24140
8 8 371677 372296
38 72 476798 477536
11 41 1245 8341
83 68 592790 596704
83 42 949757 952068
56 98 385815 389280
3 81 982173 984460
70 23 698227 702015
19 91 381995 389696
100 101 312607 317369
92 69 484721 485374
60 78 211283 216594
28 68 958594 966985
39 45 376958 380068
56 35 411518 415996
91 66 154925 160413
25 38 984008 985754
87 66 131941 141276
64 26 596245 605036
81 60 361161 369914
14 100 7574 10114
96 41 155618 160036
94 7 681070 690453
65 45 249457 252684
36 92 155117 164622
89 78 730899 739290
33 3 497029 502612
18 16 751847 759973
57 22 687157 691531
46 39 129269 130778
27 8 453739 459422
9 48 879882 881359
20 59 817055 821124
80 23 809056 810720
94 69 986600 988130
81 59 692184 701244
47 27 740660 744281
49 98 597804 603606
64 90 493862 502036
33 74 963878 973397
32 79 316317 318174
0 49 475792 477741
57 17 297100 300232
74 20 798155 806975
17 48 667631 668453
18 2 654726 663941
25 68 430424 437296
20 78 626988 632190
51 91 203117 206267
61 56 79128 84244
26 88 314364 314586
32 80 941020 943482
8 15 114786 116291
10 26 507456 516856
84 51 378606 382402
26 83 432411 439998
76 23 327267 335849
62 82 906011 906184
53 23 370444 375752
81 70 682269 685561
77 100 260995 268125
79 2 982213 990137
11 9 564118 565631
27 97 617686 622543
2 40 437904 438301
64 30 662916 670815
29 22 737430 740704
30 66 445662 446107
38 52 243442 249950
95 12 310221 311899
13 83 287057 293609
50 27 758737 763554
100 70 430649 436390
3 94 627177 637107
56 86 820592 820686
90 97 368686 373809
89 72 543982 549587
56 81 856734 866184
12 57 632027 640099
42 34 426646 434911
60 0 162540 167463
5 90 981484 985193
86 42 533651 539171
91 50 827728 836364
46 69 529045 537953
16 56 686269 691763
71 78 236298 238058
18 7 743386 752858
33 92 87532 96151
91 90 580065 585692
73 79 676626 684226
35 99 776141 784470
26 73 952324 957928
92 11 339548 340615
79 20 485998 492208
52 36 878737 880564
45 53 269294 270266
10 56 260245 260311
96 52 550178 556660
34 22 170685 172607
63 35 279729 286149
29 55 917938 921544
73 20 843552 844040
10 58 891109 894652
35 75 901946 910431
99 83 800406 808948
9 60 836419 842322
18 11 99222 103731
97 98 259476 266921
12 24 34651 40801
78 1 270663 277905
66 9 488257 494653
91 70 507473 508244
72 58 63268 65662
72 96 240530 241524
33 31 636694 644671
23 87 304928 314798
54 78 217108 220904
82 64 716415 717061
41 37 981783 990036
33 95 945400 950921
84 68 155307 158288
65 40 610311 612136
25 88 654831 656914
81 49 603155 609674
44 54 440494 450203
50 75 898307 901304
56 32 996746 1004439
72 89 390823 399232
47 63 813547 821590
43 23 613686 619960
73 66 439676 444072
22 84 758994 762125
90 42 918604 924157
11 27 985494 985512
75 0 310814 316488
72 9 34995 37176
47 39 682181 687842
28 18 953663 959211
78 64 207061 214185
5 37 100026 107031
60 40 806700 813315
64 75 707465 710154
8 5 428307 436338
100 16 257718 265015
42 31 470884 472950
44 60 357279 364013
72 6 837368 840330
58 24 934161 940103
97 10 657179 665353
75 10 795377 802657
57 92 792815 798732
87 52 520122 522433
78 22 5826 13001
65 52 806611 806752
60 59 566436 575571
81 50 321301 329262
96 67 502862 505621
56 78 437213 443886
11 25 324870 332505
79 49 964268 967852
12 17 465222 466118
88 23 185384 194181
1 67 48269 51809
70 57 867147 872299
69 70 39698 46869
75 31 977072 978332
16 14 505633 511224
34 69 680059 689515
2 67 145091 152269
82 68 58085 60020
0 31 30748 33318
82 97 422518 432341
31 73 676809 678420
7 62 737680 739197
12 39 964393 970008
86 48 932220 935782
11 69 614555 616894
13 50 206514 209428
65 24 717715 725246
2 60 489227 493858
48 97 961511 965065
47 11 907452 910812
41 7 565490 574575
47 79 223377 225186
90 74 194757 204251
100 85 556882 563862
93 92 721025 730310
63 97 442875 452780
92 87 567570 575183
70 2 500539 506623
32 100 488081 494059
17 45 709453 716160
19 41 667086 668130
52 91 980116 988606
68 46 378815 384248
44 66 766866 768649
61 61 53488 62162
50 56 524459 532016
84 97 230366 239650
77 92 227666 228319
61 48 473934 477647
38 6 676327 682707
16 34 132884 135842
79 33 866103 871967
74 95 826469 829352
26 85 549655 555416
94 11 545895 551567
68 29 934890 942572
28 85 489172 489267
57 90 861708 866690
14 2 223608 228361
18 32 739255 743864
4 72 276176 277890
40 101 682716 688970
74 41 274369 277340
12 21 42386 52199
85 28 295828 300139
8 32 38837 44760
92 93 629981 636079
24 101 148811 150288
97 57 528737 536053
79 70 30359 30958
73 90 59969 69731
7 9 628356 629699
14 39 480895 484865
100 2 970991 973369
75 18 24274 26073
0 85 498606 503643
82 2 164472 167445
30 26 431075 440459
32 66 691779 692048
45 7 334156 341121
26 0 451325 461070
69 11 191941 194499
69 29 437879 440210
19 17 488421 496215
24 0 573775 575807
52 39 180053 180751
62 22 536905 543105
79 10 134525 143178
94 9 999698 1000031
6 12 946342 950040
91 43 581516 588589
91 31 568986 569742
67 50 371179 378226
84 70 282069 282930
14 81 933461 940861
50 13 556336 556819
48 80 478030 479524
15 80 223256 230578
67 28 822557 825602
29 60 746044 749448
15 11 611721 614762
99 90 603471 607884
2 94 159692 167722
36 1 464097 470077
91 23 888973 896862
43 60 795635 805312
20 24 596421 600701
79 61 298283 301684
51 50 272016 275694
42 14 588568 593376
49 55 541632 547328
82 43 4540 4857
100 38 480344 488457
36 26 770302 773092
89 30 164211 165733
78 34 791276 795747
41 24 198617 199923
9 7 220328 222326
90 57 461455 465800
101 87 70148 78238
30 48 904560 907911
96 12 820253 829235
74 47 365969 373538
50 65 829979 832628
35 35 805577 814897
34 1 827209 834571
47 14 260995 264226
28 76 453351 461425
21 9 791036 794475
92 28 676287 682265
5 47 397593 405126
37 75 528347 535265
5 28 748158 749486
82 4 235310 237731
23 64 483503 491919
101 23 12901 13941
49 66 168353 169953
56 88 313589 315733
57 83 467008 471487
13 30 803335 807703
92 73 807710 812688
60 28 32431 38399
12 52 373930 382325
87 12 784741 793462
39 28 399318 401994
26 72 873846 878467
26 18 986425 994877
65 17 587652 588888
49 65 219338 221268
71 46 42881 44945
62 36 269246 277222
49 57 603688 612956
40 74 895976 896597
85 98 575559 580390
70 50 247348 255880
1 40 53480 63084
25 22 835469 836750
96 96 960825 967107
35 13 303456 308170
32 85 501153 507880
47 66 945647 946835
10 32 916110 922467
89 87 989034 990976
38 42 138242 143312
36 96 655617 658308
61 77 170461 172567
48 32 470369 475466
15 90 838368 846353
49 77 857709 865606
18 65 961239 967455
76 30 498949 503180
78 25 446341 453965
0 86 333428 335814
13 41 943423 950793
78 7 883943 893648
40 49 575521 578148
70 46 273984 279665
53 97 208729 208876
97 21 425581 427645
24 45 356496 361978
0 52 341270 347255
42 7 908825 914532
57 89 421869 429592
71 57 618682 621024
72 68 829347 835036
78 2 259683 261163
96 84 770474 778824
9 33 863761 868887
98 52 167977 173574
31 41 283125 289630
37 96 281855 289418
56 28 476125 479060
35 25 711407 713688
38 77 590234 599666
87 24 294952 295147
98 60 960414 964761
69 84 672660 682265
44 42 26642 26839
17 28 711514 719810
68 90 981506 991465
92 72 871187 873919
12 93 190512 197753
69 46 675903 679741
43 45 253489 258156
16 36 892685 893136
10 39 464585 465343
60 22 871108 876080
8 3 815508 818370
7 56 67393 73140
87 4 637889 643948
83 15 773949 780539
0 88 742836 750990
65 79 357854 358320
29 6 971638 975515
91 28 787366 792331
45 97 849973 853297
65 55 32446 39585
51 28 328614 329895
29 15 361264 369095
8 78 104283 109207
47 53 29575 36248
56 14 411210 411796
72 80 730731 737536
25 94 194401 195204
59 54 857726 862513
68 59 372040 379534
92 41 35134 35191
95 83 601906 603413
49 9 112750 116135
36 73 804831 808064
12 50 392987 402206
87 86 664367 673366
69 77 308333 313613
76 86 675620 679661
38 2 688732 691472
63 28 779322 785759
72 42 80835 83533
35 90 550097 554468
32 91 124821 125258
18 37 759574 760245
7 77 808457 818296
89 45 615165 617314
35 46 725616 734493
57 14 222759 223761
44 77 838916 841301
82 57 851821 859433
92 19 85290 93437
94 79 390049 395539
57 77 229337 232697
31 12 246981 250747
41 94 561284 570159
86 1 515273 517682
41 58 352960 356537
37 12 737455 737557
84 14 579784 585464
92 66 479136 486322
8 68 907976 910377
67 15 618002 625762
100 49 211170 215227
100 64 113485 122449
16 8 343946 344201
18 81 909602 911813
95 95 785874 788697
48 64 370076 374469
69 96 285321 289906
64 48 10117 11837
81 23 639878 643293
19 15 354076 363893
92 0 127525 128150
36 44 904682 909706
81 80 292045 296840
94 13 910113 915426
13 35 904842 909883
8 25 66068 73876
42 92 667986 670876
73 17 652329 655157
45 33 642588 645220
78 92 753977 757699
22 42 361556 364233
39 14 149717 158283
60 36 558404 567106
82 1 33793 39375
30 64 459508 462033
48 51 787649 788974
93 1 990140 997845
96 9 462937 468803
42 6 207736 207994
64 42 570692 577567
90 10 418777 427688
84 60 131441 132310
36 27 25770 33866
56 21 43387 44366
22 10 721564 723047
62 86 622433 627456
30 100 874168 875353
47 78 257173 265971
64 9 58858 62308
58 14 73243 82645
73 92 103842 103843
14 31 480162 484620
87 55 542967 546944
