10 547
46 58 951979 961837
7 41 902894 905307
69 79 29288 30740
36 93 155759 158284
8 24 290303 297996
40 16 254588 256218
24 65 326742 330373
41 34 213853 223131
43 53 281391 290807
4 50 836059 836394
24 94 432275 434112
43 86 196611 203592
42 73 768328 777836
69 71 737771 744521
29 24 344299 347834
9 5 837547 847014
66 89 485410 489381
71 54 561150 565244
33 96 933340 943030
81 79 991034 1000097
89 65 193246 193959
52 86 880929 881052
14 65 203874 211472
56 62 344578 349244
101 25 245670 249186
83 34 783822 790961
93 40 686979 689483
43 27 786244 794699
4 89 26397 29496
99 19 98318 103902
83 77 918869 921482
43 84 45167 50355
29 45 279523 284505
26 92 388674 396040
99 6 840527 842916
40 74 494493 503690
47 75 774394 775400
83 41 148979 156809
15 20 762212 771187
36 24 462049 466871
26 96 987949 995437
86 98 476290 486115
91 94 434002 442222
77 42 671565 673558
13 20 589155 592667
72 55 195692 202297
100 11 303780 306892
64 85 525163 531642
51 11 178999 181448
73 68 889897 892400
9 92 766918 767869
49 41 960714 963340
39 24 232864 242809
50 31 560461 569563
13 86 277764 287341
75 25 381460 382100
17 65 756584 760687
26 72 326782 329029
29 48 584201 588113
70 67 154335 159280
17 61 473645 479399
91 19 364102 365633
17 32 938668 943356
76 9 356542 356899
74 65 200120 207505
40 78 155144 161141
59 87 787118 788493
73 50 195011 199793
1 49 271181 274602
0 61 228049 237291
22 37 88069 95624
38 81 878889 886959
11 56 63640 67156
1 53 262514 267464
9 95 615342 625016
13 87 154428 161292
70 63 376527 382729
29 91 601978 602062
25 20 351925 360413
56 52 471009 479195
54 58 804972 805381
55 34 560486 563285
5 87 255767 263455
32 59 298825 299975
74 27 395820 400898
79 22 867500 872969
17 46 655425 656264
36 11 579071 589050
61 18 739328 745706
71 14 543535 543669
96 38 495512 502471
53 35 659092 660469
19 42 798725 803553
55 84 897489 904752
46 91 645875 651752
98 53 897730 901083
52 29 907286 912241
101 58 778743 780032
58 99 917790 918412
25 43 629037 634183
64 66 621719 629721
67 49 919941 925256
84 46 478894 483000
9 12 680613 687391
47 39 608032 613260
50 59 150641 156851
27 52 968649 971984
35 36 644551 648604
98 57 533090 537389
39 28 369588 371231
34 79 456764 462852
30 84 762936 768463
11 3 279983 288477
42 7 595209 603257
101 28 349371 353376
93 69 387432 390935
68 19 709419 713465
20 34 207045 212475
56 20 222745 223569
61 35 891201 897552
13 76 884673 888261
66 4 907114 914878
22 101 901460 908738
47 40 673868 681952
32 31 464028 466072
20 75 238242 243049
81 19 172138 174179
48 64 360639 367167
49 89 919332 919836
13 19 942189 951440
61 7 455709 456518
10 89 157159 162742
33 70 579545 586849
86 81 445122 453525
19 10 309040 315872
84 71 221430 231189
4 87 154464 160644
41 57 517564 521689
54 43 205477 214660
35 80 843980 846803
63 9 968914 974558
23 8 813802 818492
77 71 447293 456727
39 81 157682 165780
55 46 714448 716890
16 89 402274 408070
18 12 326103 335794
65 33 608755 612919
58 26 658522 660071
49 29 781679 787238
26 1 789974 799592
86 36 327098 328399
1 26 288384 297148
20 1 24545 31052
50 32 49840 57478
4 68 390043 397900
6 74 478191 487882
97 96 182123 191810
48 86 455600 459425
29 67 128496 130468
82 47 870860 874001
49 6 396642 403698
7 10 783797 792668
29 95 846063 853610
84 64 257767 261309
17 72 256792 256906
61 0 281578 282505
53 84 24669 31750
13 53 44633 53185
45 73 807456 816245
96 85 191494 191791
35 95 776985 778499
76 93 874835 879347
72 53 29932 37386
89 75 544426 546639
40 3 822260 827263
32 45 343346 351428
35 48 413834 418340
7 72 154723 156509
45 52 975111 982676
78 41 266137 270844
46 41 235657 237640
77 52 995007 997598
99 10 374418 383616
51 66 398422 403142
46 87 887135 895928
60 73 197256 200062
92 48 520064 525462
33 2 287577 290846
53 76 278713 283861
92 81 815984 821294
78 46 352565 359538
92 32 401565 401650
13 57 399020 405355
73 49 840580 849222
57 13 304020 308115
64 93 108700 110052
41 44 495041 499170
54 34 652332 653780
12 61 235697 243419
83 37 948609 955207
101 47 914396 920208
65 89 333254 337942
26 76 851627 857746
31 58 865993 868929
0 1 779429 780871
37 32 937610 939616
93 39 613659 618662
66 22 26822 30402
21 68 156629 160093
62 31 486432 496304
58 61 868623 871739
77 23 192019 193825
7 21 937121 943541
37 44 162045 163105
31 14 79298 79722
24 86 531984 539465
72 71 430739 437316
62 49 777245 778829
4 52 410987 412088
49 95 893146 898026
15 60 137718 142165
8 85 462606 470163
69 75 340454 347449
86 7 991215 998489
45 87 938465 939305
0 31 26264 26508
31 63 312023 317256
75 22 689288 696521
45 43 56246 57450
42 84 875163 878197
45 95 753840 757601
14 26 120059 123643
74 66 94940 104378
63 101 663527 670975
85 45 917858 923536
76 0 447452 453857
41 35 548492 549155
65 43 752154 759448
88 94 425919 431692
77 20 649664 655872
25 17 571390 580660
90 60 720141 727885
39 87 196786 202796
46 64 151521 158332
39 8 465226 472551
44 77 411993 414187
34 39 388356 397321
0 52 298510 305036
27 37 670580 671514
57 65 830319 835847
93 32 12248 17015
75 66 647649 653351
17 93 67430 71185
27 0 457065 464239
26 94 309813 310701
78 61 42233 49707
63 2 759679 769304
93 87 315458 324123
21 100 737184 740192
88 80 883163 889349
48 13 533914 539787
70 79 107114 111386
61 51 139166 141970
47 44 248537 249612
94 48 25631 31872
67 79 200757 207747
68 54 798969 800132
68 67 969941 978479
22 44 812047 818696
18 9 537167 537429
65 24 701266 709924
20 71 298283 303150
25 38 900897 907058
2 4 658799 668145
55 15 344560 346240
73 19 916743 917693
79 99 72196 78104
28 11 346140 351568
89 45 214759 223410
14 2 400346 408290
60 37 532913 540315
12 18 696394 697057
96 46 810305 810515
3 35 495788 496776
88 58 755827 757116
66 30 406884 408108
17 63 988305 990197
70 7 313720 318362
7 70 245713 255311
5 50 324669 333882
101 99 970749 973220
66 59 889970 894128
74 17 762024 766366
69 37 696861 704640
38 24 390388 396126
45 30 345997 352099
9 62 125467 133888
31 18 323788 328434
89 22 359158 360670
55 37 89265 95092
39 99 523509 527527
13 6 423166 433014
69 51 316068 321638
74 37 493012 497477
61 14 943193 949612
11 101 552790 559251
84 25 722485 729554
95 37 743449 749858
5 12 685600 690551
84 76 762142 764847
25 93 552602 561511
81 35 157786 160324
91 62 128392 132112
21 44 744949 753941
20 17 771914 778746
6 70 744259 745938
51 24 70002 71979
75 84 96064 102349
23 67 739591 744680
63 60 348951 351729
20 69 641192 648704
100 24 293601 296058
88 66 991474 993020
30 64 58498 59651
58 8 102233 109149
23 83 279936 284144
27 72 630078 634968
46 53 543680 551632
57 27 999433 1002811
78 53 258871 262032
47 71 648340 655324
80 65 78770 83562
2 18 426046 426456
41 16 150358 151555
16 41 562590 565403
51 65 361113 367744
83 80 443065 450664
15 77 851621 860005
61 95 248671 255408
89 66 131589 141346
32 40 784546 793851
78 42 564600 571263
62 56 600357 603114
2 50 124682 127930
16 59 863463 871538
47 49 478784 486546
18 50 777545 778281
70 35 393677 397073
18 11 180930 184576
64 29 776954 780440
43 69 219185 228892
19 83 491413 501150
35 44 416135 419260
94 16 253621 262469
75 64 30534 32352
74 67 423945 426441
61 100 660340 668264
50 54 848737 858083
96 64 22133 31250
47 10 947265 948517
55 21 39917 44583
33 58 412637 416614
88 75 62821 72049
12 5 583156 588074
84 66 78688 85524
32 12 758361 768335
70 57 979195 986839
16 26 434386 439928
5 95 539278 540986
96 79 412094 412516
83 57 36353 41972
68 77 199379 199479
99 79 531021 533296
65 69 936635 946583
0 36 129103 138991
29 86 265565 272642
15 46 484101 493490
65 67 96825 100027
24 10 720538 723895
69 73 293912 295398
31 39 715579 716452
75 100 124947 126755
15 101 431613 438479
48 16 767477 772379
31 60 40337 50205
68 86 392871 396774
48 32 928071 935451
45 15 597937 599202
30 78 859818 868863
45 83 79059 81371
51 59 363823 367108
22 53 157898 160212
87 73 493484 497884
80 41 119049 124390
28 76 642139 648612
38 85 530519 539999
83 35 282569 288102
13 82 19945 25273
57 72 502797 509778
81 93 816154 822770
94 61 515550 516735
22 27 482438 487513
74 94 47180 52387
42 54 116313 124447
28 23 951620 954975
29 101 397414 407130
77 56 887384 888920
68 96 951790 955871
79 65 830463 839287
13 47 636379 645524
86 28 754030 758153
11 82 524019 531163
101 82 101791 108717
94 18 84161 87976
11 13 433675 438773
80 57 634636 636784
52 72 704376 711609
55 80 477736 484947
72 65 197376 200690
15 13 343615 345117
75 59 73984 76636
59 47 545352 554486
65 38 336763 341249
53 29 749464 750358
60 2 228799 235014
65 19 685604 691485
50 17 640782 648162
82 68 4918 8105
96 43 17327 24628
32 93 514027 520454
83 94 976931 977253
47 18 175450 185022
25 53 626581 634535
58 68 130272 139793
56 98 378547 380672
24 96 688217 690728
46 59 985360 992906
73 33 443387 450238
27 51 747544 755252
53 62 61463 61900
36 66 831841 837894
11 7 3773 11306
70 41 559953 568068
50 1 595244 601851
43 94 790880 793284
4 74 503772 504709
25 68 311146 314570
83 20 499566 506537
27 43 247843 255170
66 2 739761 745793
5 65 683706 690462
36 48 495620 505441
72 81 63065 69462
93 71 532444 534477
84 15 342798 349269
62 12 378990 383101
34 44 59594 60319
48 43 883960 892637
26 63 154795 157368
98 24 993780 994909
66 100 57101 60682
82 101 647989 656041
40 97 162095 162258
57 63 463902 472778
60 63 102017 102327
63 93 69281 77474
43 25 354600 364016
5 27 983522 984178
27 84 748416 756319
24 23 444947 446216
51 7 120529 127479
48 82 746877 752153
85 44 205671 209032
55 33 307813 309471
84 33 411747 416696
67 95 885120 889943
66 69 960645 968715
61 6 959407 968833
34 82 434610 443608
99 36 703940 704674
38 71 98511 99602
9 93 457050 466167
1 34 362229 362278
38 13 289637 299290
68 79 346060 352353
5 45 475712 481262
67 8 324896 333548
36 30 33263 33296
30 31 331914 333761
68 8 679262 680730
69 32 618245 624313
78 20 351375 359385
50 19 947252 949155
97 54 109706 111209
37 56 997202 1005728
64 0 44389 49750
80 79 91770 96336
21 55 165445 165821
97 45 557837 557991
57 26 824814 832116
75 77 789898 797858
99 34 378156 386023
81 88 559334 561994
71 97 62456 66874
10 92 772652 779130
97 40 747029 747503
88 1 322857 323991
7 13 491044 499373
79 33 484877 492515
38 2 495787 498109
98 69 327303 335263
2 54 414471 417133
54 23 76053 82385
54 52 563883 569850
55 58 712926 719846
90 15 385492 393303
82 80 620366 620390
84 95 110293 117796
4 23 734362 738384
65 58 97929 98784
99 55 675087 682006
94 12 47103 49369
18 6 181350 185033
4 14 979249 984194
59 21 452160 452410
16 16 529918 532438
51 54 968459 976563
84 97 557383 560989
16 97 94071 99246
13 70 558030 562338
88 34 130941 136956
7 27 903640 906173
44 88 386226 389180
28 16 920079 924368
58 2 914144 918556
49 60 362675 365358
101 43 942670 946027
91 3 337241 342963
6 24 622200 624526
72 45 868419 876560
72 51 959304 961843
43 38 7394 13592
45 7 846344 852621
64 84 441295 444854
66 63 684092 684639
42 1 298146 306968
