59 216
636144644 175015169 656751743 669713204
138103775 580329658 708598406 738994921
112605757 495930888 814701003 819756890
736670038 844326809 360511052 418662051
367997311 831223801 590539478 656024410
939888591 547804184 359836999 366635828
65102515 996961729 749937819 812965995
867939244 647536519 599817537 688409909
94111850 825584853 594592102 604831465
407754366 589815381 480738972 578544831
480733384 198587698 612700477 661217659
198261973 916971388 361331980 390225563
410981673 612744030 834567033 863812419
827946613 56094193 742247697 747812008
684849634 117843435 539750919 578068156
228659270 639440755 125278554 198956321
771395948 817516935 330971452 376814427
245688280 624994784 444131022 447409748
225928130 144488899 680189277 733087365
925506492 648804850 888480324 974464684
70898167 120476047 564406850 599278127
712022171 458190629 28772 50407625
791026103 209136017 783360296 837423423
829202860 536917761 983094649 997798655
816589788 822311402 929082103 1000000000
552594265 702090078 993023110 1000000000
138850698 255566902 680389224 695086393
691300187 905619621 723035889 801160018
111604598 632982487 402178683 461537103
670768610 38340924 440124317 444277496
268112503 720654052 403294064 453234687
965949296 521335715 886286340 899030780
17016295 437822169 367059160 409633710
624707293 608639650 908707186 941662158
386724438 331301944 678233194 762065262
936654611 904537632 409241408 437961494
536891130 382381412 67985001 117881523
607127560 64421550 8995878 52945547
821979792 622084957 136382596 228886016
582151701 129669054 522788890 571430818
163438054 80704574 866437281 932231177
754979799 644910255 77014513 120030015
451139098 89290760 405505706 433270769
168737016 416869153 977458150 1000000000
529814315 845707296 614141908 690942711
347900691 925192284 768739475 868636509
859029607 448053491 842908848 909609121
237518061 867425356 463056817 491252408
12904749 151871618 125750072 187335529
928699792 990622792 401013056 402351960
305838577 836963822 74643236 138819569
126010151 125198519 207446125 213221696
604509984 551967003 966411053 1000000000
501949074 368557525 124088541 183201264
688047303 371982821 562089177 590420542
887768150 546020706 300813829 306861841
932195918 848939591 429485281 472396533
107205295 770861262 473995499 530696487
358394944 525099864 595836025 677888249
301935155 658954503 194237929 205950581
220615204 79231014 15394626 72998536
670183604 563494662 320214671 348141728
141721156 665535625 271873618 311700451
546918244 311202927 687838448 701593539
734238598 500944006 872145032 953483771
226740911 657342590 682687495 760209226
76416999 215204664 1607376 17314869
835383886 929651316 866621199 903156966
834844285 936271662 927014197 946009614
501466751 260701079 947506321 1000000000
735818064 337354590 260599913 324435135
472055677 474272325 688796388 740718177
575923726 613889917 537495417 557302532
36185592 362557609 466299341 562932381
940364229 427839968 627086451 638357818
945411679 299836344 868838345 966462020
838478220 165148694 35247491 73878393
970754906 913409794 316349788 409630851
763301132 324502066 501574828 513236574
481197017 474860247 575035841 663561690
601396704 130133755 913166270 1000000000
281797129 2005943 303414774 376364470
248354295 573467103 108986046 150474991
864202089 575884387 883800952 913065061
679427328 800875574 42196544 66110626
567877153 674155995 203055787 292103812
496105333 916949067 927080281 998501932
417223459 795017946 745381179 775352828
455814914 34312095 982129270 1000000000
388928214 903365753 855275452 928322532
867040481 463563334 750643774 797490175
942650602 814585215 822787127 909382314
261229103 55032808 246027733 310334249
890138021 302608583 756883194 843231308
670648054 466778811 842926110 904022018
986350833 127883335 776435638 819696927
16117496 485588060 78218004 114384878
172936819 76639146 539262555 554027941
396978213 859707535 33451676 36526988
752517650 833733051 230097451 307345226
387667334 789203569 231296790 323317600
977590480 3235273 895507482 896739680
729572378 443008190 284477175 329272262
566123177 904373690 854354102 917292851
707305836 88880411 240927770 317970327
102373987 878441181 940601279 958167322
467725040 981925098 575484358 619696757
213875316 787784435 122528322 211426243
899419285 32966398 58983062 136670819
164639447 562319818 495070278 520217318
127202848 942887038 866034466 897026102
83960647 486204160 78720174 88605826
230926403 518379309 255062992 261853612
530401081 366251314 470953762 487771948
9279862 164344406 112966656 200693806
416801895 592905845 608388046 669135991
776105309 84136867 932088544 1000000000
422586780 389778552 678583730 684010141
609475450 657029339 68957000 132516293
288716983 981992354 367136116 466484615
166040473 407869336 420057658 509096588
831069647 402687868 524391646 607728142
712920401 746819324 122719970 193146135
277872921 229236668 824683065 919349822
183018840 111313273 18351587 78080240
457412714 660456340 293815074 318727997
572418588 822508133 480801999 500245323
799181295 193901331 76273267 155246895
848499089 768230795 762667263 852877329
897141277 713919065 362569981 407264697
947352328 32114355 450631771 513432470
632268226 155885562 805351041 826465387
435519945 400499572 657831048 719093794
306257655 946553265 891759236 965445841
962237654 360972094 924581324 996816647
314295008 325754355 199774433 225564856
619266283 39266600 123800481 182799392
333085931 961424618 37302254 121379495
832311322 380383756 892076434 977374133
55227366 469172366 678190797 718961865
525669758 785814232 512321364 550021585
802647470 101605808 567387716 665616895
427632632 440942296 37253816 99212117
585200296 114247403 49092723 84623838
998311072 366060358 832332107 855257091
983969101 169510958 593895282 635646539
109106547 575769734 911747421 941622711
528853296 973314842 270560112 325187108
981552781 527740606 463698964 481871689
527432740 220693732 579406986 640291304
11286957 587097901 822587035 889381354
541797250 704917868 10124864 62459319
688884136 129750163 492405047 572121103
167662100 112255505 333292698 371378029
13745215 809606871 963157399 963839526
675374052 682786289 699619040 769392462
938450276 209479332 640060019 738486208
655790930 777523426 359947031 422682168
303261787 46502593 957709252 1000000000
537219071 978166781 766056205 834185021
982488627 641975758 58830701 112998755
365602340 971737698 439257483 469833627
794517084 380473106 112638976 173134353
394154405 661425290 293970541 375066332
851245314 120311534 835085005 874968910
392193351 616088638 394566712 493002730
975718037 219071623 655187968 744865854
459487041 726514558 253160491 323615689
586274203 202234094 818045012 821660999
687329185 290590076 744869614 764680878
222087633 246007310 397397971 472788844
122035481 570152812 652568963 706067168
733389328 868717591 641367784 673963246
416231216 649655637 854220074 902410437
769172810 118362728 912556977 952775200
648762388 707620998 981478562 1000000000
488152984 601078215 603794874 696348037
991607706 591069067 583240861 623532995
518777990 230508695 168026425 188591990
597854400 99820464 15612409 45052987
701785762 744905346 760631253 785430628
945556937 479301750 600401886 609362253
291100025 646647166 801162533 887753998
613319586 586543467 510934358 533950969
657265267 882501724 497464814 551718548
164905161 666465538 30354938 93952619
249963533 122016427 175429559 189806073
558652731 19210269 833910067 899459687
522427603 441147168 113010646 165646596
635778593 397836671 651482470 676704032
632791964 266262877 899418063 936762668
78123143 880326003 808235977 854317911
514132837 782428455 368524396 407361342
657207703 767451428 67576780 143515917
245022106 278568167 732729383 809243997
8002438 197944617 200204869 242111326
805842186 752287561 205474135 209842570
266685188 314242805 152259232 192861858
507176939 923779404 110125374 112778762
248466357 707606188 837966519 867630373
255363589 977338090 6986262 55485907
328389139 923069142 155211630 180188796
600293495 714742338 720335703 745860981
814317527 509618932 938920896 1000000000
482116676 827639625 886501692 959369180
815983778 241186869 825736583 854102602
601428050 902415080 184452855 196261286
357403751 981656004 173690471 227299154
834147574 316141423 708634005 758308221
878997141 604899802 62024055 71735935
681569942 733112722 44721062 84230567
278603962 101290659 576695263 581095743
303305095 871118086 318577264 374007335
152060143 439002449 545587995 633506925
448735211 100466530 529782236 565089959
503473963 540601667 629379134 725205795
