48 180
354913250 731661436 846540986 925489083
442393407 540216639 242561769 335298693
580970725 699827576 923005863 995097029
538894111 341118532 915748717 940987623
816050690 421253142 446698696 535237793
849831352 540249830 422962557 505265591
177456927 484277515 203708667 208058544
631748094 965803423 59472024 120341097
544526918 952497893 834771231 850143744
821912776 982475209 567318041 655065175
386535145 132719781 976698666 1000000000
953267048 344584676 846223371 875280650
706907935 236930325 418771245 491227107
676162138 236295072 104339727 193093403
696361737 949897082 812865950 883371103
105530856 955694745 885560 6146479
220571931 747507198 609589238 654070941
119214832 441670903 651083386 691982400
240463641 306063696 364034637 418070977
697019769 909534065 170969124 244834317
597544866 488876455 101629245 102498670
838537641 407888442 606609034 633671913
132370718 69941582 55643905 95363695
780730146 645777777 613334598 674731258
505860190 853840176 949806622 967054232
838534398 18809999 814608345 829360872
664665577 998042113 600617599 674103561
443945783 721395091 380857577 449942363
417769565 594682746 613955087 700834270
82150969 576403828 752379569 800338087
326144767 564037710 764287217 858490140
748770304 722283650 607849476 664937398
320446345 382164482 970363836 1000000000
157443628 992590424 656965318 718303666
225764143 195793562 488919052 562920508
766118988 733855648 986239710 999463971
927788501 426269958 622568337 676505684
512417516 225877366 156732134 254565299
253593580 268889702 215095126 286016852
793287692 282656565 70913919 167973507
250116174 202509660 177424163 208865169
336860347 309591655 92446263 132405952
327924530 68636504 623616961 629817813
654857975 72071175 344478856 422468851
428533972 149607212 632378230 708558266
724426741 473871693 657653175 727758119
943789362 190876978 951980229 1000000000
872089070 946901876 166964131 197571724
704045701 568876221 121983541 158225440
279134249 286297117 428735549 486572890
870604853 465089610 301473307 349432244
182693260 341659490 60277355 135870824
285440107 505592027 52718218 110159742
413635496 813588655 199383688 219479003
796616072 557642481 949947782 1000000000
180656024 735633833 180070664 263489347
497656014 661291475 698317317 778293278
814222791 133800534 250314715 282058408
169653612 285306026 321123146 399631052
742588618 12785479 250267703 342949279
135049442 871407293 169842526 210908009
588067676 733860526 778444911 835552586
256753886 761509778 169578302 215238444
140187389 261092400 590380462 626268730
299893481 737263038 586667785 678046443
517811847 633958342 227554288 313241861
626814141 825305021 541022174 633193475
931905587 251329572 498675946 512246644
795230851 536569021 868492767 888988618
379498935 543493265 997041987 1000000000
773510416 48476645 894091372 973349317
305813562 953293923 74090824 101840014
378666835 99860930 549229620 590100085
410654042 309911257 100312821 129643722
468519024 158118968 215816017 257432253
171776457 598697385 323963245 360401447
614026799 711624289 384084995 401045344
74588250 788927595 871858202 971703673
210115622 814978517 150559955 244824058
755627447 157615641 242948677 284068163
128489192 706457793 127556243 195321975
124100993 725412336 609776148 613259787
995708529 608277084 922595886 997851716
445866856 333368947 856613211 949587671
586268720 655287848 132357254 212865414
982448656 546465657 564262858 598729651
567666050 689798498 567122913 611187473
601914305 593339375 673885080 723996561
938034221 582712918 733380749 771714697
934612257 353075614 407260204 473303150
165754980 793248057 220181678 231360360
532587643 881600759 282794160 290445862
634888252 126313879 52515609 86785119
450861162 649512742 102366296 167424806
217937273 118614541 829453098 868287051
973085755 57722287 984379866 1000000000
837991595 486795403 552286106 569661893
233728741 937574061 305582261 370841755
871406278 478432646 723715084 789623688
479488399 715147695 597276933 629727032
874852818 400582141 207363737 283090672
495784165 715057789 988194094 1000000000
424130950 817040611 268031348 342124649
66019081 690261897 671709421 760262972
867410664 342973342 985560859 1000000000
923201003 66237441 198795173 234885351
699448101 404625499 674882710 760400622
180600105 136330057 481304974 547187859
180288083 837662797 766036809 804892838
649253047 218092023 249589597 313272136
82499894 320827998 971592229 1000000000
625336630 568305511 637678921 729978848
365100670 369132024 703699756 784698904
93358034 469785183 723068454 745369192
169998636 480030579 603192529 626964248
365948527 230505698 941573058 1000000000
389487115 703469335 223835973 236093921
624529026 499954651 234059533 276339488
753731269 855948758 976186417 977485540
729598744 213126653 178337621 242896226
778604027 166132528 873449466 910563131
251235546 106551130 487264497 507771274
426243424 326976730 405394229 477065239
859505406 669026925 614761126 668263221
315661606 685259325 976778966 1000000000
203343766 980872293 512548766 595373984
364713699 905811840 504268922 517004969
546059641 922155047 924437941 981843248
1791650 151510862 515946617 584172103
127497948 671182778 35674355 72137773
598714858 530052032 52607433 67782728
578521115 504662043 656338980 656772271
412623806 664068627 389433271 412959623
234998529 137449261 291811841 314832766
759815743 954200905 892476496 952297560
233108149 300066765 239264490 265041744
670298202 203561829 175559903 236688492
32862519 86154072 687325738 718979897
601380285 882189494 171346675 218941034
674548517 265435410 249377767 256224355
296518319 523152269 902792907 962590833
125265505 753508406 862627686 940026050
982696467 719474727 555705922 568666991
903440724 412626544 923845110 997988916
127601446 869363354 686785911 758812945
310218755 103990240 332832930 366794301
331947201 143488795 720257169 799014845
154010985 479301177 19210182 35432034
551742207 204794527 349106000 436105924
904328048 549853867 874510162 963218801
24788936 45990400 122733320 211654958
851779284 486307922 265360831 344710519
766629789 747388906 499895099 517955779
611323103 153554000 404705738 476567879
271651601 162535802 523921927 586845385
98150486 159514461 935814391 1000000000
502954160 558856303 651449854 705785272
171421987 267051377 722281838 818935399
751353576 379740390 885896098 891453436
375105028 745286499 798189804 810909034
673089481 485369044 259525805 312999611
850916789 287857308 182977583 229128972
988510660 602088948 252777763 308440303
905601683 667148857 875461440 882546884
861097126 349195092 949504928 1000000000
416487617 148275368 968223780 995918114
929315495 70869883 913084966 971483245
438743372 126677036 741324279 814913149
228280460 101110921 505347520 565418853
354121229 215381284 796153537 819083745
756536450 994665294 693374174 776041800
647232006 48099201 779199922 822816979
893140012 83915694 347355150 382261549
903154509 141851950 698795552 787551811
51724910 629820155 428116247 439088584
763951951 732835458 36487049 56657082
177847169 426904252 774703793 864653244
886859094 886754350 880287342 895226356
259277736 248397476 221267512 233573724
460003580 623386482 515417375 614740361
