291 1855
779839047 502613035 195004147 225995160
92204 345940092 739050232 742851278
572817755 981729332 402243981 438138624
36038748 58387490 920155519 988064598
613426666 650445065 900567090 907421607
793986834 153875318 997400381 1000000000
256522859 988328359 493623779 555616650
441627542 794613146 148679455 218281148
8236113 275720474 107013944 173095184
171680271 738843161 285937573 364377155
617987580 412596921 502296144 509564414
963443258 401976798 477980558 480445671
501095796 567953331 879913514 933484902
925415029 904200686 286327817 349582939
85177112 478462738 452114544 457110191
26639005 574903251 27079149 82502984
467457806 367453474 214620223 297916686
981821458 117493143 913137270 983443699
589257777 936240374 492018123 557532334
401627441 727553899 660098969 672170970
787770027 703909715 487600468 494065223
279476348 451220097 702408148 754300387
332780716 964248393 225747925 306991317
92932769 994652012 956810656 998408699
270396632 343590836 932817466 979225784
526926133 505543496 812683917 829362399
764973832 882289222 812169897 853829690
175472380 752846941 883832065 904169237
146810127 878528471 697598275 751642245
580929887 981443023 830270472 864844620
745155519 125230023 137067365 175946530
591596041 724170922 660844553 693596145
435167507 894737151 656195297 687635234
791822661 320920873 273713431 345562568
41923092 644871389 574931328 633337718
720796555 765237106 937217837 982909865
669086372 431223166 586857521 619688496
467540283 695534686 541738260 550115428
426989609 714013182 273547092 337053269
740050520 623415807 622800672 701535437
144211474 285430892 150758582 164153768
952735030 681395918 666220722 711080414
639310520 124579350 6859500 67866327
453035269 289910794 191416301 225313066
736787358 755011795 269996634 325974381
621893194 891469623 413699122 511221766
159459435 547087999 737943566 746757661
597769383 187716763 507980407 538338322
774136218 146422633 226022993 258669088
425138080 194356344 388141223 397476653
124326600 312373652 138001714 222802011
139509184 171416286 799488413 868423657
373267949 412642695 741756987 789519310
168876200 900729352 928731989 955752396
837144564 606894907 362936259 370369632
766876967 62569591 541995954 578587305
146840337 453401250 222174554 253940491
85297903 17485470 542589333 543096174
731699341 531273046 522048062 620272365
897318513 625913842 68367954 71627180
553470451 998491872 679900222 720113130
930611270 928206359 909643394 992426581
55154437 787012778 302206109 318965828
330875960 539999793 132901690 134903597
56807691 746669285 815058487 889608141
826815681 283585605 898834436 954408134
566386279 858381079 893794804 922509105
526724982 825966392 610729488 668451708
863985823 596175434 571837435 624582491
633040921 35285371 904806267 984865267
200342843 198471251 7915579 58871266
359696605 90425228 814827903 884965056
483599302 283609897 483295389 549672143
342017701 994638710 60071089 94604096
916849640 772383813 812657093 873908461
255753595 438733430 949141150 964099293
439984881 607931326 438124267 451429089
734937474 147940056 150197980 203573504
244369264 949770325 427219962 506380955
764789638 797681725 293308800 343692815
89454445 779171580 941423955 1000000000
227261476 792971208 493289481 493956967
860497015 552989079 600209242 665758143
911684908 72410956 89781605 100187216
862599574 798941205 389337766 439175473
960592432 9029706 494629520 538474850
227863800 399225803 241829075 303691088
487849265 931607482 466662835 533005647
205696976 220372035 963158096 1000000000
976696165 74434483 969476387 1000000000
775077934 305891278 961107412 1000000000
883234932 363667473 135793221 229271062
330742401 88751294 159240120 256734098
386805688 428673439 990007113 1000000000
80115146 897672525 57094272 91401179
722583042 325015768 190192842 214386189
527277745 802175856 814612194 892305994
349002524 252835161 887859871 913941634
479363466 644003624 110984374 162117124
769532626 601277110 62019309 120770020
740531200 466812926 378915525 379301726
987875852 670851330 714606502 767020256
854675311 90551300 687750252 739617311
149681585 264479080 779583340 816302167
627565868 740751611 690450949 705828250
75840235 45662686 206415479 272504453
526280907 613034374 72850632 164458374
336790614 531989637 77046542 133389159
822905005 741330229 677931051 740159557
780265807 965427531 973632853 1000000000
828791174 843305315 323395264 407854604
368751368 106838135 197971026 288631523
597617522 586261134 474912658 569736087
247385404 301338094 820701283 884123273
309620880 328596898 683520184 763792169
186613416 576008582 394638226 476654575
957881249 143038344 755781042 808727931
471540889 753210090 984432791 1000000000
347363637 982700583 303812371 371668905
847796117 204625397 564627194 643494043
821433215 946162684 225491849 249773218
957313929 104489645 688952346 771004441
661478837 44776559 682440749 756187073
41962850 69893085 290202057 297089178
855206573 843322717 931619676 1000000000
974949584 55653542 102825731 187499820
948716539 201845729 102678242 176225094
209302366 46648319 400332409 413268348
115891128 947144043 640906775 652677581
11433552 375052858 774673890 808109685
855321992 830268930 488175832 531513951
578619748 181730578 381768459 451055677
981397819 249758892 861174331 913375145
307331435 900131566 291770570 365659045
791728905 137950988 343735710 388989369
630823501 767324374 64055290 140107782
355556060 541464936 49472852 59885429
407282390 258779613 802929545 886433635
362470570 550814573 226739856 285373733
390578015 928475563 111938946 137226482
60198620 814094959 51156134 88751172
427725235 464578952 949612133 982163755
291966420 699642687 512231501 534404777
713280254 574024362 58937722 133600993
184828372 141873342 33964219 90774565
780132209 412500948 475104984 530622391
405841065 625475736 894232013 909028430
153574635 569115067 255001201 314987447
642767492 108734343 173301065 239763188
634589983 845814121 116037906 133101014
742211795 772535491 949308768 1000000000
157808887 780440365 19365574 22400894
863894118 572963987 222056488 229487038
503620249 225084760 45649651 107211088
423971020 36053045 136537316 177740833
560227607 909267550 722158591 739560939
772276215 100187686 453730633 505477080
236193971 252984780 412387956 423814195
664407518 733402157 582820975 678581451
340998800 866859360 119505124 205253495
324686279 490333159 394848990 447499763
134424983 993107263 789602656 797352323
62676488 822639675 396697857 419472967
447738633 559033723 82694489 149886115
428650065 256805216 817377149 834553256
761187134 854204356 930168168 1000000000
637898816 483164564 808012109 852235736
864515633 40057153 553308175 598276290
161799082 512152291 211887895 278420670
788578164 58821555 276185361 299459591
965193424 758672455 443509594 454122347
767428701 412977521 793522703 828342906
585859878 173741875 781209521 806553839
808922438 166472343 392998783 407325323
395568970 517794355 368289753 396112221
153746624 678683566 311220267 373852755
307512302 432225370 830326392 889941995
678280462 89440306 135498906 172732433
619984745 823649249 613837777 658959162
676403188 538395878 797428803 866129207
795350651 612139000 635795258 697741513
788908085 505439695 418874947 481666397
729051801 292461158 387390801 481418042
68769311 311934793 119243930 129009500
167234850 587663452 795111783 800199440
980517060 356350035 525173255 590908288
551223843 446151823 685810017 782999255
77485685 535910642 202915772 248141333
218053531 103866098 586024611 605046752
728418978 355130612 704329477 771624315
358341839 925950743 366512015 454400882
435419777 1123351 26181425 89616861
67026441 483468850 384133971 437128391
965937867 635077614 683806598 778081948
779760365 554245964 34224688 55824492
29405723 870375525 296769469 331706505
688039977 455252264 48624804 141719386
214076131 941117127 569683341 637011347
500663608 65169631 261873909 306180541
289875425 515275665 33154739 85222414
759552198 157174918 450392658 549245198
497965808 957293100 774286658 872166753
101068234 422996015 109259378 193718151
961323467 737862648 238290382 250618727
945083680 409914086 254295567 293107347
797271775 591281804 56786618 140615229
976877529 778363499 820639192 879336676
601031084 183098679 149140850 222191167
860753348 539678202 598532657 644190498
801577415 503727608 834711505 882839367
35801106 137861079 747247022 812836542
32474772 69880144 649014480 716687719
871751067 579672730 494766342 523980080
96798970 792732122 748568221 773554021
517189005 823199864 816668198 905364670
443992891 616709577 956462571 965029959
667459615 637953116 644460105 735288577
491128574 479419047 924706658 1000000000
674812174 587692540 381854970 409914698
921128713 644568889 898074059 975820405
218809858 380362360 485040748 548620558
429776261 585637552 681006278 769293373
822743968 748578794 809801922 903213895
908499133 339303554 787309546 797488231
992465748 272380663 252818830 292099436
142504374 384504673 219668702 254185754
223436071 105606550 303745660 345973321
949227664 816823974 807187421 893966061
460818202 853248458 50702696 130021419
700156477 399956758 560389295 659251548
135640963 669337995 926229419 1000000000
651319879 478167300 979172687 983099598
924680840 215533520 498543396 512226262
588760777 397443598 930639730 960870919
489008783 967287469 309770799 379436808
349646858 544447434 203189788 277460616
448214864 135454429 642476232 658762045
184411988 735528920 997153867 1000000000
298042821 532460920 577675522 581879263
464942057 404383093 292534824 313442800
332249164 197225770 865176705 886860070
375263438 40420830 539094670 598532319
739366208 705549362 229401176 242895851
206543388 193225426 602070956 648426855
432443622 101237906 550733660 577637466
276960709 195754731 900284214 946804346
716681559 983726712 868767145 900012121
884893396 330216221 765563185 835033620
246515966 160056235 220038335 279084209
173890442 244905053 482934722 517789082
266206143 857589217 688308760 785945629
367286336 411422801 165990788 182947763
931681180 752080830 319971002 340376006
416088618 864373392 676343986 738284582
181658159 684713037 467914816 512139178
152286098 900298763 251964164 338655381
12379965 273220008 125065496 180518897
703625524 175916052 323783646 360454069
146132549 678933037 730806106 755749576
515594414 829461488 45946675 141887473
674371069 874311951 580033321 645405265
700453954 495161390 629040258 695983221
670355411 613788073 775081865 867126854
62954051 559441705 778876485 844125698
861074338 207936899 235380150 311122147
527130417 34586447 145517765 245340437
264558565 404441277 995125480 1000000000
936435367 641772887 113209938 186772754
830207140 194322343 52170770 71651335
477390632 541011040 702713328 710133229
30229976 86870338 408579743 436128461
633103006 239792099 212794186 291424160
641342857 825583214 610643277 684112063
351487653 826682637 318288343 343423943
349924489 364483157 88572173 151030844
137666114 563943504 377457653 465845104
347128349 312764236 779072413 872988118
504745478 797755415 221348222 234871883
712152194 243168061 715770354 723074330
858268176 583930215 856156390 861699615
519959943 488392956 876215901 889750288
444841336 806875451 328582921 423045526
282850964 251090877 912591041 999462462
666029045 240519053 462701309 482305973
108832666 705457698 718155995 721449016
139189363 692732850 696052176 778435053
570078482 775156972 21295719 84865912
110972338 309815836 298351537 392490005
793956640 971896716 391986293 452148588
57043455 14629269 519537858 618164788
165561899 295092218 269102473 280116398
451781927 486836697 610694788 686257771
635405858 868331620 274726574 330834005
867208015 441692000 552062212 592396303
76410401 710407674 703723741 789731165
517861704 984455902 727435764 750485468
968769423 917146586 50752211 125615078
961363427 771819139 585497145 626411262
772261768 47469124 626641668 668179114
8792969 57550048 659908 1499154
848646368 449074186 315125743 357137433
991776679 602705550 533311167 612532527
191578677 94324672 696798207 709216340
163523481 886715799 627443350 653715922
643957157 121446804 972330055 1000000000
30394474 214025309 777421383 801771328
974676251 679738279 530599338 535972938
241458944 34999078 98625594 145455037
340781536 561965419 509632404 515589842
717379667 431314431 891250128 947001754
290403039 504316887 498833306 574318183
140149177 51923515 350595004 450209013
568434044 774513379 729663451 753566059
455520624 610789727 541893770 614523369
244005544 929762941 103178123 178818818
504691252 126701843 141916001 188681499
923744158 302866064 882623261 968674453
990055423 951569250 112574577 121958934
778709584 673247395 779998082 837579450
192217551 706203543 627139729 721909218
327611454 557434624 539312522 570890976
835883944 865110940 839272709 849195907
177296094 81046635 949866424 979716849
207371704 437192408 807135288 858882783
275287071 919921026 587794832 661731559
829843665 906079544 178778295 255513125
468745743 320330175 679812978 764151676
283987698 280494941 830037442 872851759
403710374 699666274 414674595 482140886
921336696 592950736 504404404 551560107
116012347 370199033 992382785 999143102
193039927 137497558 203425482 207638797
881316278 120098175 365140305 430645189
165518127 985410183 269056609 353093991
226332823 858254825 680352599 694775736
328405371 561001566 102557912 162261808
810048082 679441942 41010120 91809603
620853360 57073567 109583591 162110923
156471409 800991830 735780280 806728899
226201704 149131160 908882646 923597129
89545253 618775553 808759174 817201947
836193115 990799421 271540129 329247511
463789880 591004600 471382192 520303513
337088605 254014353 108907813 144142044
193905645 423478860 517965916 534784654
852074770 186555556 218681643 223194073
714415972 225482869 353634252 362016657
898556155 670638909 765678345 829370819
796090604 969398239 32838523 107835210
747046277 828700249 909818682 934170842
610003299 263893925 716686607 791468470
20249397 86223255 834168121 847243680
214560162 418370839 421242698 492868714
717871488 7447633 229376829 232781919
676113960 170519590 235935709 277886054
911461950 7043216 520007792 577606207
897202876 989001413 335244205 400314167
606403448 794876067 884176726 920986796
872650414 825802152 512268070 522445683
624713890 795351866 826156649 868091373
491880855 794453738 671153340 748520576
975480109 341646086 453455909 518646686
842560965 721697857 828598950 899338498
171627870 576544235 9385222 61792734
505820149 866393195 954852085 977785913
711940711 118791198 217982326 221083802
583241660 754693545 59187631 157701842
758342637 106430556 414811725 489052357
830036271 230158227 153922296 154040862
496107677 741395173 423711800 507981714
344905211 239444808 990269722 1000000000
822699161 93330322 366068767 440132872
101737440 922650715 500954042 544125267
231979885 267077952 63582509 88313526
880945378 285508803 676244954 678009234
423068460 638433626 720707985 786257392
204345192 758737248 333823850 387883968
399640299 568654296 89305326 161438189
946740457 753922494 101182483 198422621
975684122 74888924 331148170 408767415
624570268 711336682 682658865 713333366
283112654 482561729 961731322 1000000000
307765477 212194100 778200652 802960049
165437155 467870623 547287861 634765518
455571241 586384757 243075279 247457819
745337144 627919880 297386491 381875481
905732608 967125685 351009373 443988859
59046204 151664132 832703303 905808528
919469289 357868963 312947764 366376051
39561032 66496484 612243891 646685933
40571662 384319738 10127 98085570
624600540 992091290 484058400 579127845
986720623 515541388 552619991 579280193
761184767 405057519 637920343 698107824
766283873 674853452 658087597 685187610
3963330 482070153 891344197 967915169
496309446 22114469 221505546 301225616
856813479 748956596 824617919 836538605
805967876 961902676 183934990 189378379
425861634 307245369 542132900 551019382
800627102 641270771 501831478 542102758
515341413 306419982 629769392 701432051
13355919 524915162 548550456 561138708
967219058 364558429 634350428 679809066
634934078 58737728 100661506 155960325
452757305 600276357 633905529 724630428
455245153 292946913 636330569 680577259
983330296 511010117 648026905 705521940
581594714 473709577 902097596 997377591
895582996 181854749 900349946 928646508
794069258 25867909 758827660 813366326
418808109 395670821 621430955 657532971
444283997 966970046 280624466 361752687
783476779 553928763 553502052 648039010
617306677 738354896 19631777 117336193
358353537 448341627 158508909 190770627
655212869 373706810 168751040 202852092
76492355 656653474 494315593 521648323
786644983 579514835 442456277 512557633
205604440 539906452 952290703 989205006
113842111 78106843 926275315 928147789
353869216 590774788 56683305 65928515
451444301 549554375 722997242 778879586
72727048 772195440 665756061 692639716
334348274 217716561 589296968 603617758
566873526 833617293 967612657 1000000000
184481747 853635475 593367461 638306785
549988037 67776064 602326959 615246658
185388636 336398342 705945408 767833867
312175929 963207415 134041585 232813234
334284180 463747923 860032061 908767670
109109532 720474684 259259170 344100716
636387575 167422273 510497123 525571147
250167873 211761493 187056478 203956491
160652832 561712963 813780491 910674222
855009774 626801028 703560880 799244256
547285264 698270552 245316378 335789350
242142060 599768060 317481992 374525492
785836971 471346043 218762845 313553458
945154259 142229196 195815010 201167047
484935505 906570795 75212866 94306546
333509344 646465407 417009157 445692608
124126265 221720810 923156217 942445586
609129583 114485298 133055700 152209027
334099941 348526014 616956573 645904261
142222373 412923066 961770520 996205886
444749540 167047162 870585638 941205641
426138030 625090763 989364736 1000000000
868646258 934332634 618572347 704454504
987174250 415039658 548920953 595425576
830831004 253293218 918411547 939916387
809930287 316769744 901748644 998057754
269818538 862091458 253984966 277792576
616434547 320564323 970972242 975930329
925299446 390642379 567184916 617755834
258424395 187753884 410027270 470874618
417913356 356506735 100088918 161953868
240435934 132318475 139512497 152246482
396329915 66567097 547302082 585258996
217058170 399597108 233258353 233944174
666801924 298045232 467869568 484488306
506682467 831737328 70509635 108112835
314571522 724395838 275744802 347234929
860317605 591770517 502171091 524722033
127033835 738024157 959169061 987087966
1201518 917987623 620249038 671644656
88905697 47363012 212063345 215758888
779874262 365573183 617627973 696796953
743704068 211026816 480171823 545038540
415525805 362432747 410597585 460112258
319346202 807117882 377777325 474052116
134118508 318526825 811117366 874667206
110725585 283755557 650265264 702231395
992386571 875790703 592057236 637340479
852966996 417776363 332088789 384180365
478846212 799941268 675199688 761515355
599033496 686103184 448033558 476351755
5758855 25452386 727131286 796438754
766736800 553101740 705532337 784195713
212676265 368447124 141320601 154285815
796513627 193017993 454037748 480872165
203106869 533759923 630325637 640564106
97942601 327359537 760490632 820240825
26044686 219334871 857765946 956774591
974238580 152923650 961052372 1000000000
627033810 843724177 858661428 925297223
252712722 397070433 75392755 100362683
817246666 821337094 855526094 936383339
591687336 470742283 631473666 668514891
26437571 422560087 493678369 550338524
564134335 175594070 541374131 541975479
690641425 83951396 873495760 906164178
497941223 459716667 401597681 457488598
842739270 209032283 235516635 310540636
311729293 562582469 9218391 98135546
394329317 953850639 761344436 815882057
938069448 269397875 663310830 711070715
484077702 777832084 737688325 804321095
947845828 606860445 547121829 547326523
36526073 705772142 58277163 96639236
616327537 202209531 612859566 637585517
632848369 403920135 668776679 671556520
65056544 64271330 912781143 986167602
968791686 737684984 898798790 941444254
414189147 171218039 96037199 185089531
290676775 558136130 516022210 559397813
958353121 629955802 774243552 860487616
385246480 201213542 910060836 945903468
656441984 168419150 502712552 505325003
940806016 708468739 436566736 497834744
324204971 639084903 171833200 252554237
263531135 716494229 239978992 315647451
261894455 149118654 396022349 456479331
655873995 380533677 180140856 194537496
992965592 488638711 868817848 927155551
603669608 171108811 987682268 1000000000
65137435 791294328 702668800 772172589
21649123 880922550 880647518 881517630
160580099 520791352 254493234 286617205
4065117 127776323 50732082 51620544
654539628 2778313 270502659 275364380
632185268 385757001 89992510 127087319
294771893 44468065 517038536 540615793
58317123 982067903 190921715 288117603
217250959 533152119 995468696 1000000000
71877808 534447946 328279650 403919576
614702727 917136577 400617695 458669156
727099236 840391957 618398414 631581287
778051045 315744153 703722904 789346917
437954258 523763629 95722284 116175219
534263079 278123396 389066159 417649661
203482432 805271923 105363864 191372888
892429623 146861841 122582974 200041114
619984256 741208569 604430302 694020800
479799612 996214844 170276473 195594604
982425704 598080012 773703313 825073384
743295646 831319930 589009407 592396201
920831181 800015077 46041948 136870700
916581979 432405330 654784103 676753529
622980530 665743745 990454156 1000000000
536116525 261809171 864632688 956464608
582047326 617503186 239987873 329465166
166302752 406863352 14305019 67182282
889638128 212739833 869876557 914882925
110640571 864332657 781441381 792525443
31420239 389150953 961507125 1000000000
875904283 472259460 720508513 807619944
523416484 117508042 672705155 674023473
55884439 618402660 757288137 777204422
953008481 697220450 38785537 116385292
953793890 81117634 239167850 250262345
407846857 608937181 551074497 586561825
143359912 245805384 200129944 254581219
99815099 928632916 572269536 636704622
145780407 35658964 834016943 897067254
25080172 492966915 934081327 1000000000
984276478 412880660 387649807 393402951
430274537 768865425 966661935 984140737
786790892 712050839 221865053 289242068
598447031 430836627 58804156 106975674
270246062 711651218 461583311 561567961
273946803 289532440 833565051 864404124
135332926 174246927 555826366 626542386
891247987 321189483 611646489 635699229
514223430 354251601 113776935 138100936
183630751 197023503 651085431 656976641
748831465 194083345 425169286 497302808
542957317 149896579 392691514 449889811
76867811 8113766 315302282 402457986
627925753 821715614 666513682 715978192
495182609 349748741 557993632 653769476
161303515 554784173 27179604 96050677
670290012 970289732 786786521 861804417
961413547 746840450 421448078 516856946
647770942 694444945 96312323 99662368
734507769 96641027 160733465 209734662
995614555 212746331 638737118 738422532
48463264 912814715 234193226 303085667
312528682 591894198 897064865 945504491
786272035 983476883 789916500 795027852
731724258 743083959 393782326 433832910
551138968 948361762 980072966 1000000000
964463179 927162623 512614053 560610724
799773165 576283399 349525014 426857244
632812098 183841452 524047275 538806493
434336814 58899042 762639870 767973313
943126150 589004752 295633460 329462424
144025104 182872336 837435011 879779340
957035022 247630819 501121980 527242373
745206100 530474138 199701940 230942419
828397819 1002024 189763781 232278759
134355874 992969059 324858625 352871069
971839939 170461770 835416763 870098797
114641098 155380034 337540847 410340986
271329989 271522143 118530080 176424979
707294548 558205401 639014314 674138621
684643345 832418203 332524067 411824478
575239093 798176773 8839326 92474929
668238389 839217396 830069648 901560045
137171278 108622894 993969047 1000000000
457044674 749000094 659740209 754431919
909754632 285032513 18450588 75647323
963872981 416870125 311319611 404476241
867442868 481207912 367349815 403857525
4226830 395185775 25764599 81262005
136342191 856183932 920558573 924287946
430727621 823867372 666049379 763540376
558023352 967912700 470271366 515628945
987013422 500543206 400507836 408493114
160010699 84476116 33883093 46538302
378798414 379362092 508555130 551902243
473045689 100975575 993724307 1000000000
900526939 69431667 882660635 931827703
786708771 239825991 980769205 1000000000
520512701 675188766 147337313 180912208
492516584 423567934 216276893 298396557
827599615 201892622 709526546 768702854
940591578 99022081 370156141 444171438
516993737 179672759 364049934 438774203
130296721 246318971 680746439 695853897
698337460 439476606 366119867 432297485
996195509 599876961 853826707 864793705
955032060 650259215 356741963 364012276
346206726 129557322 676196071 747079820
568907199 920513438 884736447 910815070
226447316 191262259 237384732 303441949
735809008 9742285 54333809 148769189
43817807 237252116 112285351 185738688
63520602 902565632 689192929 728328067
572615161 14612880 260848641 314877152
365963715 937427743 386369980 399503495
661391388 150972700 178110808 256313480
3702856 192435413 778623357 780491475
309153035 21742264 455980069 530411632
10043518 42569721 512425288 526506048
878025639 501728596 759245677 760378668
995715923 779947169 860692289 910762056
882521100 926714824 803179991 806505618
496309213 798070952 765420458 770884805
152198214 408997896 904231381 941350088
9713742 875461793 121733373 136925465
807083295 314740339 914686146 982840894
304278251 244397226 994895439 1000000000
48418095 54513351 908840754 927794407
670578268 485579582 294887356 371667463
394965242 96627545 217760168 233228382
350544023 890706789 849808950 906697891
131971069 833243191 831385533 864217774
930950515 47284585 293413433 317170377
284415754 29066087 891217641 976819604
128764767 944867389 975249823 1000000000
696458099 616689782 187961482 197470870
925090022 98232469 253048005 284091404
880395256 576028129 68930622 110030484
36967753 362828344 65883626 80456546
679587322 197520515 315328315 357110795
641494520 811676063 75155978 134429065
745337683 918444068 413966171 505770493
822953780 639228692 875391180 935169212
862224381 557728274 914163516 981800777
494623446 641135456 280157730 294869797
192042275 133618203 855915271 877199991
58703853 990476950 482436739 503389506
415027533 996330940 804196135 863714615
257962517 922218138 164890029 182496841
621468005 451871158 588488303 677917374
754978676 192221104 61944494 81412619
3006855 41184013 744705796 750784884
352051596 372402006 116140579 170045852
600883696 924843122 285956013 287393709
895117776 509450982 10370645 24802398
169773353 434620251 801543187 824514508
100131359 953735583 361077794 432740406
196036233 968009555 735850534 772726998
241814109 422773837 401280835 440559255
462260149 176099233 312377595 390034324
920028466 151447187 127358925 186669860
656410440 550728398 557409306 600585887
2637601 237407425 707630445 768854212
184172942 11299902 673554867 748454952
980268439 367392941 990613991 1000000000
327723525 699270286 290490238 344120088
163941150 100438230 87653193 93762495
997008736 497252819 905559984 936820384
312332152 462416391 225381795 311473835
710005877 510906633 11649177 54843174
720093950 800256791 495716255 499631500
754441898 536087344 679950433 683697342
609593749 317314641 54454546 92423242
690200980 627011361 893947329 942027033
414053157 436992554 263688868 276861365
621440062 306612457 467913697 505335707
819755053 942603128 606512247 668225136
258328470 10386356 987095387 1000000000
290948405 513201137 8655011 71448409
745927734 164694379 76815557 112300628
169092105 96072748 15980512 87413192
748670624 775185875 445042458 520497419
600420947 884946035 212895138 272145351
726690358 868988942 170654407 244684690
473645777 279478287 416377994 432498234
495833676 33528277 31773032 89878276
325819563 847934319 295419372 354253167
137770685 709820795 807792799 860747297
209136846 364744148 459341846 473106165
784749675 871907748 687880242 783530437
164854935 995949682 223999355 310593050
75717896 254478413 645710393 650191277
971636871 128762801 170785277 200626890
917586767 749112505 988160207 1000000000
743930013 527796201 614676470 650512188
926451341 751720523 194201191 263164000
410413590 188415352 919987958 1000000000
102112679 200643262 681105193 697816010
339334015 62592959 29067852 97055332
754197421 535962411 940607589 1000000000
413443644 644467000 640220682 695092491
242842892 857857825 468693103 483800255
58903363 524434968 887741151 899705996
888190054 871328502 277781012 310045982
265448704 291128001 995206696 1000000000
253699492 865177219 437816226 531597368
877818794 121648580 900282712 916007444
688700330 625502399 369722914 419151645
313290236 387874896 123518665 159389263
675737949 264916388 749697162 806034567
230458432 229879282 930176386 968590295
577707174 233869435 119067081 176497112
322930193 37104339 759895492 815689814
758869708 653198363 821253400 870596460
267888348 558379591 168498266 177730507
81108888 725476240 661688146 736593282
411503594 144809400 744621658 801530943
516809143 211706710 35287861 74796270
155971349 637664794 90067357 133142322
247581594 593792416 551806925 624641810
627765780 32806900 642891015 697131585
54780708 426658184 555378578 592388328
454348221 242130391 318086829 361972724
147769932 172957843 445294578 447334188
231482058 578305646 662397936 736905225
402120064 706188337 758774220 837271937
978704990 847535000 344013911 435291743
166829169 536531356 83360181 90758390
711484542 524452489 947333715 997068907
281408199 654896297 766227546 812453870
250683792 411080622 892451440 951547722
845797025 965948946 441889276 485235307
757390060 286068534 887812278 970571091
249687458 275712063 19535935 82610409
257777804 644059932 649505223 696300986
49858094 640863892 180416355 277913024
92740736 703248475 264722573 273825921
783064297 732175300 758058063 842254258
753904566 511293337 828358692 866517496
845442404 171598470 362194164 442566152
593675341 480145951 770306667 853406124
250879518 844259940 279219161 340645738
272783944 566537144 854778992 928657185
888207602 586602302 206255615 263036965
430753520 920246507 638080771 664136959
816622521 696358085 982058775 1000000000
632606378 109833555 1873004 80868897
160012273 56177208 672604962 742018871
526137544 730540867 627797670 649116391
800271382 483567862 13843476 100519192
599873223 135337758 7590298 35054970
273758900 700965302 981403606 1000000000
345298116 435014378 729342300 784712390
131247002 293695497 240504507 305314413
605186826 560652556 582204480 651205297
760923350 847940650 945375044 1000000000
884434298 376786396 442022334 471601924
724494272 63602777 823660672 922013099
654923499 538502028 122394620 136911565
969828264 820554798 353968548 360734377
596877085 613989585 928273776 978075511
617563181 31096681 983594693 995112459
414472719 142952286 661465040 711372555
733885133 573455998 381866155 418528342
946832159 478708778 438852282 524616460
494306245 585717088 793834868 847452195
474414097 27568063 315136784 380396263
282854090 265181468 921131448 928173028
635452270 360132349 679172867 693124928
575871872 501649812 723444911 800143943
401938617 765737305 515364338 594283350
218608886 403568172 397290260 453771548
491310746 413430423 364489807 386124659
723975631 206994409 617795924 628111393
972979195 288849484 546924766 606972631
197854854 56963152 766084080 800695692
517606141 450120992 562931779 628201979
774970803 553254885 224224685 235914766
551507231 81035710 768444824 799599677
960032356 263005459 598298381 599085771
696120707 235412458 205779892 224878858
591754117 933044850 177557878 249969582
578089027 497372497 899687000 972592792
237018803 963161653 615760273 659384458
216137737 874442320 576465358 619949654
423004764 410015717 288070498 303249377
281000597 525216905 926943810 1000000000
540028145 644009235 221144535 227688903
202654815 864780032 725039961 744440947
596692153 350277120 668621184 759168739
688746419 682070195 221157114 314100911
76334732 249026758 682476731 690218688
233718069 860801328 532052637 575103402
900727246 17311587 742428404 797343263
419364403 430875124 927443747 1000000000
608281618 848024149 841121077 864089730
209940300 87177406 669997006 689034613
444479450 398102876 987126922 1000000000
96543178 238520824 465018326 537282938
723594009 628758062 827739546 920878123
372758207 497199378 252989149 329391367
527048424 572841237 136654080 185237469
272578243 603283697 110167500 149717699
48302832 124003143 795744143 876839895
930969568 589573445 453508786 478126153
238946253 828397285 613815897 633609546
225613034 14810248 392085825 457980934
899318963 583876484 442882665 507202897
755805415 38871187 843530702 919974649
859179322 124588395 205368573 214541288
500257264 901532369 409027956 487667849
963547415 431898276 847686918 860780463
917208031 304350197 103643008 133765618
354075300 407637101 788882635 885934709
222695351 414940290 162297187 196262759
344824952 927257795 725096590 824571172
923533235 102105215 899118089 926304000
332582989 73685624 854562828 915200679
546938249 679881572 108332586 128490759
442626653 425982159 424351051 432345062
407137910 252916975 746946004 810331019
257154116 300452774 19090431 101788963
236470237 920363536 926351116 986498771
77546427 613223274 102590057 197365685
276565232 26555620 204875699 253221321
626199014 617572314 105817068 150374703
192496845 858608518 335638594 411666448
226463196 213262116 348262831 409737691
794446534 46629381 17124242 83627271
721533433 288819572 149793512 222746610
630329112 390268594 636317030 664440457
395309541 293635192 808748925 884244429
409445459 824023434 615095175 653484767
929143775 904515465 727707577 732001601
648618785 279516023 445339532 464322864
920999631 816068031 915097873 953714115
970651684 229303145 573739138 615704520
816984311 146892881 618566124 651662277
246192115 763454232 290711931 308882088
602493 584008049 476117341 521617347
572101619 75485518 448350407 494000341
107665505 62814303 215160656 270328004
735681366 738384538 71332499 127732868
818888246 179140156 757922075 825663698
981488204 984617112 882309810 918320996
145975594 289059480 233400246 238373237
149815022 323468772 469562823 551431009
617637689 191080038 321528692 416815810
956617186 131424647 248956944 279448540
743963426 733683616 854952253 895066478
444014848 909539089 466687313 483498118
40351914 570064022 977597162 1000000000
359716892 247729594 918690253 990711610
896440574 655652116 690522269 762160450
692240327 318951743 420767549 494280662
130143001 606929234 320923197 353029103
732181146 515653077 241669075 249920462
574585784 135203301 665832816 694283341
946834272 689994287 975398657 998904155
681459825 716448042 326071046 424777879
586181675 860761779 746706905 754415199
952567575 269342530 840268089 860439041
887722047 519816084 929136679 966803244
966751098 459734994 528182894 576796950
453279015 552902594 642733050 742046179
797053983 585401284 258183437 338049531
204414683 916636071 130118330 173300421
360203571 130780561 691940584 727377742
646440211 914009049 22979560 79035284
623426519 197914179 288190655 384355148
433066214 983263602 289328082 309883688
212429364 343267992 568820765 608728559
465825748 483240910 660665599 748948021
166594729 511401066 136757592 204940070
529758891 633516955 999648722 1000000000
386817896 620797144 731947458 738734476
266679730 137824586 792969528 819890307
23914720 79375353 659879796 705547935
14754655 793564290 591684059 622888372
791878182 290034312 712092761 712152071
580455152 252882585 231833934 238147690
256986784 632762736 543007480 584197939
807590406 574909420 144476836 216688899
823118891 903754183 347056504 443155915
270524966 847133997 718876024 734116687
893613469 109685577 835433782 893810013
393310486 555057292 813996423 860577234
24848053 574342054 925247400 1000000000
371822733 574111186 846139091 874988283
326212251 708600750 793017391 864946764
576350264 138415120 78910575 105757096
270266772 140667515 895384228 912530500
395199696 278191516 428465538 524028290
796240818 382550096 390893831 391449640
785710968 344532496 696189271 754244112
281131516 713431540 414582610 433745809
145669971 164438475 78897427 98875261
703254165 812847619 933038856 1000000000
900330259 379200957 497627034 519845757
599729697 796415184 141213395 230297315
491869329 673598217 685936360 689046250
996131252 255593973 625622044 650233396
282407755 514790550 685093976 706211270
973971810 361715523 717857975 788575647
123692155 983384932 266138129 322575047
7476855 60291844 974497537 1000000000
501459099 950449900 763471506 796370273
514720838 595536642 270904846 358416064
17025810 962416726 387090229 445441428
767474888 558461702 933574785 1000000000
399168760 401466446 43536633 50617329
783035988 204373618 945401343 1000000000
143962282 920249159 820572871 887640394
421401485 236672781 627802298 722425743
266639710 834744417 727319343 782253656
861532012 500251454 897258641 920391030
807307526 621623305 907936776 1000000000
617477553 596281100 96510970 143639133
906122583 996043332 473669359 553971734
900508387 120467836 849630573 899097833
132741796 306985359 244258672 299194742
749949149 718909148 228797400 285191405
860483590 867926657 202631475 293758231
500828176 222688700 995146422 1000000000
695430569 608012873 102014900 108306514
185626373 313550771 442014228 496345436
223983389 626533734 803911479 808417080
394830603 937762551 365965836 387484418
992987313 812825380 46293819 74165554
481208319 996589921 473662477 493315521
771698361 843888871 230345279 273016074
415808261 529244083 804383933 810674238
531402159 519267093 283215659 327602101
114937271 436615472 738330203 828900567
770764316 538147695 495467568 518765129
855324541 28431212 630108037 718068913
97756202 720365188 821651419 866805857
754492085 365829556 661642993 721308603
127276934 32188107 304684480 352182936
150526189 128229064 621966998 720832145
890469866 290665105 594022786 630977270
177862908 533008569 900405890 925537804
741461211 798613772 779126227 800696460
616882297 432603767 125592772 156005136
352056290 246389110 81247960 172261198
529093991 600410437 377032778 414973450
61909198 707127063 752649400 803971164
177389825 501057172 6896901 48772211
852943179 648320345 515296855 578401707
279434275 267400324 432205220 486899445
638553175 104544559 398381455 450956972
324708392 582328852 108420439 192820204
677774645 437852148 723497618 810552300
285792583 901873492 237747834 281419265
489842192 78525632 678918387 730267339
495038307 672780875 532554409 587116969
892157301 667317779 676532174 766153070
500849613 903850961 56687020 94882241
457712549 465802966 659498680 737268898
630121900 199393858 944680450 999309123
505076134 415699652 162080281 166120286
778404296 654762033 874755969 973735421
226769817 634047756 523812895 540337510
839896486 662656536 221005758 255653677
796161503 281972279 861911745 958774084
233989887 896540216 48570081 129815560
66969442 970151152 187048335 238211163
431787712 158408872 878144327 889001281
634885794 251779285 938243070 1000000000
575671384 462187859 422700305 434922688
340688520 790861280 938810998 941488177
90421059 525934572 283995149 310694409
665735464 940814698 723196150 797769909
727812261 770718818 894581360 939329780
123380998 660783405 837420010 922335690
40798562 113833357 797825507 881248034
475979689 133414154 714473188 726673911
520876500 437409660 322699763 327224207
948176818 214386897 187384140 250908999
834186396 578881842 515173255 579983179
730483596 407260617 209883699 235782013
359249794 259226535 878327519 941766376
734892020 458740008 704870947 729497509
561656922 910630979 978651236 1000000000
58884479 531519248 411411533 464677888
296717413 593609514 847032117 885690507
819495581 958239690 374009159 409049804
338708799 716252578 19003366 33640744
945571078 726097664 902431930 964600033
461687893 689149058 55569845 90707095
192623729 22181482 596921120 671292547
28348953 70855091 674079878 762137852
629998296 366786194 755672579 820129946
315524922 513311247 429303418 430983036
505695973 309825077 450791884 517984728
411624388 790085722 720062116 759672372
951257656 312561105 159426440 198837262
539793896 528415472 940228695 966830873
428694171 369530346 75482305 109361853
256664113 451351751 661955028 718878311
564082015 381341402 875855761 926830267
415665894 565273346 627343457 710890046
142314239 282159026 140515593 184442819
378297061 696128406 235091706 272890961
954100212 328685408 206362907 217880947
859867416 741478729 905556877 965993158
632098391 184889074 280487589 377201943
548474158 338485981 800983343 824434639
875586452 770190967 379808779 476559844
278864675 715260471 530731105 561218446
774583935 946736732 341402535 371118678
38128097 302862692 764927852 816364785
451447906 412924815 884895748 979369054
457824437 449319302 148572249 233723274
39461989 565946900 910370749 930986020
356122510 576804807 708178351 807766446
341475657 425336176 864833632 951673486
709567575 696131132 11179132 32045815
689654673 323941238 785467089 857366172
89454652 930859260 62818401 111819237
638101322 415070983 316959081 373690183
164998350 186232342 122180749 156627928
378375509 677973785 242582850 309590960
870152267 853749147 437918568 455246729
443354261 117261066 561038978 600632634
528410187 835332481 359915543 387884135
998936885 659459479 30601558 57864576
429249702 261140459 959680563 1000000000
44489084 626984240 625821870 646656957
695744435 998010189 764045631 769813121
940810420 263007434 237033517 288253094
122367209 410783213 212089625 221069046
794985623 657186212 669390335 706898247
792781908 314769690 239727646 270721219
227572955 137025084 54439736 131742570
20675228 733364889 529040491 604743269
704386447 345480787 862886408 918919443
99186859 980541185 866368051 880880915
630263124 330206316 832845440 859862638
989707738 231852249 439469993 475925775
742930411 571179773 228830529 320701247
419256513 4851640 66697714 124821658
336017329 774636890 767823782 863998182
171844976 177488889 960141400 1000000000
629317595 278953493 580928691 610096018
173940179 818518277 138495212 204445204
193589001 387854803 848863049 894089907
755556130 222983919 24788160 45741077
765087448 56824898 683595615 709438850
111760412 978245170 254539738 346659498
791149446 139177972 831534629 899797004
200994397 340345380 172233280 204640324
467258861 573998122 324864884 367227920
952476912 922897057 825094990 825475937
61280689 73328145 240346259 281640930
214680718 808526457 705427820 789272369
710594589 126432235 442923571 496320359
572286829 370017352 928658169 1000000000
552584243 796438356 923707427 929817360
367768829 348800267 28538867 88097934
418749842 873842293 165674979 216518191
649777051 28460712 623297984 635037168
486872648 374698507 209656409 277996933
313392910 681067116 814291927 886208078
448058425 885670803 336462910 359434489
939232974 814504366 824726175 924383634
989987810 101905857 793245355 799386916
244574427 465012935 230871686 240205114
216570959 506748750 951707725 1000000000
952382215 145262461 981040221 1000000000
727283622 394143770 593288396 671548998
362463288 660920786 841556180 937662435
523332933 434980094 404162782 466548439
782569079 781444824 533055543 588712179
592636803 421555699 396077705 398231453
545527121 628205304 286322242 302872289
674977356 493658529 431112805 497181029
837203801 880415450 218566820 260950081
409633416 985891163 811279547 901194101
398627728 769056495 46795847 81664048
937012518 131850804 417974830 448418451
384973312 468371079 768549170 841275467
813727547 922244833 400967224 445994764
669276432 374147446 365968277 453151556
392747423 646882759 434089929 478615296
336919845 384500048 257639940 260396551
726941460 233922976 350531522 397237571
609082170 43287930 56412793 77133291
419708614 31275578 441382953 487771109
383155645 233198776 421607243 490999234
752217862 548438412 317316831 343584157
515406624 98547449 851016312 854151850
923291867 692465536 476734832 477917166
564696539 159946875 923833892 934256501
415852038 123242889 906810183 966339401
328989698 341850182 468036375 520132347
589748556 31354402 528569182 580722270
298659793 225099366 79701475 151240343
769319745 871422484 142304868 198880506
462509049 42989644 794038485 840589423
686849485 535378567 603413653 679606857
249450549 821721720 538199807 545110227
696040437 120422118 659529650 733081593
276901309 755242286 460711313 529793590
113375267 190670453 833752171 898141917
562966237 351594960 311652243 406722044
343208274 575574090 404878430 445654071
743185883 93343185 758656147 793780363
605130744 914017476 358499634 397235552
828398503 402824308 905963421 943635026
255489024 322354910 397376817 412383993
304469389 990962952 270815534 331544875
998840762 315120372 170176436 218575698
561559075 211431475 921987672 946920913
748182951 503808620 221506722 280567259
993727718 68084868 927712015 956159588
753617354 527818507 377318999 428831854
733179023 934260836 182573464 206148761
51949145 277371512 339858006 431310335
408090174 735479555 75112825 117811045
410407241 194508558 970125820 995280360
332096608 582733582 644383479 728800924
325685792 734173205 756216479 825465830
424518785 62592176 21793312 120884022
615118916 50313731 796835770 815453133
726067422 410978906 507811530 576338036
489355956 441419069 301806022 394583097
595079626 418601841 575473236 629382612
828566766 581227911 123727647 168395438
113415878 41638266 865971324 867197619
805763469 355717399 171082375 192160348
424893266 521673853 226113520 291456075
777262689 458871711 483956737 552417004
833718527 376170495 199359437 209426000
483279316 352802949 502146181 554505176
307961874 938600888 860079024 945626731
628150191 947293118 825657436 908338811
191187506 589783986 963054647 965930213
126772852 841139891 59709720 124594611
298151504 75910788 641696625 669601632
376480755 254422912 371233574 459449450
860970323 536001138 64572855 90802939
686855013 330590488 797259658 849578153
168882172 672550072 320893623 398411455
101856537 102622837 946654102 949302105
72232009 169953984 11142325 79660894
113053874 762206336 334005512 374776394
711491908 936695007 542928659 608379549
11037225 730555973 426642002 489083302
723830325 160176146 363608307 382383997
22682448 307546098 780403981 827124931
916277687 349633463 983702689 1000000000
945813079 657526606 804932473 825073460
192828131 151371053 666915370 726169937
298375138 356445395 433754746 449359979
565976363 640418816 919920404 958297862
280649765 217591486 722189709 818038135
11822749 430059672 969760703 1000000000
94304407 793343028 195138358 271823840
197156204 590606988 470908525 521220843
474329877 390732066 992874870 1000000000
121516771 907532346 323259707 415277206
584448026 44878934 539031063 550318090
98290758 833675421 213862649 283743756
279554328 321826514 22918962 118668701
166793333 880780693 397269400 446142450
669069699 356035463 666344595 743246382
625135009 753397574 65864535 140788557
658257561 158185835 460511226 495040515
192254818 803045956 267243997 292772428
498708200 702382619 352220963 364956257
874578609 891598080 472155342 551005765
369536638 495028301 802082731 823436815
383457532 750875610 776674595 854937984
617002672 556380127 797579903 874941837
476771102 223630650 704016188 713591334
177637865 982376702 732943473 822455947
476922352 738021459 17300867 94860707
938269532 569841836 467975035 525993591
468887041 16029686 434048928 473726479
170857087 786319680 892747623 952324418
281176052 734540096 739438634 781290079
382033073 154274 969298010 1000000000
99854276 950508928 766217962 812544285
667799512 351357351 776542066 838206004
878252679 242587382 898977279 976927246
575206305 851134265 32493658 95357686
85180404 190434299 419881073 465480306
336341494 729502664 912850574 958177485
7018194 345424334 881580761 956621862
568490326 585196139 171384527 174959452
373361324 899527600 320551327 385932971
795157127 18304466 350895035 415398683
172182526 686312354 423999916 503155727
775729354 929251550 460560246 462072862
151522835 513384544 404835614 451143327
429084577 923990553 840560254 860217378
143677647 494252707 872145394 950785505
266255765 427863315 874768405 919324248
397933817 259881808 643566188 655848708
360559840 502373628 618961368 703639908
981884697 453194505 808099823 823765256
207496551 394729132 515302676 555382954
96760706 679808298 904910344 998600372
589314154 439582154 493827877 560749768
493559965 340930940 600332643 677599723
356722669 325521710 440979073 476203943
626854376 287867553 703426631 724662296
39982259 927883635 244329807 316529711
116483421 887929625 129271134 131199192
946670791 357780173 961014532 1000000000
424279802 689345225 136586133 201770507
458022315 527517133 679451732 728263465
299098730 892427966 295257447 370689552
209486632 368085562 577569136 619267899
294654479 696381920 177525856 272789008
417619875 137187272 19313748 108491595
386856572 506287046 448225241 505597780
150260406 972615819 689512879 763445335
861581802 436340821 981470116 1000000000
318590675 421147512 518295160 557851110
227476947 26789597 147147304 183359677
727125701 853118607 710247270 727843776
256286076 858170291 565117880 599770313
497832355 757467562 590566127 643854977
45751720 81650979 13201958 96677737
809211673 569550106 202327033 222011660
38131455 850545569 685134218 744168820
133883511 643178184 281313614 343580902
483741888 892033661 509865581 582300332
291360848 507076370 515285863 613722556
882466536 40120806 468579450 501772272
125095700 862157946 864504171 955140613
527609525 888294167 8664932 66731625
339256937 786222091 21495585 56014170
551729349 531633831 353057496 362485776
204104106 916739284 847170987 937021383
941752460 655270679 828386877 900704858
320542407 96552753 692241433 790304258
851703951 493800570 366778955 406670898
798289964 327561763 225638464 312673858
500583552 356280714 638861798 725522455
756027835 663787986 639737075 695005436
85927875 483059205 806647913 899101524
431291613 434988999 264485385 337457689
595999833 862686401 990084365 1000000000
925683459 117865164 771902512 794817471
117122741 794364616 717522037 729950745
947708647 266899757 510214372 533883251
630857505 772679670 344987466 397286610
925969673 266245056 781757576 836142421
806429579 89518067 885752512 948497133
268692625 984930492 332395480 343457529
37201278 244250099 866851989 867070566
946345369 181045055 314837705 371171928
942512369 766685429 305733375 334057099
693465907 113156201 519981225 525415527
787549665 414661813 128736459 177307165
493505029 661881527 28519281 38677638
454005340 383451454 159443373 167074963
415879410 114785234 93003598 131081239
543308387 524445439 235805761 237940861
878708977 788917308 836929493 933358113
775396912 38352993 746284164 841406432
476676328 404640255 555863322 557711590
552922636 992439663 42834884 52567547
647030220 150744195 345230378 359964364
672573253 893197604 897943409 969172976
382754002 480909868 549250192 596363577
166642755 226517633 509861888 589792909
73592890 699850257 470458106 509478580
946525518 32936239 39861296 55413361
738184792 134504481 625762392 630964684
397353112 275035077 771575657 822178189
326172586 843500759 135900704 145858593
762835214 432837274 505574981 595492490
659797292 949194117 742968314 781372332
118519943 699063877 99493857 156554628
915379603 980818760 546752455 565621926
954179786 847907233 405413555 411147816
306529886 859498990 270361362 329980046
63682322 264514451 417563721 507738602
389003870 737273235 492384678 573859813
636137816 224718655 815529149 853341820
470093261 709108375 443016928 502576104
484626768 717597016 674642197 699590697
653406632 518049461 328275839 420834320
143859485 142291855 316764094 337974210
953596973 671668673 687209770 693323819
864457366 835071101 981177261 1000000000
985807355 508381837 230327584 295776431
499428107 570722231 34752613 45518324
485708883 884991830 92009833 125910174
547332192 48604033 159660919 204460882
947531263 99432751 891612297 911796567
570309471 977027927 30350293 62741522
882817572 770814896 695263200 768066182
400969927 711862548 937866140 947588102
923758549 327217071 292247644 346460883
753012846 413906194 64573045 81752300
779113358 760408909 20685407 92923402
523524958 555066909 203540249 280908720
981080978 574884053 589267039 642240712
195763870 360687242 671416071 742107053
392926485 156462570 459830670 490763358
478388137 2670278 523470999 568228945
519883441 303709862 180430328 192673500
797440574 27378109 912405730 981394502
202670459 337440960 271033419 304607884
467965492 414323344 34931105 77891416
479350907 585018304 595495921 625096812
80060112 510292144 931640022 976877659
521642899 256097396 953506631 1000000000
39124048 898918821 706958193 778561232
677180979 560449490 390318707 441205087
96981758 332460000 553616862 579168536
777729889 923254780 783959543 800646773
477903949 239603422 167540356 220212588
79982962 954429443 29978044 91227226
841303103 183206590 399104904 418507197
279234888 217596375 963958509 1000000000
956272431 7576176 892139237 959537550
282638230 457961069 224190963 248332255
350798132 740155341 838666435 873436235
38220593 664997016 576192539 627672697
674936158 695310793 438171677 447653364
224374059 314221840 442548161 537839495
761033538 188004697 293474685 306485739
546616627 609502460 416495210 462199150
321241376 162178682 581776886 591041299
848626405 142084187 527995393 569324431
695897120 944288393 963420705 989065242
478568131 242277164 232758143 303143081
402110714 283086182 453809693 473385238
22670560 566035245 321229598 349598308
105537275 253831593 886953459 897589857
229610209 683716849 849199880 874207456
251799107 394271395 657894417 672818872
299885131 148888467 179756177 267093889
965758026 92751133 86621085 101348133
875473965 3732396 998548598 1000000000
447652210 391618071 13042039 41853903
605113961 452051504 117622563 153384655
297299564 490163267 764264490 855845068
301966188 93317320 507330189 600277786
701197368 639252461 980039614 994862988
608073354 358539302 449486264 547613750
535815027 412064730 11785903 69953930
449122278 316760207 236727249 244020581
487006069 652515366 828062350 886084057
306647266 305678603 688798571 746343478
347621171 581055730 994801345 1000000000
319927479 27666645 411779428 427340910
997644173 714007 395170596 432941092
139781395 259901166 818676108 875287126
478867554 367820974 722812579 788506557
614803263 855329556 253836585 333009045
203583040 998019921 256960861 329563537
457387317 234012939 185318450 189121884
718684949 718559828 288162011 372537767
853410507 916094981 932267445 951121473
775494091 460889219 683871592 731860491
663166622 5811520 456289031 510561960
414116153 302352801 707636847 763493309
725119767 370976431 142905858 175704961
242420878 108137223 174921232 199912403
607334444 748480303 28963020 86050430
908455344 523066715 521590936 619805647
932344155 86138049 314266890 343772805
25301615 624568081 98945621 114637351
814643205 383909763 67928837 119337322
706221544 720065545 765857520 794673852
316383594 585645585 43965704 122194124
746290555 519379053 491875565 586142555
930586696 135921451 844055105 844645689
507136817 734217713 574282340 618023200
780119125 960129120 461242551 531616766
197681343 340079716 151631604 244554310
128010738 126108753 691372071 781400080
228413210 126410087 23049175 90162843
735234257 408680529 337496272 432381101
884903872 458142785 127290488 162510178
86792301 151878295 242996309 254296153
708336748 936625949 822315911 886630154
721584956 197945352 832923069 872674080
878338503 522507449 62471552 130226154
94977095 936953290 651830226 697277073
275149315 400530612 675744215 749763615
307412429 481784639 544636515 569022005
926643962 821715299 465202489 497041446
468059563 967980636 50594211 95742851
663569903 77940079 706467778 763404032
567165510 814665914 812918975 854736630
441637530 432997656 376975923 428600382
474105508 926503458 380406734 402061174
759248363 664503068 562467822 618100383
276050 836247171 747649282 764967789
866710286 645285798 816039195 843899244
480634105 151046619 946237175 1000000000
487418465 117097461 844751459 860650631
580589795 629439345 366653351 433506129
516437576 465022310 370399034 449002292
708089408 515416452 396130865 495445371
428076797 434478520 955546177 1000000000
351639325 859354315 966004916 1000000000
143207269 519237477 385605199 386723079
958784253 790941947 445227549 498716145
871276278 4861638 702124308 785954653
496288149 675529254 110412425 115953456
557069555 55375804 675443829 758057537
186478146 599223569 456186677 478024367
299477783 454486621 282967021 316498325
521337067 131637837 213967541 240599880
495268298 902571510 37375545 56868668
65893822 473801911 610611470 643839016
45969653 988370821 602684254 623657632
479394810 871753287 655227397 701193971
695445468 639900783 673783215 677669750
281365303 423194321 792169903 850650387
495272466 155923844 283117408 332859342
131559140 906529448 60791547 103488088
91710439 618412647 386788192 440029924
959983829 202882090 941173711 958859631
976655298 464822548 949470944 961726693
297635897 709120689 887324583 907101687
675254762 248088086 626467797 653692170
663332185 335720547 446453963 477389812
570779586 661098062 150566579 199998027
600527551 699126235 716925796 745978428
875518346 787892458 772465992 825110219
621717415 110353968 181851137 240276783
322638978 942319486 396656314 397321627
959826633 972935132 618904113 643747571
104312574 333645918 97771536 102319005
112201932 125063412 940132985 953581725
870638881 361196737 614065192 657738208
124648912 744402996 553010520 568633134
736821270 738109507 599853125 629206057
493837995 986996678 341713296 405120010
575195888 876137044 447295741 459640139
229731093 306517729 474608990 548457383
948821685 712624185 626354816 698897597
355893143 316767419 946123823 1000000000
231123993 657641169 196270542 206857343
554087332 99002947 311420898 383601739
876452923 750269534 192291176 197715232
755812199 847774695 626649958 667412334
204752968 998247681 374925259 433108774
237164115 946598420 761277045 767769568
497336355 163102901 80418810 137682387
292714705 915020575 771588320 862432307
741662025 453939191 649113395 666814371
250875661 465676663 909478897 941116083
362364058 401503065 891968667 922317360
325106464 177208154 146439065 205456794
479083323 738007147 98833988 184381671
759757288 285870070 931381418 1000000000
180220585 41505941 240547429 247067215
994797070 358700045 244752129 258296581
42391314 57063602 675002935 688142237
11741697 732692952 240431377 278245377
676615044 392591382 983006553 1000000000
813259065 278832007 945169711 984632072
858723685 937242797 509858185 571583868
732775219 705581994 38329803 53135687
552775154 398529389 159755774 244956543
826470807 976729231 188327221 206735501
789751019 742461038 536387676 626293098
979504380 764688052 206725825 282983536
578885490 266288070 318979528 376252947
725756961 552529923 801039145 803175993
652075029 996545146 432361979 460829768
454512786 376750922 235179088 287103297
133642555 773028312 365505984 429576918
656899116 811856781 105336947 149328338
469411277 510324930 758252272 821715653
114246959 67647406 872947523 964755031
261746568 71671182 731047284 825526132
13392856 267620939 518077056 551893037
88807687 678252976 714066468 745784367
510313218 78383338 382720402 448596817
596973837 34310510 434798864 473065958
472488736 305588060 257188718 334786622
320335976 161259397 943969943 1000000000
826805691 818975804 853547373 946751534
846308630 544349303 183983718 276737267
98564892 650703203 423426946 465044560
793404699 28222138 887106939 947641515
286781486 746165474 970683217 994058335
305556260 821900570 190696908 288949669
781577565 420570932 123115041 148363013
788591600 622336745 63919286 105481033
916049952 24808293 223500526 264658776
628959978 153706688 465455857 496660672
218297202 133823445 144411216 215239869
795098876 314928970 283225289 347209432
776684827 70219542 753924019 786290584
574830875 568847166 788729108 847314687
552140200 711606554 553525392 592361232
263284602 377645882 232523179 270474030
900271305 145123628 74763343 165335223
578259343 85187816 634140559 702887167
788707074 389379482 910079095 958925981
186083444 180353238 995423148 1000000000
785096432 649481723 218124973 248693011
799631304 652969765 627806351 693216497
287285406 195735896 681689024 698245982
758955184 516336716 258236661 313247465
48622707 59340831 969419286 1000000000
617929725 946544330 769087949 801817041
758236121 139700931 657231969 666250449
383291354 238473011 414622425 446362040
930558619 656187098 785558603 879511364
509501805 723454478 165274448 190800851
657621601 508123126 60059757 83312413
440871196 929224895 512067681 549116265
350974207 242672063 997733437 1000000000
595944304 94976651 116366538 207340144
975962280 821221361 882416290 977938902
99121923 188995873 444049148 528634301
652780413 100412670 389256379 438338330
81573282 385728067 478816309 480235406
411956069 998321909 648775167 698518060
825688568 107779473 91744367 167757113
222341477 917281320 359210238 420380530
496724228 874356365 821579806 897405369
796445696 683684046 173203774 208047366
565837006 301572049 85604736 170674360
402219682 787908798 826084716 852542128
462965212 253319498 576158379 599500541
563041762 635086628 963584466 997425205
252417537 85010151 237118564 323675097
161724230 554153695 448989416 537211390
425907613 621831285 585868379 615189261
970737421 903112696 632530669 709773302
728687341 342948752 637745972 711131959
889248620 605772572 436953734 487327307
309385595 102302971 667434568 706323654
331836242 928941913 768060766 805562558
458839285 811682189 144703432 189411287
89752934 398402458 507603176 545322799
156134918 709757070 665675088 689185003
133222779 27362915 736857035 778761261
978416029 487614016 553069562 583673216
87962552 142244740 500748092 506640526
784532624 905660359 531196484 561360968
880181193 166945045 567642591 615289988
662051663 160289842 10757231 52604120
196228971 594388294 950164115 1000000000
694722443 531882282 167091571 175393136
846488340 853755248 191804110 200072523
759612374 766162945 299022925 362349459
912593535 260311451 870141834 948369305
364848199 34070930 300760950 369470982
258099120 177630614 268792331 287272745
828278605 367944769 526517816 539785727
24016641 533118810 901930301 918005899
475637442 747468535 839228189 855283111
961522332 967618625 432988371 526043747
592737340 991209306 171145567 210328247
163562542 503590922 55118976 113268363
789356635 286573021 89756221 107439712
967980409 100311601 703635507 727798033
338651539 399055355 109670500 197212101
987337609 932841184 182914094 258875009
257221304 5587885 686298990 738234477
516496228 775764789 589536468 621089608
657445315 956273166 16137855 22168469
910500061 286924889 720862879 735232160
720915508 360414984 984358563 1000000000
492389542 724420678 626450816 722204080
352137644 647336311 635929969 675757932
474666644 165009674 645814650 675936279
734342731 260120776 50927775 93863677
435077238 77330858 579811270 648947651
489550831 769890237 702240861 780633046
308167902 882151358 912553483 959563486
401071505 875524392 956919600 1000000000
769337756 917293876 157469867 212585302
638569973 447792303 164375158 213789698
329914982 832012287 384360196 476351709
710219127 684621265 991961774 1000000000
900574175 440100726 271597231 321629530
911387255 631577650 677615195 681437832
329494070 991368112 176013863 213417052
486524973 562554665 93102815 147377623
821662828 456336634 80570879 146996376
321125385 130928173 76281952 110249442
80731852 700641829 340882658 393673428
932271055 627480415 211996304 262711701
578916864 974078122 552623331 629015401
474510882 676080113 329515888 378637957
817819005 895628357 825285964 915731383
141175974 963928779 613180154 614977408
761059618 935926187 935226452 1000000000
757317697 629374894 903073421 972814704
864874911 136134857 35364609 58028380
677712402 70167559 648073457 668680663
97777255 748754911 450905749 502430529
782100284 80281646 94926005 134292266
521473722 65210611 441290226 496288992
342253062 299922784 628977205 709251959
373826572 800211958 185232275 280710337
265129875 490064057 456825582 509868995
662540715 389741666 173962700 260442725
522642370 627598276 490865503 586084872
581406933 826072686 755901417 755925459
255132860 54902884 433392830 489339261
820394688 659917874 338610436 425206748
99208669 20887070 528453365 590534640
653205711 127986438 555521944 597678217
716208660 995213745 553715256 564188444
355200261 820161530 700291306 762568667
776948687 328637927 336102681 341751394
424564173 87508894 535078504 612900479
242114159 627185440 175383429 263953292
829922608 244606835 258070764 346494574
178990815 297633932 932613092 956431954
942296030 204417660 824897395 905813634
608210353 538301437 229518274 305444610
609500650 544442313 846042844 882157869
622782120 933655822 856702885 857365301
960124976 935687057 51223944 98477968
583360758 800328530 150356527 165524885
335885073 49391862 434802897 496524490
578278449 449232866 144132931 194536057
399783398 648858449 998543194 1000000000
852075420 287301064 786345310 789875121
316066540 937367254 70790756 105285091
963335255 181851620 120396619 135363739
23662691 424567908 835669953 872776273
463841634 402990088 864633184 936933563
63901750 961009465 418048217 450134769
300527878 450462915 449541101 494758469
587528527 402585461 908114210 975573284
38939704 290015962 287553032 356374685
629434430 62391403 160228784 197225126
162415257 661140765 852034445 853054135
354816987 651085954 131325312 137146215
491822407 195955749 673046550 728899454
83325341 136554033 828030774 839574979
562222251 901030225 57529077 125747221
651459898 114401481 522233215 609249487
375376296 541281492 734360743 737980000
679223509 616342978 991691663 1000000000
381931094 181553596 854874317 912140840
31156739 774724840 112272019 187548950
357591683 157870242 692606852 695247679
243863764 892402357 721897934 782539763
257423757 687349451 840979667 875833722
55116424 619842427 15050503 53020762
236622374 873964966 429904920 478687518
773501073 127622116 923163541 937432300
800791409 960071739 813968727 896615832
952157572 637729721 64692828 101509246
484921663 181245743 338586710 375858873
231756390 393564775 983527004 998347958
486424519 125525735 231437903 266646808
521676981 72477796 798470768 874667508
134740570 375121622 308131864 400662348
599685277 359735367 713097364 744662913
50921773 619608175 278879279 303670841
591970540 657830265 240480252 263760161
466862998 138335006 898707403 901893534
541536969 523862376 494144969 588206654
792960 994735171 276938812 326344881
448303112 14865835 603843371 645361781
979983253 200079481 340181524 363304994
753813903 998315381 957239451 1000000000
140208084 378810589 40626970 77665282
400611673 243780050 923691677 1000000000
289708559 127484454 617664419 655232501
850744940 39757350 103666133 134987848
680415383 57230049 365104591 367837510
353707823 473980714 734769708 816736346
495782304 102239223 916162689 971633403
795808991 348253204 687245811 706941956
64682520 44229122 525366336 561145048
677282191 414658526 827069897 859604920
958861838 579295458 451361166 494750147
834783644 957223701 203508048 298728420
554144005 413674825 732979020 828786354
426675616 145538695 449042714 458677461
793918975 412305582 604469638 604847190
595326855 496920906 863129912 953353390
970296680 621223543 76449169 125955786
622005307 9712361 586653078 637014761
203399199 608720790 882081297 943077832
549419418 370648563 468133856 533891900
656624570 89754733 716407987 759211799
91565800 999613765 635174754 653078328
528321986 197657545 139911199 228904121
983321405 731414695 44917137 100318528
896979362 976533928 726346843 821086068
11119844 211413652 963169648 1000000000
247634279 29915661 236383358 262781308
290923421 788338290 507373904 590158807
195475499 300619218 389834910 424140983
479774219 214429559 140760540 234433582
195320564 340733694 550276815 560755029
683907567 400850708 861314865 919397147
796680546 332564034 474844129 505839312
324036295 40437802 143345215 148628386
785715809 167857414 974083079 1000000000
521735526 712580072 564254806 591400975
229949779 602908414 600323531 641419762
594940558 79506429 684875533 765942273
127665975 633803086 700670979 794304498
512516269 112723098 63241803 93307669
723818826 735278789 251470589 317917524
914660405 747015141 919300221 1000000000
34186591 602166695 747571246 801110159
649750072 473720505 331215478 401550023
708460299 624009366 458117615 508770051
88602212 278087926 657148805 675299194
123716531 73701720 527121988 529770662
783487338 739778762 665815980 683966341
373001246 880982934 108763355 154751836
143964434 61683893 508647358 578999523
961549026 19994805 305916009 340790964
948627035 487668439 344324111 353895094
285949829 106745688 7918655 22283889
303180911 35668416 654953928 701337753
157190010 391801963 514959294 535846383
740250330 133927351 979906144 980783546
816505757 881753203 818146391 897785061
839063828 196890313 312910783 386966404
978831301 4930326 731013535 788466258
49674411 828118548 942178677 964527539
555895615 536023861 509861350 580114821
742797023 368600955 824070255 869035737
969362910 144631294 515105400 608468803
803738119 157844022 650936305 719972042
253975661 796887664 962497841 1000000000
458248212 865735430 612377055 639442557
540214144 953306644 295809290 329355382
394855813 824673890 536765058 549890783
457984084 61290693 784417929 824873874
735589395 633330204 640942924 729134910
407301090 666702717 993921405 1000000000
398156283 24351899 163134951 241252424
78056020 299787143 436179779 521230313
392637618 360448386 963818530 1000000000
697597946 817153840 557616174 624083806
89771097 735644896 921870404 933181336
923643801 554540028 401095539 423432373
578608103 574409225 196676601 207535596
204266532 61269010 780822382 824642506
367905667 874705614 461961656 539563752
79138771 653598719 461692754 555648508
731946849 445481221 713001573 728253825
255264084 672336203 344597445 426922417
106234809 656635423 660377114 688565921
653645838 55068290 281772249 351782472
639511644 617145151 360151279 361114910
603314394 799952140 605985565 694710033
397009688 88728082 245277071 323700008
291215942 117790164 63722404 109864741
225298793 899306833 911444081 976794724
861426818 864335953 452600348 464346368
328383696 773440246 688894590 736569630
94066011 186134802 279343783 341170850
863353454 266985586 56708180 144283863
976317453 931325961 43883392 141696233
989317707 729525951 866463451 897963753
62296088 1226206 656436746 681183161
243900628 274262301 755885189 837197525
292278355 143995889 989756388 1000000000
187918289 157285910 51297804 132666859
153304944 193711867 983280626 1000000000
637270916 914592796 166629078 231985880
497140676 842389577 463993838 550884769
47822484 895111513 717587256 722806047
211497379 724373992 952376574 1000000000
439873220 97899148 490842084 499657097
583753032 956273358 478864349 496608984
720073906 531980427 998323949 1000000000
443302386 590903861 139686914 153973887
507415877 838680427 150044605 249450842
284108155 360445625 845372083 903957634
944391842 43178041 266913920 313830260
309997045 452241604 748394232 828814115
371429910 505214560 217298093 220675184
332533349 852530667 851045558 870321838
877128742 461144547 698042501 754902337
470980461 940520007 969726225 987958003
628057257 25609246 9773833 100412944
502038547 802734502 784109384 850574337
408163763 6800256 963604558 1000000000
336867755 761166547 539457879 618272042
422932593 969653207 521940484 547213877
249951000 116421588 657315529 743993801
802041149 452161804 428728217 477992824
283671713 853612330 432312655 510751891
308846681 835193544 40807728 128389738
537094579 734229495 22720357 102917881
99779883 631876204 798976677 848054931
774159902 57842100 557582918 625600636
684022003 450450369 228820055 309639563
71092101 814314373 836329508 866721484
966958980 140685297 719517360 750418740
251885344 179752508 903868773 984394387
310705764 251878802 520382353 575894653
597913780 30151337 348563254 372807867
680914634 416566975 260627414 267334263
192297865 68965147 65329774 122990901
261943206 802925291 43623214 140710243
398496412 466217574 568179797 652951128
496913461 88449933 493298179 511952432
511236420 651809307 291275359 354489337
687481876 935351967 912619179 995622207
547485579 8807973 994013971 1000000000
700638351 545752732 227744695 229306316
773367188 626282391 11375596 58535647
30749598 176207300 650301687 722530291
337183710 805077163 66957188 76243745
207116239 658139086 504051463 570723895
634813731 504863704 53427611 99766256
727994116 363776409 39754888 114660866
101276261 105808347 745075464 780431733
728607288 363611538 595042581 681458603
918298234 438762401 680066593 751345346
247732795 151171724 732146974 813885951
781008334 609162638 984489139 1000000000
664242811 664744677 977368967 1000000000
964329148 512529970 827365469 898645941
589031991 142604905 826753679 828822348
335448437 734570351 254116257 317266077
447317774 478197268 603534441 672731061
412344280 130582086 535881586 538478553
608986936 915081861 418417409 503483391
164079498 288363607 698871129 776055516
74273334 882251913 493567880 584588676
631226486 611703205 497122946 582275892
492010916 312831347 883100411 910414091
433974407 178638762 19136409 27979052
899777482 48479592 626709945 661694769
149325458 255171032 961322612 968702298
855317870 248325893 668376564 759150467
