150 757
313744149 826108507 507211812 573334014
294331303 199465600 732850894 759612921
901592049 237927817 747713132 777237047
267653400 170860568 599872274 669835852
179855103 751989551 570777100 577843625
122619431 213194289 965747268 998010899
52720947 552085144 932596394 965119115
364014214 309864470 684091370 753740457
728334290 381606438 932738266 980306868
907833732 487579903 533414004 608472457
441957485 196006844 788507952 858904700
790297409 161523038 60615189 97712728
898042275 379770201 250045540 298694758
216436483 466322472 587756753 626441076
258574126 160745570 17920763 115393528
417132657 960590944 733378950 793559740
640934677 333093952 162028059 178784691
805274393 951040763 572452144 598891383
397312601 643479747 202746626 241247028
654014899 473778756 7485473 99875805
340471676 769764203 646688497 661585271
867851905 844494171 584221323 652765659
955108720 243130144 624476342 640057057
31052402 411797283 515547095 545957689
485093928 269012849 303913491 325091605
117753138 81458901 586523594 615816446
659022333 332836087 245514462 278793536
219860564 79252426 244122515 307824361
448387300 43167554 112598307 161389635
275917360 758492428 141472881 226499162
28583430 718591368 34861953 111889436
525989763 604979782 567083724 634478105
631434673 624185955 122239962 160989105
511289377 131320001 515576647 540703744
964324845 53080895 40891121 56075417
782736028 796592622 411796522 479079931
477218032 687330769 428291417 484424043
506401111 426639186 133566286 192696917
473964792 291492756 216252156 233437998
622703743 728422507 503442815 573397081
781648277 466885206 901452087 949720831
351035274 997453510 965066499 1000000000
38358465 211503312 122626742 127260862
166666446 574048205 494977200 581701352
346412010 816792199 815011505 848976802
384589352 123144433 15360725 95305214
686733571 137463398 316690532 331546459
555112055 385417294 95555524 186115017
692194354 367796533 71769084 82934258
474639466 308363892 465033406 504569027
898456786 284072950 73827592 102622126
316543626 532044943 817806471 865981913
929279844 852499114 955759497 981216838
342110018 221845138 224468957 324208124
481794914 569119928 713983643 798018590
66546379 672211617 323426627 348738306
488439947 667713340 441230358 503590299
413830288 220948341 216896815 242341479
286068258 337354967 753181082 757899615
958251076 978103367 503524564 594474125
391883890 720956719 24095453 122316301
304933126 102188091 796634386 846551404
924441283 807766677 792806810 840566226
300908097 483934396 94199621 143335105
139721569 284184168 216674118 241433821
790486152 730313361 188082706 248674755
24793149 83572458 141567589 155219649
971112882 268905679 612824523 708550230
712191019 181966071 118407338 196594003
26026104 970478829 42645380 112264063
798277238 419356935 686540101 777025605
70212299 408099766 359077955 372340326
51797666 391467116 757240331 817165188
11786544 994612015 940645798 1000000000
247064807 736537180 264674633 344449740
399217477 781964587 15529356 29922984
9813633 166971825 512902724 584777131
630032634 554615951 938196961 1000000000
184074945 320267878 56252818 120589635
426222540 143139902 610852849 707194800
534130538 431652447 940192870 950244463
925384726 379969958 147559563 159551341
46220608 105968529 480555817 500951019
754023703 475873034 238678326 281084642
857239702 720079012 243312874 278129979
523782060 781764734 584863044 645518909
327465671 941989236 325150594 354906089
850030416 317890008 549621692 610663028
630397965 372948933 362048514 367558201
370425810 419112980 536466684 568385173
176229509 883683050 619734394 707968499
326085347 225099988 625969122 644205685
954260124 586244308 420144032 505744376
971329174 680539930 749998841 831578446
414175373 381418216 36969053 42938774
539631169 174410297 241386540 334336705
898287028 709623038 680106952 706459976
850431042 575318120 23202152 106204718
527956844 98697912 581892765 611895166
326753270 367425030 117291272 143612245
959303924 455490507 505509996 552761049
635375060 3350204 187454721 213977496
574257442 671258204 305268267 310628581
774270255 488705663 814773659 849976388
229717587 435898400 757607613 843223982
571821388 729427606 489335618 514960711
722025822 156117817 900941765 964204249
841764074 895124670 667841317 750554013
513496072 331535796 576348531 606858196
819923000 140236857 477217025 535687133
928584841 919661107 659422961 751478877
743075613 790439128 184646333 241004853
824544997 49735929 820025226 914004042
599394092 87491909 37691619 50283361
635988459 759576943 616071438 713338977
404749869 799120444 730247020 791651439
957847806 431622905 515741976 564566305
153484690 156907517 941948697 964108503
297272053 942862988 678256097 722540624
544079996 838613557 846671543 897028109
260224153 412661564 435647238 522850228
484731843 588557875 471799671 569591358
476959380 347817744 397633578 439126720
269053065 677666057 743311647 804188956
982426356 323577237 495991092 515635816
165190237 454170259 192646206 217880527
614943480 433748522 72803298 136265562
82752536 497152782 291168167 375182948
719365818 7682991 15571910 72818984
116571655 236083884 721863682 784768564
648145079 975510917 984633457 1000000000
57029386 219542708 690747734 774887766
197642442 956560510 345044155 354660866
300857528 277416232 221062119 247126164
2656728 933939306 833086657 911073517
318394566 990833812 547608318 642957846
215729176 777116734 203494722 215863342
268233255 524559945 542067719 606851792
879914909 849679367 127954775 195196892
880394523 230558921 343728299 427047403
261955357 662275616 878588375 904773260
420418626 46076239 298397518 359290432
389610616 80187172 648809634 718503869
846931668 320773099 228266785 305961496
339842291 191547219 279692784 280832942
796657447 670059392 127719734 131638516
30722898 994865012 234701482 309556510
375985786 587831501 600047779 632719927
165493180 908306633 34049006 39491373
456517499 726693308 505454827 508801449
829921442 191928123 439730546 467001075
146406076 220161921 288613037 322855108
829830832 536008712 28810092 118385342
400863142 107792466 850745731 855223000
980926554 856536575 729804987 816992098
986674307 804860533 36288696 124653484
722914633 420633925 226741795 300627550
570579851 845585671 883923742 913114756
41656429 344755377 715798513 791320845
179968686 358572426 346550482 406674204
765348111 936455520 654707892 702217610
780018354 444460560 332469863 383858273
750737660 494518221 321451673 325414707
271242986 658631497 968187984 1000000000
113602986 778087637 132837559 163603161
43194828 984852175 125152763 136706265
893852236 7392718 506999287 572362959
39354552 476077497 803848129 844204054
220781729 129042466 788147824 830704132
154712053 443800192 335846377 341102126
409986909 598076168 633115939 665255780
918230793 158512990 368679873 453447022
964936459 177767282 742266465 830536404
945808903 476718213 754876239 843722399
417386270 610251516 130810090 204249252
53194305 766420942 694457306 705101059
188182507 976519582 447882029 542333879
394192860 204862781 711224244 721210584
174759770 95654837 896092004 910648699
628133627 465692490 63355925 108095817
368740135 645698178 989583329 1000000000
899110587 996982246 315424162 340529979
471665603 478535962 745009715 839639174
917817693 289121366 265190953 298193225
975687155 638705327 641554369 663821220
685974172 154371347 970853444 992075521
958052924 653018368 296611428 304840218
82266604 43284451 903901498 975201146
371377207 863435466 201711749 288750169
416952265 267783961 688296976 741848818
382419738 393991625 848422410 871934248
990380098 140605681 380963588 466018929
766135070 557906876 985981804 1000000000
634669354 552463498 683929358 723686142
746061494 443850611 187531640 269332648
616330797 672475146 376568733 430344443
651872811 472840230 86351214 138054468
145139584 745755635 446821621 477086060
778370088 673413565 237064994 287590982
608350069 692043005 346606962 446096282
30334747 839775965 662876264 723434427
871223629 854471183 915237846 1000000000
734236895 845700200 772012169 855011015
821096478 641584665 265430667 356026351
756993299 153792272 181000985 196258640
556112730 253626489 489117470 511128657
783493342 77434610 33331565 50059037
735659960 909264958 217802540 222032274
429233343 21981202 77444337 142046846
166341449 82339558 938795512 1000000000
684209274 899113916 139423934 181481720
981016595 681567522 460400639 538975994
434185583 371848412 131089364 136661267
241386280 384955147 711271920 754837945
703039356 817537522 465088135 557048508
734579414 316575636 461142552 471748478
884211769 967786082 811738046 910827640
317407601 405087995 970001063 1000000000
395445943 413426263 541667736 612001583
440508083 213922703 335996417 369657850
226152739 325854738 591581013 625857884
986509615 234220968 133848266 168773439
642787979 126612590 542282469 574574198
276440708 224200489 899687404 952788017
878122981 182060237 856397299 937850979
78734489 883233320 171565166 176583529
556659307 393220024 599627646 691317055
960476499 697433684 948351947 1000000000
861993687 73250507 145091378 171848182
975091001 912898161 34850086 79597689
849746208 598993198 789747761 847489962
627516328 775511628 617507203 645691913
867769297 965890122 894107134 933394330
622506726 981450628 662096111 736077781
411894282 633871802 800086955 883543717
399497646 145697368 864851822 893238376
759279061 949834362 26612821 122142426
226629967 80532791 827840674 921211193
250570483 718822319 590960651 661585937
268521873 530885206 353584874 389585653
867609886 931869384 396056466 460515381
863735722 837072057 381682442 429865623
644680992 946382841 900403772 967664516
428671347 152585599 14704574 109155802
359924981 957246226 685030496 774724924
3094263 810101535 707134524 783808060
528689970 886562547 558697785 590571615
894567760 789923078 396715618 426118901
388772739 519593036 32425744 98028844
747120209 340048225 81907875 85971991
542277448 948735781 480159075 482915824
587425250 61487598 243100029 283513620
65684580 636560936 559505499 615157695
509703709 889682237 226033591 302310952
779171917 588525250 179380539 206544804
987878414 823925840 261291074 324669879
401399342 201810475 657844128 757463298
517234168 85216912 89477661 124698207
394332410 222419818 578390058 617824043
867192634 317605386 791169244 860356428
595061778 274125529 746978241 836124187
853300304 500286103 759167548 774795613
774471142 926702186 149944090 204167253
57488965 605826997 382061947 422317071
480654212 257730744 579931054 604724000
580170088 810823869 733013280 778729833
309396987 178984944 169151641 209351937
790610970 172894329 916342434 945182471
823722812 738162834 285393457 337288350
459664890 400291457 914004391 952633255
127317503 199920377 761884350 818724187
654725606 552791333 204064906 259240206
619305783 480025084 998400175 1000000000
981364660 973112644 486324855 556375505
435516049 212208054 740113896 811092135
861510053 496538318 742747129 772494192
897151421 567836842 485535905 581166958
753177110 477239131 25661328 47267071
211708370 886458120 433725818 504212550
262685089 283772790 465711575 494062708
672036402 827820307 138962637 218155597
334550266 836652785 665977615 667420211
295071641 442550917 424092022 512628975
717514690 47069170 323373168 345799095
800255485 353562079 544970673 593223779
652909358 762788491 454534458 475669077
330620314 128912074 899295144 927722366
771240250 105956122 979254734 991448980
536893172 963671418 862752216 901388662
135990554 979721537 802235388 805210487
548338887 442168661 89639471 103145562
833730843 957705515 317297472 408632951
193476417 218922005 288382559 336648975
926943766 18399014 861297324 879300954
73131440 426496422 390374930 398149609
558663714 705395895 661887870 669027983
55607834 365967866 622884387 685983876
761229996 384542518 833383639 874039084
416845567 68483334 858884847 941038351
780095951 92763145 92144368 171273086
880433527 11709512 498822370 550161009
63144697 591471202 520661013 584287088
622145872 513533913 389094973 421289652
222824516 78373650 442170963 513700310
298314848 35647850 642808788 717754482
959717789 805429992 560060293 621590101
974824379 742640644 32590054 34648487
325726671 281483637 709251542 796531954
756685728 563845595 159440654 218907450
961169438 811460487 926117333 971163050
736082328 779946424 468080731 527340446
374285524 15012125 907387514 936743341
427443826 20113498 112180698 153803091
476741861 347233462 115784341 133024665
128281476 152062821 761930319 779897701
17251087 454479008 568764663 599924658
157247806 971018700 533314065 574487465
271247105 669526371 792284726 884472652
67572092 942994689 588832365 679489491
917430788 663544738 54085872 60792977
280486710 302821895 63131383 71146761
128937225 56364606 786481475 826230977
210434533 760220242 297382397 396926505
554217774 959624797 874401440 904957112
578916333 693969231 456649655 488332028
84579203 131902096 508763539 571970136
735044983 623482623 379375187 409043501
248841012 904856457 997186664 1000000000
733285844 423652673 392930663 482197516
550130170 20555921 557399861 625831048
179972284 77767446 223584593 266000701
986143975 472645028 94438164 95918079
273993800 993235126 870392468 943035241
903747077 987052489 946135965 968331214
346793393 545949449 76789198 108379613
956587788 42172828 469998028 480815132
717953372 82795749 434485717 509845470
932308409 160782878 850366657 867282177
739864502 431278787 504473160 561908990
139223583 250723554 249781765 269370923
785079603 12434314 751763177 813492520
322534321 283576152 856206906 875990084
115230440 893914147 960357761 970887320
519954353 62732274 940074951 1000000000
76238899 630362135 505161299 536785191
483797072 852124032 149242400 204160223
393476371 168992404 139394753 220828801
645703984 910206100 429315168 451279970
818507297 259654890 733619037 804114258
514939493 946538001 703587825 713995248
428034119 292504891 963995931 993235138
922069593 374478589 238513237 327588895
975992392 732915438 858295582 908589928
170312408 719108799 921682572 1000000000
433569557 323573873 92624794 166936220
745082416 23341341 139638275 202411057
728096814 883380194 813180123 837466676
833608251 167834453 682100317 712697344
151413506 591525812 200867316 300451774
541806285 762026969 693429569 785482687
619326744 575444907 578537582 589068382
301481073 520274825 567136806 609613414
677754287 85991739 868929271 900102550
849928725 81285892 364337975 375027063
346003826 818229831 524102236 530434697
101546929 946201209 539579774 586531285
246165503 504592947 287247805 380308767
942897608 307393825 316554711 391555983
733757265 932294136 838797120 846137557
728842688 672057281 496045144 590484072
384304609 990749110 654050080 716811340
296530136 774865398 610356242 693845052
259068555 801090028 133650220 141639642
373604382 650725544 281000311 355503984
803899876 871823552 19965819 96574556
824222965 622528618 11105138 104952072
599352402 131077344 271529683 353636219
832145879 125873969 825218648 909287740
995454546 578659521 925837323 1000000000
585054763 331546685 13520072 15079042
831708709 644008542 54420603 108477486
286985752 106223301 991615037 1000000000
603415550 157483910 524698034 617653953
903707005 741640468 944321320 1000000000
469989591 358548831 834852407 854658891
533084296 299427363 706596250 762039351
925473754 124399096 125027430 223967830
196132890 447915377 645548210 720854586
118298615 365870514 424217869 472648192
129253401 422096797 476972369 514005131
719279195 296548233 252249188 271347372
215460253 903935135 367499026 372111116
981797969 975652115 892855124 931926814
849474265 173187343 806310838 897447936
839640621 772139454 619381570 683729330
724027849 135397686 285250993 328966092
673950531 132887639 432844880 503118487
205388584 642069017 982087658 1000000000
650501919 308680030 892442628 960187878
300012113 698719082 548564856 633777682
754646034 942652940 932484177 991094713
287152226 421398776 473866858 535166969
179290868 486901936 223476973 278991293
830142902 626085410 364290712 373132128
663330516 85059731 578514208 667230019
710194271 61884006 463441376 498853558
703882509 734828133 281856506 344254839
596113680 799268571 320611577 403884540
421810595 33568719 462188128 556700721
184470542 934352125 623743754 665323813
993099492 601822988 963166132 963334880
865538327 617043128 114679309 125772053
357714247 298863831 157142219 159217078
661430318 187267032 218751688 245487159
258114172 440946665 65348104 153442808
94632949 85054221 374014598 452117908
528556073 708119016 879415648 930479601
315478912 878159587 109168970 168977507
2619590 58622041 928286610 986467181
111856714 575370358 531462895 627233185
947035334 413174326 681438900 759616045
866376830 684170206 746981521 764158129
390928717 805624418 435381765 451692785
329096309 158013239 245895471 290209969
817201115 835530750 859342872 860550758
554928468 615289426 323372750 412719183
710348611 404323867 488870543 560082039
643037747 733536925 638167629 678673985
293252145 840448649 665565309 709427251
347215174 978861281 766229553 833640861
259219348 854355523 164972913 233911028
250866263 131506787 892040543 964745855
29453221 921490932 675282233 682012203
225528058 205455462 404512905 442396500
629063404 110819678 536238866 537393119
211181621 254275765 551969784 594721147
986428249 61519301 547037451 591549363
369233471 295259130 824156467 854584608
499489489 512069643 63389209 95211519
22862649 191788283 370201865 416748580
880519870 639347825 692836804 719777730
102248790 668237630 968663369 984576528
160613010 158561387 859493540 958563850
233062240 976070093 751650261 814571062
893345886 288005074 943748595 972806358
372325066 844319442 823875750 829025013
244471144 515837699 159706737 176672072
251869732 408504670 158497691 200232803
71565771 171258271 960992734 980665718
804703514 895157472 915715954 982792995
880057737 980194631 90587263 145953435
417110324 219163365 311836729 317094010
520278885 811384715 415239020 446068339
186053641 856275092 281139823 287132445
188922726 478725203 413251085 509947999
625707882 74304737 535376344 555848154
87998373 322890093 380584048 398157130
150656867 414339352 907655288 919840354
105946598 644332227 339624925 433999768
397243024 35790632 661037087 758212814
993659331 157196309 731416165 738995718
313016787 655473166 598108194 684468586
464624811 896350562 233523610 299151319
36803493 54838370 976317948 1000000000
939869152 554844409 941341696 971854672
460960174 864890749 341547829 436434069
678211153 131298534 145080397 173394801
43876472 218853438 764498374 843975555
400503637 566896251 164525575 165243037
291807958 900791421 260438841 337773522
682368326 741199370 249190114 334131500
421222252 106626194 674706038 747053655
135273438 509299988 385211585 442053657
950976040 106375007 105806217 114894841
445867310 210752580 639057577 716538332
499108662 152855777 816281624 874728825
64120755 703614907 280053789 342944251
964099325 840472558 821444828 824553078
823091733 45457775 420846048 477446002
374782264 919170991 649686517 743128679
422206937 788920428 12970871 22207479
315023347 234353047 193740583 227833986
64461442 307460064 351935258 420237180
468796441 647756649 621513113 656033532
248561836 339666600 579231385 621928022
537727369 187342242 19678241 114997216
723018902 62134250 568832935 569210181
926584932 284323646 46511036 113831399
640224926 721697366 701731878 774089709
241326193 93850290 342798725 430668018
246783871 784996922 634779925 723191144
700700327 185813477 791900226 849472773
861917049 130543971 179960740 247747699
259610870 756767747 17164136 29916782
542129254 501541491 876033510 921437030
258637014 624378096 980805979 1000000000
344316647 594778926 943240749 1000000000
271163541 77300476 462043811 509950831
963053127 625429068 291915937 299566315
837151139 494326621 719189409 735506086
157594263 528125172 933036945 983842942
396183182 452333378 216134491 272091082
581832348 53561633 755757278 773571157
307253672 630560033 474586225 498990070
288920426 727068224 547423414 633030974
749820495 968501377 791400173 857259365
627062191 240750562 648439746 707005410
614100764 896438449 707902375 796430013
74407417 956001504 31386215 116288248
740400176 662204968 799801481 895437614
369265865 491076777 983637261 990866278
615963960 301168214 787472895 831894563
307121962 806478316 181637966 209617278
839744581 369478995 855436755 918477909
134905613 449700415 505432947 533977095
859790143 499485328 891030843 979787715
390598692 139813734 894281849 945445079
501498703 385572470 653191680 700300710
806167615 86239888 469470657 494674308
166560296 909324301 289824425 325884427
239234955 322986457 830025894 852626071
624552121 185118310 444966177 522820150
401748093 65002344 397543058 478053814
916356244 692323284 941835796 1000000000
405391966 11213953 407670933 483178475
616978537 328963274 468572989 512498283
665771 900445082 417698892 510185653
179305208 958145040 438231136 479309721
135351621 100302561 403438255 440395831
681205521 540891286 899263568 908915292
931765461 58910405 15888929 34374991
61752804 830179969 637790029 678253543
968786714 849406683 172946725 268384137
421713269 701220459 491365437 583911657
812419767 369336525 929482853 1000000000
858979327 147804734 830110349 886064627
167354348 50920547 538529903 576588088
974572927 923789923 232379764 315330921
421697096 364021810 879599149 961326745
35036268 54320288 19216993 22123896
286086502 505779730 857095499 944193857
1166723 153474562 945010675 1000000000
838313692 88840203 70186029 88764993
308868968 15019824 145646269 203594419
54363354 306698449 216084848 299547990
593307922 486202621 525859053 555082298
729233255 627893628 207767632 231971395
383244239 430118017 556059800 557764779
108136488 327763512 483199008 492710473
301518808 827286739 361919965 412526134
903343321 528284696 188279418 287532427
622654272 114424797 904150759 944579760
742756009 199950093 752786548 837950656
292911687 666273802 701304318 794114303
800711547 131896980 977530519 1000000000
809475243 884643315 562324784 589550639
135366115 864693120 379872457 428022338
706160097 112092403 296429416 385644205
425513369 70079713 410587341 508806848
24255965 24783378 3622624 75489831
773821942 733160986 958044188 965513334
998975053 955668274 964700348 1000000000
947432408 82276082 778879373 845717540
781596326 293925144 551454877 643073514
656678768 478194189 904102498 964918069
467195782 817386247 167976389 262578723
51319434 150556921 241505202 278130181
260924247 414845879 715212678 757151462
291065196 251584547 728114248 779630263
891646802 832011683 113761773 114857750
792692462 350714832 890972567 896725695
881727850 449992107 945829943 979346172
564294734 412980145 181327072 242182185
189619563 986128233 12834593 83176274
918424992 468588150 971676418 1000000000
617739907 994994184 271803528 294408852
431308942 481725863 360427664 376962405
129952224 692551276 1526588 33218028
407228765 523965167 893901679 908271703
336183365 125200589 264315670 272918429
540189776 789703407 651594128 740962174
878381463 372665622 686129239 727809285
805172101 288509338 24646224 91060169
647656402 807394488 945898996 989379574
299620064 294484822 246472381 312114059
384888720 483806066 127427366 166720331
904479902 814434138 721620703 748511778
572379547 490933197 528146493 587299407
352026331 381998801 342652233 375393634
781709228 749841267 614131078 695528796
150111685 437227253 34858354 133987700
186846610 212705975 374126478 465562592
527942549 717840530 867643745 895237641
100235625 883186924 532175938 591733328
191575157 792164061 978769148 1000000000
866938565 583119149 286870684 288377447
338042380 149012803 292863540 348636746
951448546 34861014 578499502 678360156
950531213 625516038 354863262 440738291
453384526 342042157 130611271 170073767
138613084 766057470 373851051 421086866
637947212 888108337 12771848 112582640
465246480 951399122 370102625 458100133
665236507 961907919 964538556 984543558
947748231 111450395 815674545 825988097
211850753 569646964 786031456 838911437
146914692 337331505 321874272 327141066
993771352 185178915 190492372 225179306
272453823 213358960 266660616 316431976
971458926 774358393 930457378 943833341
534134909 876471686 788661175 849494106
420962222 897701834 766009840 799234981
46798492 579194901 356103262 409823287
119828899 962609823 704376327 725728745
429096878 756048327 953716877 959008274
862549646 657765220 150548567 232114576
303281145 310011301 811518435 907099685
108195886 465061075 805450199 850082337
934696998 225491939 375646104 449464291
21734276 809176447 40807592 57315149
602666883 435127875 159904344 222004701
45395155 76947203 932714218 1000000000
199124720 906651922 822171112 872306620
824059762 399123342 786407973 876473459
653994665 756367475 176224390 243579713
494988379 658678460 690660208 778168660
243308887 586391548 555902550 580276765
666089204 928909060 89475447 168133398
301351070 944605163 950213359 1000000000
765846186 743404927 801438275 886280916
351135035 798064694 732423926 790632434
303307762 215269978 469618013 496533607
904540598 625694515 512889747 513533201
716366002 333871318 776114939 866732115
556453570 981123391 41615818 98500631
793146987 337703109 415162044 423606246
276156401 422518794 92575458 144821457
115990966 798745494 240155397 277650635
131351966 190341968 919555217 944477296
278306499 943918812 557158448 631348347
152566149 198985238 556725140 573733885
814332098 30046098 3118851 24514985
68450187 855681836 757463233 839880951
309639294 257470915 800686888 865382539
37160320 124704930 590178598 634390953
270909460 749599481 273682443 338141400
284944315 599675081 709357477 754499434
951791131 126768327 182022261 217684004
514793445 539364371 909256456 926843077
918230795 648752384 916111331 924327076
822684913 457046359 196267701 202083164
911363770 737852615 510225165 573842925
340703561 892425610 622619754 713273033
811945001 678896222 917170686 940712353
660442798 566783075 790160341 834789380
66068979 499756447 615883161 651824138
825713273 74614590 58643607 75529399
536452348 318211705 578318264 661317522
979511062 213695419 919554265 975515469
724101455 574033280 242583791 327679680
139197851 922840306 125874519 187755311
779332867 425981753 299581678 333685976
917275343 83860254 727016900 759433452
705604994 256101554 561568221 622018231
762722245 502402009 35598476 45381470
103252404 523992646 135935042 175474966
257903749 707670369 873399917 966610339
713519206 384613577 207862215 287952949
29532218 251515531 835571266 905291299
78690608 809552278 734234977 823394062
189351608 910380288 984183963 1000000000
695980591 723634655 325496362 347141711
297107368 292866212 700119497 726173866
472648210 888368320 595850719 608198275
49989126 730468786 809787538 889639581
429567799 764510445 995679348 1000000000
496634879 993058632 540181754 586174937
930006546 11591597 203891079 212291157
716085842 955734600 498644700 558759178
635420445 91569154 996896074 1000000000
404880519 532685670 120613592 140973241
487664445 392434348 954707000 1000000000
998976008 513352474 668823026 746292055
112080828 930760430 644376523 670374115
475785334 929335483 903580363 916456263
513656362 931439903 910814982 952246042
365693376 730610512 848006572 873888508
826578465 745479160 785993445 861303136
677557911 501985347 271058232 308757045
891777030 43986321 804652793 861797144
132018520 902667842 451748967 465430506
380737138 619125044 77721050 134819799
545826815 907206009 278613154 282132066
792992863 314529351 466533084 518281799
54663279 660280357 900130058 903352982
196574150 837729859 906432512 933811683
372193407 668839876 289266703 332679535
897700473 490891527 950938206 1000000000
641556062 134299997 775342324 848113529
536580604 578853517 910862356 956811320
782471424 796934094 641925323 703286475
337979129 957691816 92474992 106827893
70841556 736566331 170767787 250331885
21098460 725134222 475295250 521447141
594690342 440977481 121509861 152165050
283022489 923423774 609319369 610923792
927381249 850864588 703269266 785436361
800309424 577248826 207988094 220409771
99368083 426680498 395818555 480227969
745554226 691047179 154553260 235446340
702707672 743988876 944568813 996816527
226693684 123511559 956504198 1000000000
984228493 533193581 991362862 1000000000
605615055 688326536 332394599 344217519
694932846 421105263 765052370 846691142
267481257 17340250 235623913 280461937
695946775 96647891 364765078 429889352
819573337 590211222 993721409 1000000000
735021559 683756307 773807214 823651726
581221488 176119402 895470804 896668109
750786038 988449507 357386565 429320393
187661771 600885671 577695615 637785707
70693340 71172398 254665230 328948147
184032776 451308947 912169507 915521491
374785600 229170551 32250218 34354678
175197531 268934495 533840261 603429023
669192031 410935580 787825179 788824289
33349281 601253873 113077798 114407599
133145395 93816998 569627088 656758071
887342418 510880912 308906081 309166688
5014367 456199360 158867236 200868589
506597775 770590721 563734209 609289600
614373967 741869004 37460892 123511807
172888767 336396345 68225122 143925930
47178740 445627002 246682584 301904277
800413769 376259254 368101148 401431782
477866184 334519558 736861092 821078367
706723212 409317121 141821668 222304946
105529970 124486928 762188303 836019328
284812399 909376869 248664831 270651312
683633347 266476945 491518765 581381870
841946481 910453837 238204992 286867118
727729347 299143014 829773182 921054149
932217852 914410693 828694342 885565834
239606102 169114369 652354877 671198564
994040879 711994715 181361778 219813912
131874783 780738993 726000321 735022382
107300083 279565999 88167465 95584866
322482978 546482090 308368499 351397576
868922852 77716371 213321563 213951975
165709741 704187482 982108709 992106831
992761774 56298760 210947712 304522405
676920706 727465319 180946428 265250712
778007479 165124958 586952623 646045964
101329018 750599531 146777184 228852490
934080735 683784912 694238314 704015195
535766680 144579188 93837236 114573792
