118 592
8249705 781386994 275748741 369883154
303416796 912781834 549068234 641492039
16886846 667201469 785898848 793265633
495450735 819116507 434926411 494951737
884968951 393881497 976131635 1000000000
186680383 339585296 934167284 996737649
977406493 73510171 559151198 632338725
705415320 697392858 901610637 978727530
384771123 296163620 250882368 289037516
478078991 831423403 681637816 731108385
301141692 953178061 817084875 861203663
918712668 417783695 668066870 704656990
527681781 453080992 765213058 788171541
154308170 323670235 73307851 154504398
370232736 452358909 879775998 955152902
447648368 235572338 951454523 1000000000
970202098 234443858 366582142 383172755
126147585 296757812 695562235 780677273
562321809 471528099 490026110 588646734
326943695 30701871 966077416 1000000000
534164783 504084131 352098432 445197028
423652405 801774832 802229232 890581794
78683260 737574993 574083127 608290911
130411834 938442905 946137553 1000000000
868338165 428515321 313242217 385162992
652463618 778307091 683518787 743119140
640911496 180909491 51635621 81616048
427479861 91088271 733349516 811786480
360630614 678521081 640188810 646299409
685826736 947808991 465889456 538769008
159932849 386851281 251036038 293291931
760721801 942373314 156391165 224641092
360289689 9977767 326265844 398022360
578313078 649222387 200549608 271061033
539840836 994838648 803920378 892358593
104061925 423170698 732270739 771929818
219717538 463069549 737145547 760539927
371897592 902916122 283077164 332297764
335321584 601366530 624869059 638160024
609996250 551535575 506439131 528115552
140210115 804223398 687679818 699398203
827218614 613633232 520081721 556334186
811646650 66920320 697461836 771122208
133988366 508812676 346612026 377215405
536526827 123260525 952597167 977009573
662496947 777692366 215744576 233900812
532914054 958036990 58162085 87740739
325894789 151362030 993054304 1000000000
820595494 213290522 4894780 8409144
692883193 717979203 676849855 730240616
260953463 554145146 238465397 337955541
61098810 849265662 903878535 981133298
961265106 877427751 209663434 307482751
252794068 61714518 717140962 741023667
355075547 60675468 789962552 851401431
598830366 609014653 295802510 369761485
619030393 725924066 622637346 704946025
903419186 996163373 577685167 622677287
475633885 135798527 919421035 984559072
369358534 832691042 803075027 878866191
290440180 564395560 127069888 181394994
375073463 207676250 744802039 753566378
738594354 441145357 880336626 898478447
140856650 19585724 361662859 435947741
473520686 477401405 869058438 938006899
737013065 77420829 880309695 935046359
957602888 492082594 636688790 728434319
668085214 140884178 984806525 1000000000
126770316 168487757 816814769 862902873
279644949 621791970 599585755 670792913
658557796 789019662 809410876 876357611
426698321 914641827 918715026 998933681
822917674 881126552 253773755 255875220
793762046 216198794 218761449 302913938
621254657 313067530 287965978 347305244
359105413 322886842 32965951 40159239
440414328 676063591 210414914 309538728
345369856 597845909 214500259 244287404
392694941 516504321 778555493 784332110
12463036 934174139 823790683 886230336
112591583 472790888 367609349 379300908
602825882 793431544 237683088 336289164
223525230 290847179 586025094 602531780
107141037 611784496 991621063 1000000000
115308419 124033518 441699023 493474083
491977910 540038162 92213908 107309482
255489977 175466086 235474083 265921071
828984494 882041182 693012941 773459313
96739629 138965411 492022027 506103596
368651564 41786828 374910561 428999098
211479611 785014985 81334021 138467692
17603887 110788373 527636316 580167702
10974329 448284347 387808357 417369536
437015436 844370402 664366679 682587081
926940968 145013331 203556146 268733294
621620994 887012811 520383277 544084784
601961825 145988661 406522068 454775892
668321338 660033045 948153614 990548387
236521825 361250050 902603373 998780734
670204666 627588498 757062234 821630945
944243388 687266660 33797842 36341093
285443703 893481401 353486358 409032611
502264265 865699502 15587538 64529636
267434131 663613307 880348044 958992415
108985223 808594456 359984632 360776487
241223261 560118883 520851381 577274631
290608793 953818439 209307465 298753822
117837707 46859760 59291140 89175407
797307733 316898957 966477972 1000000000
93644522 353446223 940410261 1000000000
459004603 685652471 530365017 577641463
391238720 219802180 822305064 901075083
388694842 247017662 327101469 354519737
226459282 631482638 847033768 852470304
44625075 183232290 805514998 897374239
309807076 377755840 479021193 569224375
998452684 252085182 641162156 716529326
227842883 875109220 594814935 684606870
369883571 658278335 162923084 174864896
367525686 235409510 822601690 874940006
471773570 852125620 232220619 241323609
554106668 898088216 464356483 511505386
973698392 714385291 862713552 931765965
81634508 756235393 688314069 774304428
55109039 904751339 918292808 953553877
952687047 872966457 856665558 875071121
578845334 855936474 935757334 1000000000
725970122 292465699 677429807 750851195
581164631 430100031 676658460 750974339
183270956 566058286 34947965 124400654
499947605 29455213 903797280 998814816
823938362 106262402 155730974 170282245
204711307 451984726 330369046 429434402
572717356 101679174 403309270 414108626
21880530 320553685 716113704 753338534
236777203 948874800 485753713 549481894
48950868 157724151 39862070 77977166
201683171 595561130 56094010 117958588
481616993 94990271 821968026 863406424
412282386 570793487 740730307 818827081
558867295 625189468 335130250 399673021
296703036 878062487 184782451 245784351
264718601 881938181 322216755 340229944
58950103 788153956 749486582 836619826
862346332 585350553 496471352 553522858
341657598 311284793 243088727 279211889
299689266 915041494 912154551 958888244
413599511 804617202 928365562 940426281
371710814 25796100 707375548 720577428
932172137 351976844 32941500 76761639
755018899 25678888 253364406 346147177
798077509 146081290 680845594 681985827
115288368 886958882 710668666 775490955
326592698 40376103 486664739 535665463
832589777 579463799 634575541 647373315
701789649 529308558 845792122 934813020
185031274 813345623 802351553 885515326
708234834 133557261 761037512 829014745
899683898 575017534 930532772 1000000000
888983141 946232134 929419979 1000000000
594557749 104391976 496945898 506785598
112262190 526410045 495693975 542180167
181149916 395634842 675060734 712314909
837059514 348528794 99936855 180279794
828068641 188286276 199409937 238154210
107651875 955908141 165765572 193258896
818519469 284991724 905911935 997870969
314082056 701570012 811600131 905902738
736213721 19320635 781548872 858584354
96981494 645204668 999531638 1000000000
369391193 658338847 412589396 464086394
935948795 71479466 689737869 709943247
16594963 874555782 434630847 437114267
235215792 704178761 572508189 593469192
331218186 181164361 301636901 349112487
235679834 828548744 142086282 231852638
839031367 927361868 518925496 545849654
938902312 685958031 803460439 856247184
118989400 994272551 508458654 555710702
858576946 903627520 770711694 787460986
953046006 953682217 11939945 53413458
492195306 947262586 703968251 762397953
644028072 703019633 666907436 759799914
83039747 18190488 971078493 1000000000
105125648 714620065 913163023 1000000000
721228488 329781634 470916815 478997727
205335633 584447536 942976538 988233939
73271736 29603896 353261143 397969152
535161652 403430434 803043074 873343982
317653797 368668610 578060434 592525209
709262518 537649194 604098324 699535514
13270847 871557943 545856564 624385483
12387244 32024783 326663880 352209576
706335478 326634429 906754657 997478379
637176893 662398762 315733306 319781786
397837339 899281093 911321766 981193216
974318147 255849031 120458037 196876593
983182976 542072385 128661409 174299227
270037450 711645182 137100128 178532413
329286660 256320153 378068210 435652652
219272390 954657866 90073211 163729831
72996650 193369607 607678395 701307307
17075369 435260015 82811806 125122142
546409660 383381472 475651601 555147318
436926051 207138096 123068633 205784890
28951857 567308809 206171952 303154342
36759628 607975970 745517477 752577924
612766457 922028518 614952836 645531468
755333257 168997587 573770293 620179410
87430577 848128174 15680513 93616102
599062455 146814847 679766614 679944739
212258814 263738629 398214522 483181715
637712513 305748327 465465612 481759257
348554871 21445347 30230341 61589570
848737917 908579947 804086040 900551470
640008884 114895237 567792158 609835717
743181259 11284227 632391534 663786692
903406107 833726663 712543288 801712879
567527971 642362852 178708388 247004565
948865808 398378041 592967773 609381543
649047248 537138071 83457720 146783522
972855636 935379254 315982036 320238199
923690241 781709300 85195031 145663386
375264328 809236482 694199711 775538006
540210472 483168790 303537289 402695989
157991963 201544957 788605760 800892973
748066572 810672450 478634537 480539227
458524444 60184247 346174651 416967666
426517910 392422842 809620245 885007613
823234830 360605698 313450105 400641223
523823959 3246939 627852393 727666149
435157718 105209875 968448915 970182900
379312513 166041588 237465412 258241405
804575533 974609006 330855929 377627372
380618527 7888737 451397719 469757487
655831105 646087206 406156229 413284085
571296861 321372386 903572687 926863409
999833189 788150214 913770423 967475053
489725450 902340955 82861822 150870606
547419549 898210134 780568032 817604583
650693046 626342100 564735618 585503531
295530273 803048128 521502604 555722579
696426797 497431338 336185676 344689526
930832830 421489825 846014704 902733120
773657824 186154463 791623171 800040610
597376290 593946650 793208362 866072605
122033153 419345320 634361683 645286209
702014309 395113356 321111691 405129646
450594339 402246583 305278399 321291681
730335147 782910672 322747464 352412874
490751679 579483665 794441768 882599140
356506467 16978698 134740951 198948206
898991545 60602868 368219456 432516022
232877061 280466088 572946433 586693559
406741153 800119407 402303675 440794085
477882684 371790276 43175906 105087224
6470204 98196828 490178303 506591817
43009929 438952271 323454247 385070771
349665677 37635333 877126105 931307173
839978050 443084281 772355453 849316286
635977307 86128850 194189061 234193045
374843122 377035426 28403365 118921308
230231702 187140871 636825939 683800431
329369755 786536579 749007989 751188076
227102694 142787849 348175879 408980033
480682390 349658089 157133007 240357483
947984548 314380357 149444238 223910918
410930830 128115525 171159112 186560258
843349133 765489449 287506779 338418307
770694783 717833334 661147761 665213911
932958559 901872134 309158999 378032721
788183941 648961894 880955328 976855571
82931912 599640192 523954672 559123393
524225915 242865763 586593040 649495653
465327740 89910535 21793458 42494143
227930555 331609148 300989490 327323954
393082105 909362407 821685433 886552029
214574640 81254325 227966951 250131442
813318132 707421126 622661724 709979638
496608161 843494423 589259637 654537290
277297017 147465762 584814918 676448869
549313360 615359430 435699852 534348527
554692121 797155831 886551912 949393651
683179508 984734441 639425583 691596181
409137280 659631685 323697358 398572542
686634605 629794787 576310949 585392569
217795269 6927126 183644897 195946221
316032226 141320643 748328891 831728784
141075427 10218795 946945000 1000000000
47298719 613584633 340459617 352814631
934869201 35604264 2259344 91448554
336250059 470479525 77523402 92756407
776434838 308875994 960914226 1000000000
843433860 717582441 895068427 994534165
24358553 899206969 596306623 620495891
614483043 902000099 883503006 963125287
610802573 372965171 997849274 1000000000
390343288 830098722 812680681 898424961
747072932 396973207 467709972 538592511
242009374 78135031 879174832 977689375
224886884 44682880 572541591 573992061
399864510 832938152 35983248 60644771
953031280 404806066 495034789 589978388
604775906 369857304 435326423 516720823
641028528 828164125 487388409 570623491
316744394 945081871 454889988 464314491
473086140 603328979 669715277 726895896
628169850 903259597 404726302 437983589
64521493 277500864 648277487 712405922
403284178 201353760 746018643 804822207
483462645 197907811 519806527 577470438
824159046 709720485 298187395 315438615
37391151 880351206 482734715 525390865
579205043 81096258 40268628 122864977
498140998 323713187 38940614 57982062
735444143 682447606 607669942 632391948
313363735 185304088 906511379 950293473
43327756 163959314 828962911 890915818
973534236 424118088 869880861 956959313
399421040 752282023 919009554 975214683
742902498 421904203 119156873 132335731
20539059 115293906 703515449 790934398
174341340 477180644 160068183 208897308
246346401 514641178 690796394 730709614
296136061 222050137 679939070 773492781
654224987 622489124 348931950 368911480
327736629 355746703 629594388 729327599
729495077 603876053 547339571 623838186
173385145 85371926 146073164 229954228
959859301 976739088 187207025 280769849
421370357 40967846 848889880 935884773
783781891 506657005 93337622 107628321
721760526 74704026 247586433 267075255
504858695 108686713 289311325 328000588
492911799 902166057 102915200 161364128
745099526 195423485 235626681 287380407
291429714 130119443 974772306 1000000000
856773261 243252789 481800515 513743812
631360245 507714259 339528223 385243895
81325184 439331031 545534306 579507401
828560332 295010632 262465889 262690102
403009465 237787771 157710255 223244733
647832949 10812278 144238604 184354681
598169228 913144464 81424709 173656833
9020755 524945774 109290743 115430013
604938297 28543878 858589843 894538722
553163569 706814097 702813915 747060971
43653419 629192599 170425551 267536183
92971341 916630391 638623246 644078221
518902760 196593535 132344521 142911118
33960554 86233860 514330883 537306975
195088098 976697913 194197941 259518872
620986695 786760982 139956960 219768311
870904569 67000114 576042444 580617501
928732767 596626624 191788818 248434433
781098907 390942138 911148468 957025302
214339614 701263862 244522700 250504753
983786596 188379989 261878981 348832807
911922510 166481089 139535446 192290496
350792218 719135051 166290185 171746110
243461733 534657569 128889204 167982787
321189841 264584920 104791077 185416039
182369162 729304134 903444661 917989581
715916336 939211264 201024492 293831747
345895389 963456148 511462460 544571157
970367820 276066053 793895864 848197256
554131962 17946320 403769639 441549982
73604532 947573081 774762877 811981223
149840179 509519352 722121674 803089638
118740338 574780185 490442232 516874651
97600070 275246109 726208181 743901862
362875580 125856174 719812205 725098663
146066274 920741421 541039014 586998733
88945216 299366252 749456011 761330079
798806945 965606 92192492 100539170
697951757 237922517 62449671 133014535
250066428 650817714 174090487 254194096
169095548 465643355 351463687 359005522
669351596 444885574 643560676 646075387
965054352 484122181 575827099 626568133
376767409 236829060 782325200 834457406
405340818 296980084 891273687 925448262
166950818 989485513 649918215 695501779
245309654 807430930 330910349 333182600
430945286 306265397 574874958 629915323
382185273 718886345 128564024 144250578
361648035 85171494 727063676 732266122
279601364 892631280 752012806 849287157
274310629 697493821 161474295 255154441
44405182 637111862 41619408 124510390
193201969 991735955 351552981 361338375
89241723 554293433 484220353 529759845
538308924 559347167 759286191 767999041
41859774 76706136 803479451 885871460
285023251 273883500 631603150 653783302
673338226 46887394 984130223 1000000000
407941227 332203151 891956687 954287860
775124262 801235586 382790333 442635814
587891380 466958107 366709509 379937652
534399084 83368684 712156264 766535308
270384256 345254991 98563999 114793683
568612104 321676967 609857771 680767659
960690534 380697126 826586694 840715630
970546383 287673711 382255130 401020743
49068419 639843460 43707085 140567023
680729705 583309691 458152857 553455162
569518571 544111180 129026016 163286885
941762347 432781156 399017134 475920687
302852859 124407562 546610169 629726140
451064863 104385189 871591309 953281072
308893443 780574505 801837546 853660577
787515488 90093708 955825805 987482226
592600618 673523697 204744230 225386222
243762943 667346155 937202049 992872451
194816827 5336180 775123430 784642587
116461421 923496690 912075652 933177882
792091801 331424016 795325331 870411157
678082577 869074948 974975822 1000000000
945423569 380423022 980754336 1000000000
916991478 852361754 529155912 543099669
375729412 137007248 707096962 750609813
594183611 577176517 315895204 405348465
403310951 416788493 378756373 388176523
936440825 935382327 410506959 474585092
21195050 380031812 901043449 967915016
684840343 325156219 663451171 733632047
515901137 674515950 898148184 932398784
8111178 521346932 180250980 211584756
968220237 720840132 244087307 250277386
768361085 335303151 701644569 749102332
279067994 414527487 745577854 794934684
441288841 683161756 191053709 216503253
921259642 766449572 808051835 892944087
691423182 390265891 775288405 817793456
181956320 878570261 171162576 243660902
745435303 12039591 704831667 764993442
101642782 768903099 987664293 1000000000
966899568 78971968 635921835 673841210
115369939 273461279 443665708 452640153
643466036 850767675 533922308 595324000
329178787 241865213 211874086 256775524
36655105 980473568 139399901 235212279
920615325 251504683 701766016 763108792
801518800 800287381 302444949 305187772
888597132 991391535 628662237 718619271
926227767 238286180 21562423 83402256
129198364 873807651 793452664 885766454
172845322 154516430 540952463 597242388
27304976 756761257 776810360 843115086
264953535 209095668 574926818 620375963
526500207 971746335 783565270 820774128
767514569 735960615 125825597 144866389
262845027 69515635 987514169 1000000000
584006306 642605420 418767971 479179189
581028873 7895662 49844571 73613836
371712989 415749217 961736016 991224837
709614850 709687173 976895758 1000000000
816531524 175853608 852941197 896090253
415030181 512599994 118359124 216562930
248542304 998124001 195186180 207719630
83001325 18599377 966770341 1000000000
522827126 513102350 687015853 751044278
649612493 372988817 975425666 1000000000
34388945 551572925 688513505 706594616
965322029 831967775 502010772 536864300
252511081 99081042 533983609 539639408
937606986 799353838 527712737 604459177
697120473 798069387 647335909 745505978
982629695 176928008 247052058 316243085
247400098 459997415 449517344 475754690
339383490 256760908 128034207 202660141
200115174 435597038 116823218 196362359
595019328 87395886 139092223 155226103
722396951 178622653 160706452 244372112
959103058 492671936 860364403 886033031
889939285 659320202 1801605 60500317
972977610 951920981 712695204 776476179
390097880 701019089 191874264 280707429
259157079 584447394 59330015 61237551
831969258 137201044 525139141 586553175
478758771 525970080 543264293 559547956
372776005 929981343 627348215 703970162
386728651 779533150 624818557 687280610
627809874 747948279 474817717 539346622
546575139 31663777 13801798 68654223
941984902 322607924 571311631 626229915
718163832 464507054 429239870 526879526
99680492 279061591 260018632 280221363
727551314 895459411 300692788 325453279
359543274 329901584 205394001 268818779
888119348 646238640 830769809 909853714
383042627 570927361 661705083 686770158
552573079 790403813 967793415 988554653
251837201 192488702 126592571 145451677
879101962 701764552 807651469 824033176
694289139 700359882 525200543 547977653
518115703 627283809 552395123 580521691
739093903 234912124 902422308 990751106
447054679 955527975 724716736 745201369
508806404 203717416 11638582 82911558
160286509 438503682 316823376 410867471
259483384 392183905 522492206 549527094
337687155 353601319 190623757 262366725
439420664 523208310 623080387 678584539
865795068 408787203 783244290 852677913
673103866 61728007 390688480 426197406
672429080 805457210 613808595 709813668
971353579 780391539 919649902 941005845
235331794 354488893 475517695 557572694
946609698 932823024 105441742 159698628
291251428 492719422 759497133 847958457
851891697 852018086 450688236 495792633
56265707 373308411 439231569 462002414
330835062 953377719 876991764 944670818
138472230 698482376 789605948 827027684
165791468 515090139 936897031 959504436
934149688 612457665 501522136 583884258
147903428 218167984 333266479 394201673
199899752 36114249 668410857 668615264
716477828 466706308 683697132 781168578
793652869 393411250 211095675 256007187
735886988 21565721 446168780 497857711
646740530 949818856 584560308 627015770
747616169 279573453 283514043 329413251
829104477 606485306 637255042 700243934
468958610 271839728 988701987 1000000000
653716782 5414444 675099440 727621850
334701940 694093693 459237898 514179308
157077127 557377564 994152040 1000000000
493487047 491912632 430839811 442216950
731436977 815171047 239608702 256843849
925900192 827845576 328849127 393345636
313283806 501001979 796182288 870444144
521630578 569043185 86836995 106773992
419659622 96496595 331438163 340879772
415834623 537941078 488912408 502053490
5215857 717050571 2693807 73631185
477110484 398710771 117737024 120049319
918181378 475461378 985110346 1000000000
555882945 332997993 609187885 636486036
650849336 662206794 766910674 797989649
430465256 876921893 390498156 464464140
608884165 513411316 257641989 302841118
660988533 203231852 242316977 310957669
141118932 647670835 114440076 189765725
495388346 721593663 310408346 388410677
490603920 307090134 133027870 215312622
664597450 283412561 955089304 1000000000
233124289 966599247 51878656 145339449
3953210 976576296 16219842 94641401
124245435 402783126 506562516 536650631
708882249 306884155 168236140 185964985
700150335 209689409 658371023 710373481
752746248 584457411 620507690 641144861
327156513 641716161 195091988 237544377
142871799 605179541 738427099 773347298
409554493 537641163 305959350 351345452
648453024 83045394 896230239 900482942
791230275 727835241 228248242 304083064
426445975 405098356 169769481 190784667
976684536 412804534 359518809 438712663
532451331 711507125 419703496 438199893
409081323 584848036 833297905 863252799
652583918 21224567 310322896 319750527
771606768 904181478 336025847 357198160
956418430 527664477 944305745 947737213
394711587 142447464 226228438 244305899
150634320 590010265 462940469 520074969
481278380 795652878 315930508 340888656
715429862 825164644 275305607 362382494
161494869 832317793 943525419 1000000000
886302430 608459185 5540723 40073588
235822257 38291063 13402164 77833856
899675772 150672434 311286628 335465079
325073377 806137671 376899922 436510629
797178664 5978335 173277346 239695050
547563628 70450394 209693461 243394568
205474998 129597293 31245351 83887768
585855923 71356826 296558936 342571898
55813766 102624702 250152276 334050436
951504822 117312192 899100354 903251104
26574682 542980555 538550988 605508059
441793288 774385354 114197133 122398439
767907548 111086770 390246321 448124614
74083046 795937344 678313980 684607899
455078605 318320076 71677097 108992909
727063113 641396648 860950034 882461575
236287243 926975615 309483280 330381867
613399229 420180906 534166962 631920280
289103302 708454880 885285350 938660838
255258488 859362198 295509748 367089323
16265999 265308593 145888343 235927936
