205 1174
60016756 231913278 20490513 79979631
775792267 372127116 353210596 356418670
478822377 603879612 657651238 667184622
225710504 552699394 637294177 698615304
831073907 233282428 880103918 884543252
658288472 601469152 928554197 1000000000
705244154 404777130 707703717 733386955
939288596 375136608 521305823 606135481
230130910 107108876 454621612 500620961
377487963 721441030 419030406 499453991
631460835 230794116 447827334 519867436
699123190 425266205 186111197 209624490
706280826 981349964 909695756 955480940
402789945 209099853 329936756 407951645
725348711 725635925 641744704 702971975
876630962 677157391 67824907 105665468
424670789 603204780 883461702 977352614
571525663 875404565 367904754 461531682
948968851 493927565 744829935 801850938
239874397 948567262 922148063 940769531
51870088 427476055 213458013 280065692
534233567 151889211 930935782 986668560
528635755 269620108 228101826 276458361
654740740 312026301 393946913 459982775
303848633 582447136 86234777 155425511
99988569 939502777 269930342 296511112
833066410 906936260 413780159 470154443
21021991 727496911 384635305 442968101
297701137 447894933 17929217 36977528
433130276 459444838 534874377 584995807
204190877 194760820 544582731 575167846
192446394 897243172 357368322 403551144
201052829 251990851 881158860 908370440
941656125 817153601 193889576 204171742
53772416 699883130 93441091 127887106
576635983 324627612 776658818 863054333
434455947 363491172 559009414 642442328
303212486 470813692 769754586 854138235
382317100 753772426 568495300 589281048
550809190 853021227 795943577 865159292
516827578 604773836 372494544 426393661
588087460 913693414 955859091 1000000000
683925604 349930920 574176562 598338391
524536311 691721640 979912895 1000000000
704463833 363249091 206654155 277870542
889327002 990424544 551794283 604614152
477597114 238153294 735235283 824634083
314790189 743219996 978247018 1000000000
685053362 939124731 354847209 403732365
566804158 228677740 666030330 718289306
764114025 978016864 314243004 358572105
890117214 329501715 674790991 709970408
637063263 680034125 157932317 209184425
805888380 550250134 438725306 479310907
27892420 826948014 620495638 621774406
547222639 224523522 281687128 333660771
127422978 208260323 264981944 349161119
181190435 254453503 638687749 684356639
99451325 618655416 70729549 110493271
977695717 24618282 339495925 436434113
470865499 530036399 544613405 614827813
836414199 294893153 6414384 77912941
421072236 751674500 160896143 186176670
996848485 453174560 21448196 57510427
173600801 433399889 686566075 767832606
156453790 700331204 225492151 311671416
556033954 818434898 232407086 296792748
662498513 622346695 613514589 702415118
676816476 422845370 166979560 202648899
36723538 903726879 34934564 47353656
300411464 991990188 717931331 740589372
121431523 166246191 490318650 559106043
226023237 129828510 563957706 597342697
272372480 778704295 961934889 1000000000
985773432 605362269 637841699 679922702
924292403 733055856 487602847 556860151
962733435 97290181 772224723 792978519
40236685 230748925 935287294 1000000000
259654871 529904459 793869084 878123400
678618347 164579573 793037344 886575249
365902800 45109233 888575119 954213376
805877265 470120753 741212435 772676411
12911489 477682664 564578715 650545950
896831959 520110671 557843373 614536574
486438932 262053362 512729994 515450664
553191661 775015142 583269540 674067597
15956321 47203391 108304884 195670864
672893040 814967093 35820635 107351457
684836412 747250511 916689427 942934500
449270743 587145107 313962247 404816189
458918444 861881605 489042634 550571369
478077929 607807835 283920330 348033169
123236947 96460834 532938643 612911149
500612128 797816438 873052819 926536157
425898428 258998145 823127417 853847176
525339013 974493906 320700682 349979630
272434425 626874979 588350389 614310898
821329245 132061916 387550613 482259283
953862379 172657159 553095308 644179936
42510717 727347294 951402361 977876081
87500184 560234343 333178568 419766741
122646031 42646909 569690493 629182629
912117772 390339747 681089358 710607629
856563330 24546623 848468050 851426734
889437188 210743193 420330607 489192806
604255566 174792591 82649279 135551479
158965069 199050263 432297402 525256990
701677375 714194081 82784761 176592235
346048391 670050392 975585298 1000000000
782454057 472859017 181341443 183053171
128301706 813804629 986443839 1000000000
331710371 625945259 635114780 666424728
30114450 439114445 856723445 874807240
111807284 542412829 649419188 678958368
247757797 475471571 275764443 301625307
944677754 245543938 498653504 591018480
146093060 603095631 379520777 477895884
786814420 858057036 429235174 466339621
804590840 405914773 117497878 158353435
182049124 86424403 701829029 784118689
464605601 85444661 192466074 259142721
561327080 547885930 238870186 264707538
874717278 796837567 78716449 114715256
547303595 160157306 992232263 1000000000
762012618 707042026 17246048 98122875
186695610 891504006 803644872 894209142
909516412 85537620 749099702 760857201
133777720 940060944 810485082 892081270
955433711 181549930 329542975 376878449
959630100 849643227 377147481 380482551
271861255 188739238 834359701 890534656
170884069 261291007 444187682 504352146
370294355 240430262 156920162 158712495
82972981 92702463 723934436 756803535
908317815 497149592 481738767 549332116
427213046 83378497 371167450 452527743
626541821 570470598 557244455 580558347
874382983 615416898 471978990 474584478
816736443 650135993 536562931 603528127
897575806 75074337 243877357 283825230
228503253 325849802 807857492 836991719
381074435 95218812 651532647 677140905
6294291 268081397 468564696 565897316
737587341 526641276 644569999 719052708
985860952 374459202 306527532 383049502
702330581 220009754 21691452 115413457
820689586 287890594 938978669 941751983
909311458 154342218 91408111 117164747
838250714 249931848 504211299 586156757
991894413 617920661 322313788 346860050
526283070 899105687 495662752 531154965
347277586 251120400 463929448 530858596
483862437 931374984 755949855 771755564
226484889 132000664 823306975 844242629
292080316 282099643 606047318 647009466
783987917 530999143 326634029 364099454
627042762 145269335 444136829 504760962
917090167 710720223 143149365 161199475
919969335 626070655 936809897 938758770
295588417 62428599 251870613 286011044
435032603 906914944 678812140 730673140
121378058 669343451 541660483 569363315
257953820 264024370 991414287 1000000000
180255379 664374114 632639755 677345805
983661679 412854967 954008961 1000000000
399682591 816462270 873301455 923925262
251809427 340409765 224703869 233344654
349757124 707722753 30692973 72089543
565917322 832521463 656496097 709746873
101886412 285431208 768226225 799252958
318453846 70054185 321648539 371845909
899710029 139366493 740666735 774947285
180026984 288650496 664626001 672546460
275165598 747141340 994141043 1000000000
663972391 812743776 982499366 1000000000
326437957 81905719 965878052 990159414
292442830 412373302 732480300 780181726
692885319 880056078 268042802 276334961
518793998 383402385 93149090 151262263
384585889 992887298 157880112 198742560
285247121 847730979 919048561 941970565
963698340 945128933 625041693 647820599
495503668 603392871 550907336 619152363
862896739 340766237 826804784 839571094
444729611 217576241 960694383 1000000000
735473206 196646581 968454506 970157380
650729664 507318167 328030354 339417639
281444103 734135607 722531268 793056089
548129499 374938380 630780618 684223507
157782381 889231917 84377013 92994961
415177652 147892416 350754467 405992405
428016916 360533563 289191951 326928642
232991915 154357143 771589271 794568363
181155975 462958978 855677693 939186137
686501958 956252084 615883169 639320891
234433589 993309858 53144183 83881032
925131995 342356477 203722625 278045359
845165673 772336291 760977929 802412193
921495649 445689985 271909991 299195336
642180067 607920321 810230911 844776051
223992642 67806590 809438456 832193752
404587062 516116966 258055739 345700023
762999675 741794210 225585638 284445301
540821676 68194160 754508349 760942232
443847221 660006268 236768948 306592740
42052300 526612937 428531111 436328220
45961678 6351731 46354661 68783959
203412004 325585108 206914720 273136914
471289318 673320880 302563660 383749778
174566108 801691289 681846549 691461392
560399012 649100126 892305214 906819825
227195699 924034015 77164042 111619144
377541088 555310697 774963824 829175179
484355091 939724133 200568712 227890209
411047671 981411269 442109302 515937968
427818135 671542529 970180141 1000000000
916828000 150358166 615435961 701715451
504823708 20460309 938559668 1000000000
486578114 836878677 825749008 852424058
78855523 229082179 103653340 121259241
359355684 675913611 353018220 396533112
106674225 261396278 588747422 665056155
435877836 28515490 329222625 405018934
252655806 882304035 53839916 57194632
937116139 263852939 159835646 245089517
289007558 266734199 6729576 76915404
307935345 858063812 920061886 960845775
617401735 833420701 100631265 160010887
474285095 93669626 851047925 924965970
542929141 30902365 489770667 558910962
157735246 313388199 389660363 471520133
894836746 396140491 80120831 102770620
769916778 892480414 201642760 274202443
894042956 905855500 482642210 512706064
296272539 376375186 808680010 829412912
512300246 638417251 578734291 602116553
929019060 449448843 7517657 103174337
347128966 986077618 81596 67499144
668785593 510192961 441384376 446657965
7615619 392357458 568467747 591974450
978275100 213805811 451786218 542475467
740481992 464344899 631537996 696851988
384976016 877116814 693626304 729497835
465585335 112077848 604382776 654773146
729948857 435151866 489919715 506771443
234791051 84103493 628594755 677850282
20287980 868515199 662221152 751966990
67120452 716360212 800358323 806537404
400288419 325335952 920793141 935680879
133997134 64188077 35669918 42254939
426388828 81602520 728404237 765081035
586906903 384635913 88555139 164364460
385875429 467972010 579106980 589645627
977021632 481856958 100305720 115638621
714501418 117375301 438335234 531157250
733427462 914153694 33374187 124761209
806445606 409938419 84314088 144925408
568182475 791636296 230279071 300187709
601630340 943422626 730112070 797183727
322564831 495135479 358899398 414773583
433537776 488798629 176517697 178654963
927483399 904944753 719410732 757348294
116048900 126426287 298797324 360577598
771539653 180289390 693358813 783351123
875006265 649918249 559351150 655431973
72002332 27599893 161035098 208503102
9397175 355950646 149645127 241147834
619616044 199791844 764170730 803757256
70795588 614308944 807854928 900717375
190214772 730691121 424166790 517274316
848856031 795924508 97388895 114447404
431783149 313956909 692877221 736115087
920322447 647228476 596258513 675585553
651503384 241630207 502976518 572555971
787214231 550595764 280078696 327881268
88926979 806054460 811099601 906865196
71304033 555446011 97015629 150346020
761026612 816068975 970010855 975279968
826190295 627585178 187323083 238453135
481936463 2493522 587263160 608382734
899469866 336971796 724258353 814123935
726501114 313850978 997733714 1000000000
886799634 721980267 701101689 780047390
416501922 322322926 217188598 276697995
762129129 337763306 80464711 170434061
863149632 952817094 319225310 387539851
986016311 776734164 426757083 510307175
233323519 92782841 203606303 273596644
769369140 408188845 640798437 714686876
531888747 635615955 402739413 419589873
210025891 55548658 40369455 90659555
499563693 937007789 136696546 138468220
340366701 332716732 891112295 980522601
10890040 717122464 49189398 137528156
624974670 654709951 742954627 804429252
248061712 550678730 385634425 478937862
325961316 882631385 244624833 341162617
584704622 605261223 466288399 513011904
105614541 122327243 461104512 537343063
931736470 495896945 132262782 192625858
780292231 129148653 696104709 729075568
506680034 728737880 849769401 930371839
334363669 92895782 258691171 338202954
871117524 440008225 741335793 802871631
839262410 745702239 587745547 638155748
217827420 379061111 17248359 31930441
539752353 834900673 16938040 98892065
908720422 141159160 734027189 805547273
619149788 115176198 448136303 449602056
224033300 583784922 310648095 331652950
213527498 496123649 177492723 264852139
567517761 53576143 894450449 927629941
803467 336946171 848669798 942197621
677478599 129073600 382277187 434395669
539498394 815531044 706436209 750180612
622483761 65088050 356612180 415153949
556202755 957146444 481875998 570474870
113818369 463022155 944556226 959573859
415953695 621169014 903397447 987857377
85818987 683045556 981882287 1000000000
716007863 665295199 156389329 178251815
761589150 100972937 598029351 630952232
668442363 952432450 796020544 826241437
888670041 787261616 148335111 206464457
990634078 748717291 689946908 745461714
823788116 313313156 335321631 360699996
493176761 55776337 545914460 636103768
312737095 297182681 839182400 921466691
464169135 164993631 178097811 192020684
633716425 169512042 322294807 369658355
540509667 620959415 362023463 421164907
673853093 220270532 248358917 337430710
505427671 352518336 754139170 791068737
277784510 741826463 202839327 264922443
570323120 93788378 486494467 572648907
424070835 569083499 206790627 248808269
447625304 41875150 16073131 55004829
396152962 987856453 730553209 830290433
442779300 10829776 257490951 281643419
449957728 337846106 930268099 973667451
370186248 447190963 31991166 105161340
694992008 829048011 192883278 221147620
695579303 733584440 736779062 811711462
593394428 950239718 932599370 1000000000
297032042 812815449 18158130 20993792
454511850 920998453 656492065 685586943
588806436 746501964 983937872 1000000000
923605756 569822734 311465138 349952012
578968187 213452058 10042284 98329004
668794004 76394123 830969797 887191909
427900331 346793519 793601138 871589003
271203858 960885855 79204053 153108474
348258819 837346802 496477285 553719047
865662885 578741787 843377674 846975233
74272880 256114894 229658826 270386728
719414846 47905160 437519836 471375146
698814549 197667743 181384537 210831847
834150546 512094735 972516750 1000000000
595630834 963005761 849529426 933974444
954499159 16203926 852502124 939326697
759758411 332674126 915226911 982182163
382680562 37820784 579089982 660401695
797919884 501512442 349237669 407413455
943980449 712262997 800986588 823186442
420635369 994704562 992117199 1000000000
768957105 561993807 394325936 394425082
952849223 982206021 316806395 393023571
843274844 121379201 45190183 98676568
79494098 440068935 113722616 132632870
975963580 913659609 454238650 495392008
372938003 762452365 372358748 399165120
663446625 107270736 852660656 877197643
703949779 721511886 48958780 93018639
354574767 386037738 594337882 642329390
517686949 26833932 790668626 861539452
518700036 254101296 13945525 68252614
976014902 219344280 666735100 709882851
532225196 241079477 426378642 439338739
486757460 25437966 155957608 212844101
531448089 650109640 374517449 376161134
10884368 43200219 60611247 61464065
176542729 113723186 615953069 657001374
692207422 29297216 394697557 489914526
495543770 871675716 219353689 268271062
826820631 844768845 100504389 171731495
430790791 819078735 217346036 261222072
949300777 317875638 958724842 1000000000
44201811 935269923 631797829 715705033
734613870 72578197 894330553 967553824
926879629 120314594 810722891 888045823
453671196 920624893 809295534 908764418
207328653 428592036 208741800 256748171
526970754 920566649 619644898 701663559
994346792 128056666 69841651 150637195
64620669 321286112 434207404 515392247
488875606 433371762 80388766 173469468
952723507 347993968 49270471 71863084
155457766 973122834 355578762 426298936
227677502 503462043 683474831 738368905
179206543 647689198 325810942 401378278
294134942 65717226 471713586 528848974
422876893 697071661 735747551 820301367
210854495 176892513 487076856 556629032
220125321 625263520 329122369 413434890
993965227 543505606 706713527 734286524
661119197 872330119 261434617 322079681
69222012 850661993 371292590 411979080
167406681 443068043 253508140 268679038
987790051 555730450 776750724 846747601
749600827 6999901 254624697 291005629
211511251 580542576 586275501 615159939
223741623 586319724 119971355 188545112
949871544 207162275 513754874 519427556
863604463 40934587 973079247 1000000000
924174973 385907613 27910305 116762927
800233422 422713898 761345393 854054454
200110131 569050107 986167322 1000000000
794691387 345710292 351083405 433399437
270308816 724985715 845735600 892131001
575928747 392330049 397029974 444274368
910304064 439258287 157018112 185783747
909839729 907452316 537615348 609919414
577005307 793644193 252659663 270108346
201005697 303221786 592497248 670660255
981367438 990193546 970320735 993819331
475921912 472969875 756752832 758740481
375324288 657319765 463413430 552347153
951622196 330675224 196268592 252476887
358471202 459062221 544290271 603441991
466153871 546981981 922127050 978582810
787697185 488155226 121817474 214446706
538079016 635424128 829726955 832731564
362007053 413702492 434105025 503683576
639243556 152893921 374034492 429483561
428473756 671175672 141022076 144900486
445803451 725841925 812468341 856713098
812275280 984957489 120025706 156774812
586103033 302254960 525882022 538653944
825595911 149120376 756648949 843421975
786732311 231518559 674056202 688588171
352300896 300604948 215013347 243816491
965358589 229180533 338848306 403741866
281814754 511747948 210520230 275764097
257696630 515028480 468283778 550120682
235219548 219230856 21394645 91615605
457069915 331811028 196077640 282820106
261482101 217252008 61952428 75453864
308946934 163145946 166357256 169325425
595759159 928628737 218529667 318193356
635630535 921793459 21128670 114206085
134568079 53077449 512008237 607063287
103997232 491405926 273439139 277580965
315534047 538633660 731474125 761119524
794948009 536362594 299663771 397165652
996720791 257052833 475783527 507249099
565524510 5444261 714836773 731671055
525429480 580401620 545858655 568940626
771618320 139435751 854819506 886437559
550168379 629921016 687698739 765519602
272133047 951304606 868636685 931616706
123897142 562340210 503571998 553463692
229144237 544971850 900258367 956939152
958647945 236109804 230481817 250075833
249019156 245709885 264501695 272736683
338410713 617226458 380189217 381689592
759703312 677041506 651449219 652371278
802269528 513988056 827532757 913592417
217004994 418737438 349978499 396965198
18971129 109185618 259686860 320972049
55906992 948241604 925114999 1000000000
128921492 617623997 205231834 234831973
370390818 464588289 916923922 980180799
227163231 260724522 31066265 77054886
101945560 225459704 435304435 486622169
871796774 525433802 305389565 339909419
595075509 874895003 465227763 544304587
783371107 516770955 457109015 553737277
554641834 764123121 262618937 305863010
598720308 181760431 515572749 543618659
724442696 392243761 188081714 199003552
516022479 338408625 195654045 251651187
166302819 626622146 81505443 130403162
741876725 384146308 857994317 916239412
836361351 346344932 773515507 863072115
351309144 493694488 626512506 648450534
482200647 106891626 734268292 830441040
458571830 482578427 748950596 749224959
384875694 22312916 230994121 309491038
254808595 902524823 618254514 675250285
339227666 107036674 448998095 532094459
327639566 512441424 918090100 929682802
141471662 790325637 821582754 882968592
355051360 513613978 713797097 766697040
855115787 934971709 729902176 771514876
275669383 998855840 534503894 572694694
799210227 445558209 918233039 964947800
72818570 689482396 370112760 383192947
720528295 949338072 282693225 312631541
64447689 314018690 475433109 570531755
948136014 315898753 685449764 719907288
120768196 229414277 278529692 309511401
241944254 998795565 591137339 627248446
998318965 286220614 502169861 595501336
850175107 199727544 836549400 901350855
671441012 234797362 386185353 475693076
320725845 277815427 190930866 210221127
445369529 553591942 872308943 966334765
394817240 802432284 769666831 834568105
667270441 320742070 709732165 749804569
511095629 270054682 200038546 263383471
838796089 828667284 742998534 779753837
888754343 469027728 613118879 644315964
724025703 99335195 605325481 641673128
49947193 216684735 610295600 659077762
593383264 170933236 930151813 1000000000
406482250 275020860 662543721 745878185
559055208 844489455 649139721 716203821
542582570 863290404 125641160 172990660
501921856 149058985 96037206 98749011
688982079 928873819 454897613 542771182
881291174 681684915 96465353 114360336
369430608 700803823 28560366 90653368
474457759 627420363 728038529 738625744
481801635 169961065 491216035 585531525
459473622 912968565 800374409 861997873
857146730 493092513 211504869 253710075
890849752 201801581 749628510 768325717
750113737 645313391 33585435 94091099
790371157 830423450 409283233 413371047
238201295 686603435 229411522 295102146
355430473 896928642 183930817 205755504
313080610 561335446 244803338 252293579
456400173 893470375 204328881 209063475
380671168 824836779 834724394 840755891
296904978 849378080 407769193 479705043
347568106 805569430 969612027 983089985
693696316 820436575 873143437 951652922
683070887 135761469 347596234 432256975
797353847 887639813 715940526 759421869
46270978 648463646 258680622 304358137
368286572 235304753 779341876 834894852
909625830 19675698 390652522 455882955
892870291 22022806 372210443 432942262
833106324 952605921 52533717 118687233
484158880 26394827 445093088 488210765
906998930 206465778 61115009 154099651
938510738 247668995 59795747 134334997
920790838 567198415 629971403 643017745
383451263 243441305 233045800 249525072
845313643 959297928 570099686 583491762
169791380 218355677 949471553 964472465
547195256 926782101 588220833 665523356
327829139 780977179 406922576 438887306
156023494 177202581 458250729 467763229
35546674 905066107 382222487 459114041
286899111 752921648 951303596 986323010
110955931 842559951 79343924 134467671
336840098 907273488 796876408 834322024
654307333 374495655 201549625 239606363
369755540 782353025 914773455 968438092
139024502 421618573 310327168 382219420
237381781 153902729 273218810 361004759
741360258 682676571 567611542 598631725
758528932 925340080 790695546 845512670
808647592 683813801 48174910 48855460
57344830 185074031 727357408 777433129
696608704 973700874 716174857 727930461
494263830 640200547 311644084 315530462
471121985 677462130 442839561 444239454
991535486 665018925 434640627 435242842
49331347 305148833 536134850 623867149
2207964 199276697 942129575 988191485
722811855 834638940 18827669 35789044
64951543 937654574 246921658 306145107
957832057 381516047 800892585 856677770
772359458 340216477 459493550 506731074
74317825 862949580 598315763 646692022
493837657 548643903 109455647 186333562
63656044 678490442 749620490 793954604
64700906 626751199 170066846 210800619
760934751 336386433 847274272 850712725
520140343 627748882 300791605 371117874
343358390 699616655 906592773 942044827
640278383 448684139 616941370 628994628
988430595 610093591 927216435 944815338
257624390 331503214 958983848 989918519
556377048 313275366 728366545 784225779
171278297 170647849 489102853 510487271
595776107 74271984 417402469 514914088
913663615 892805243 280515745 291941797
543709591 151834635 762821975 780035177
477983120 841190562 514227636 551649835
906830284 919794060 708095221 747960402
678012213 703535151 433450499 507436955
817728746 455924145 940107310 986907665
252833226 464557183 992682777 1000000000
342180051 667388835 277957815 339353454
230066565 268832738 533975799 569009059
999297520 132848173 484793171 549020332
56137868 216727521 566790996 586197507
246046347 112175519 220723146 243914108
39762542 827546165 359940245 383222702
401638690 992594516 221550798 231224668
25871319 183869765 378477576 397609002
556401302 200186819 118686438 197834830
337384418 617690823 848764125 933728693
715102758 468361953 674061180 740453637
503250180 263903994 848596894 853212096
53777367 703787810 883353770 980259384
91869557 745898273 508192868 590343641
592429624 465887808 304387651 403874848
478183091 717375819 966366880 1000000000
341157216 88292263 612676401 663781936
821719047 106105661 408478064 458297361
762080356 797882843 376438280 420045129
695730788 783867001 310918692 365134743
666331365 920420921 466537815 519815146
80304641 987192846 675472307 739807060
433446818 492201872 838012300 869452029
205632491 580079079 558283127 619269583
658656764 984046483 73162213 154555685
401364759 976340890 816060317 890295580
542500241 591460642 523125154 561252412
678927950 749292724 725274559 787573575
639378751 604455190 518500386 563234784
326160866 828660975 368955653 404155526
550976384 196624588 181371948 192784403
590298732 794248733 596485880 657539809
377648751 134622770 582338547 591188948
581172418 32253428 985922311 986406916
909210196 72336038 314978369 392016404
60323556 431776028 550546463 636483571
124648534 883566536 889565122 953758835
189144346 374727942 745586600 764764851
18657627 477302633 757906623 851916512
943839187 242838942 460856641 521529342
711122058 919560538 476307599 503594661
201651097 512906057 795932657 859072060
956502603 153140510 287859153 292030905
181032579 53007787 484091612 562078952
91482828 50036868 53333497 87221634
387266739 313614272 742199210 760888332
817654914 777888502 233723767 249042115
946003436 812448421 792130882 833810772
817317668 448424792 797979511 831712417
299415792 128136764 859241887 884527335
223599503 934109141 544936259 625074045
860188518 502890185 651163350 681834162
109146483 293370510 838725249 855032143
543825070 670246369 326883883 384235788
662863873 731728510 506883525 538266150
195025728 794779510 44455444 90465182
864243741 505332471 458793848 460956214
820657295 108606698 77031568 170381665
352863876 900514622 576013731 665010649
394853649 783405544 325355185 351800526
796842733 494149779 752077550 849608896
216412043 996989109 736941965 834458202
878686196 233270705 467764195 553596336
660819027 103561651 819342733 891090250
383601785 835972858 693206259 722060807
699770528 743132064 799100151 895952388
207600631 552932444 559119102 649282825
313759829 642353373 30171572 88530450
262654305 121551365 31031451 94644154
8863728 571614925 821793825 831563070
672816194 168013577 236644818 320315431
862608718 253868541 659509760 663032186
574323764 991839881 527701742 567547408
180040299 422397080 950088465 1000000000
21857624 46546917 435813884 481515039
26684724 994853666 93982604 103699487
3954894 536856830 815461060 879078902
565577555 133869239 279317402 354801845
780548189 715723060 36750891 89310638
579423585 146006427 812798340 865340410
875077921 215287226 916133482 960264747
116840613 312811140 921606778 966631214
579524310 745821318 608928148 665336984
510250085 454749743 715411924 772832422
179009623 825932465 302583203 317873735
476448583 346876835 132987081 148759653
585580910 262977140 844601783 907301826
240109270 755566097 540839461 616216165
313214796 848768916 27507155 85430242
380622995 473305170 698243279 712981186
808996726 4006752 204043569 220370154
993358505 522347489 153723926 226289287
657007396 69875510 525851100 598012898
312543612 870839402 191918084 232780551
518079961 354976375 246189616 295289848
644727764 467914983 473651002 518551783
326117774 661483989 548299150 581763766
39425548 391165588 900807484 933195382
648935183 424471009 676278403 766804486
6539416 975907254 363074412 401000797
906197596 395236341 459197089 557698621
719795804 596669014 937172128 968712184
809167955 939915349 15458135 79506626
8314513 162127060 400627369 494576629
705027403 782293643 128483340 154389452
76987304 865545423 198720576 204849686
384287507 752503795 42607704 100661130
188865451 300489152 376441163 397836126
839793092 54140273 265055879 320889758
653518480 431776620 591672970 620616548
222408537 773973598 628020106 666494287
689780772 968591969 98975192 100634889
421544226 723089783 983817929 1000000000
168904084 728512366 673295855 769383046
958699714 169820556 284599359 377354984
473853420 780375810 354776255 385924122
473466260 935725905 795370648 798707068
34780822 35791499 731293469 802878566
936140910 280381016 336637670 346945034
31038239 816030089 548911730 585094963
805959259 310198850 168721147 253273724
269215872 491268821 282864707 351060141
513743678 224989794 220722543 248947232
610722380 384155798 22312473 78363521
823295262 88767763 184706997 185772076
417120389 147442362 800028538 886317943
648952132 292195066 984040570 986183369
732836017 488193373 271266200 369708968
504785136 378512861 269655364 368095676
740132036 870093053 848252846 907729588
354527104 592219305 208648505 211115482
745959042 783111656 219074982 240319367
749263906 239927810 417037089 471888563
987599368 413430535 172503903 184985431
308477731 38956982 281541923 288468605
978503311 772458993 649568442 740834299
4512136 281885404 158597340 246660376
554145533 843933288 400435065 426886085
234725033 163540351 58759566 94923454
444821947 938467773 228149206 277500432
498400846 230554912 43493322 95901280
58783329 587426554 340474625 384517968
36890634 330273441 419867969 424207618
725691869 748292827 351229908 448861350
183263823 594075380 164659725 235606557
63882414 702975932 940960054 1000000000
947319711 866472364 254649495 299978359
872195079 614455050 184382448 193243799
970234338 597266582 163005425 192757920
215783168 205734596 495976290 527725999
710252604 905945790 343915349 436886688
600097 897142906 278846985 309173782
308746256 519988087 840289786 888589650
430425729 933964722 302208080 378102824
83269165 486966332 663461972 745881195
206092107 42110404 90805757 102438343
685988685 376341403 699277053 747929536
355945668 891882415 584994012 629147469
551155415 773565073 845709202 858497994
447484758 157957882 939032441 1000000000
33589649 312974041 297362174 345100453
609654623 815185596 807602782 847220806
139495665 853393474 716777125 730429881
422933931 844114326 560102323 628763931
617879905 554053790 418801753 499623931
576267722 974952130 724075631 778866717
814599184 687403442 470373679 501028330
854572694 308491292 616884577 635042364
887504830 560190388 581707209 669099228
88326266 894092186 164230328 172201995
1297161 31342241 858648887 898391557
157109270 980216914 864992790 888359782
719638981 341901488 491223849 503840620
6544120 360560976 156662116 251712605
769589181 168231518 143068765 170768001
159052748 986837489 824785605 848171217
337153795 572251245 899130721 964356157
703480087 486672397 270176489 327097412
889302608 546805666 467594010 558598281
625300217 976747031 67574454 157441279
609090689 832537882 741951640 793770681
625742357 971534015 200617918 258779617
666111405 435553753 35575122 135482914
261196329 331651222 521385177 530528638
873683725 965693921 175028629 226976098
842927653 3075720 861483585 893223962
254446786 33928243 255043310 297592566
245077906 158550561 572189624 661046458
925822983 864744465 959339821 1000000000
150971875 262670624 251366992 316327986
8202798 996854018 746595610 778969462
628997957 537913468 654544726 660929323
567973220 363212301 470070343 517803332
127223054 146629089 40455933 72157441
335997209 227011354 177216624 206922176
934534755 465645771 95217790 169123790
730090227 743767705 998323264 1000000000
188167546 253734944 208211631 258716672
959330635 244038086 555983281 647307766
18276092 207834799 935349835 998473358
438656281 72546578 266758712 301620225
276771543 391909573 677852916 742423453
79829779 653498695 362116447 376672692
67986425 499502504 631286663 725694206
856507454 708590556 518311283 616091465
991215391 235548930 652263228 719388473
742474512 750197973 844044664 899816331
237431887 63632462 119127493 148287350
892918563 442281924 885741320 944717067
104196517 56082053 69979065 148171169
122476060 627427073 90001280 138853132
28683506 527211292 245110960 269063629
747083909 306882971 581995919 589199108
919954404 754943184 954749353 1000000000
425913289 27456984 972155534 1000000000
675724390 865174466 186619047 224804257
418474663 384725407 115189780 142005818
737325762 65961215 201878604 221071517
486687816 802992349 490029369 563885502
679973398 960262593 476875066 544236924
591671814 108975403 439435041 502452501
625163380 138493446 882817671 953404466
381239980 512463147 46187726 130919424
588164335 217440738 534761673 583745507
757587196 71964949 702433392 738138737
365001059 122726412 207888012 258396474
193484977 76684241 858572070 940214503
909024214 985895839 444782723 476587574
899361831 129774204 834926245 845261229
914305204 3328360 560904342 641235602
251711668 823992988 206398302 292394965
706772765 962099354 629963710 639208103
134369211 788082063 858702878 937161447
142843252 93580671 863165552 894431111
272941924 232118764 564664634 662042719
737511849 685560853 133446144 153808075
427058358 416896668 589429947 658932064
809222486 233343680 405672785 433524113
790751129 39360156 711152550 784876560
279149725 187322982 354568416 442463940
252553151 948583660 954708673 1000000000
526356309 53514590 990268059 1000000000
283533020 409107962 27894257 59262490
895120047 12585489 339178413 381024681
297574730 147661297 156613346 230602035
342339536 714334961 798479820 827287354
842309556 159878652 852737690 896850874
679657011 543428883 871974416 961097538
145503839 510801462 165369634 218083079
14149046 489386945 701275531 777901896
412411612 807500916 716957835 729361987
856137999 81554517 83108743 84360779
485505758 793844250 980148231 1000000000
546344959 923530264 991231107 1000000000
61463374 563483243 560925828 657010775
524147608 952633974 410330089 482011714
480311745 745244411 725074356 803420573
593139624 303844233 390501134 440212198
351983644 426117888 853010660 945762440
905496352 646517887 483668531 523013443
965384121 901008000 932128729 995521851
990256298 703357823 225997069 310741650
495127438 74895706 882876868 924871550
289859070 223069801 64561448 155679465
735683318 895149965 896421903 911885550
823348259 241557296 750896222 823773212
762778451 424216898 634006678 669832824
153991033 961143548 759813669 781502217
44606576 901784750 612195066 710851539
860490102 490785366 394653056 451816487
266037511 717244214 600275757 617719221
563162102 970336135 674094303 750480875
410534501 59518831 313650140 394112929
820382882 810447904 181994026 235468318
180565324 284699426 179940566 261011682
516162989 392169571 19610533 97853527
122932143 809330712 916385441 942300516
314838140 20046546 885665025 919211346
381876079 963767828 822527292 838171604
475586003 509555014 85606589 124130898
187368697 968168519 560743505 593448772
790622421 912787039 151510584 178713772
364305677 170134763 161437989 243436330
990161994 97926146 12367074 38097444
11629246 924906043 12054890 87653985
404814561 288600694 631030983 680821595
184998365 132440854 71470830 108640043
831111109 515931606 121198928 199547216
266036289 226827200 919045303 951623699
384036114 993876248 960689682 999748491
521992228 530294974 494197196 586887127
952255912 799103088 127535053 128624014
208804708 904063588 783394065 809053389
345895308 876131334 271100743 324895016
143035139 629131145 871621211 875423422
842277005 686200016 5800153 24150342
458521225 735234127 551510911 621501666
211331512 570944380 236923315 258756472
689091520 274044848 639427653 686151458
899982535 335088682 403236075 460538866
235470367 778488175 648602980 679966545
966397139 884672343 762103760 771048377
659399124 311492387 509129594 548149650
655969665 115702369 912772400 993277256
717347012 827019127 684657992 692771889
751435118 354007504 96838227 117534234
667341151 626856477 621010392 632530794
940309813 323654050 282030185 357046690
307977628 357087503 630794998 661281725
408664370 386560538 440146766 516074272
876030155 250811033 332547025 381463895
938674943 533637626 575602935 637176313
998818388 350675783 467840943 472407825
134723789 430191431 447882696 541508916
937086738 248966315 64237590 110975610
117454938 864874374 210587560 290352111
193050961 780389048 205041818 248347271
865112010 192143199 639965911 721069418
426967123 869377902 927514968 988916099
223150195 637553103 376418475 456218975
774079045 327411086 848113485 881019162
270928085 799834625 21913232 44597517
147090848 676945940 893435716 945861773
412096365 257634315 460603719 466925921
287538134 115995432 32247953 69364785
161078072 513569978 802752726 848050718
994769802 610267640 397143538 443718107
36152367 222582137 993486462 1000000000
795962469 307869873 56937994 81865460
340435790 923906177 448059630 507562131
890236107 222121684 549573895 553791344
901022645 969486476 520298543 579004128
695147093 741326067 245468823 309162945
362488835 799477108 813031632 899988573
323882500 494928584 325705835 383491309
622803646 382034551 821820194 872504212
403859167 687326248 564810906 601984128
807143394 138827442 588389203 681192158
691766439 49464601 359745576 447330454
93798830 994029326 965487743 1000000000
617752766 228213903 105572386 186946664
581605946 537166552 217329215 221615135
217696382 828020031 869088295 916027956
895953067 245611198 534054278 567171521
141582893 20026672 930838773 1000000000
55607312 486691850 455649408 502538578
224732098 760144908 155165795 206916098
825221101 815418414 722497171 793811873
34531737 109060335 774249305 836887522
461339266 484306364 705167127 727853679
218033563 976334379 437306281 462323081
592087765 86105094 690748046 744982431
703171067 42114496 698964935 749257441
629304837 813119936 718542160 816380432
2240160 650588066 277198787 313851083
319085222 540804829 777688208 840591430
977710612 877793632 269239304 312637923
570434798 56366007 789273109 886942677
800912849 70426664 392156165 439732620
771205916 772907686 66633476 98951142
717200543 595845797 834855642 876769220
894394651 132307168 492957983 541705275
303043154 851958824 19969841 71260181
608663087 204752677 3478796 22602376
365094715 793243981 340490060 426676133
424726622 467975838 716767214 772495307
655987206 429656023 921497659 979523166
453814811 661217345 168829341 220959416
273872596 903772233 820222333 841369163
928618534 713983428 207757748 222646341
765226489 788134380 807584204 879934311
466792516 251921609 340793026 386807170
423827387 354214037 588972524 665779603
361544192 910891280 722011221 807184198
370862945 626459770 201827347 274004284
93958990 708600408 531502394 571001320
510752015 549715763 785563331 809455959
657426320 373512643 560487571 606942693
79422477 995366549 381020729 450791461
728080850 754704344 893821978 917911947
965440927 820069124 188875716 240772461
894885702 123889796 942330827 976856755
306145947 419802030 995539794 1000000000
806104564 5492422 237653999 305400937
147176712 655194299 506978343 582754933
868246548 951331407 481013433 520652861
809516783 518746828 291669051 298103816
968239929 743142026 76637704 123171879
759782688 410612564 875022929 938239391
608968983 305509091 905411593 982714339
674191588 970891634 707384293 764318257
210502899 10675307 306506839 315191856
437796934 800593530 354449757 385869977
846506697 63403122 956063586 1000000000
839368799 584084598 468317205 556405676
834046793 172205563 584214177 639314873
446411361 166676863 108602584 184414157
661047473 568419988 873319060 915034625
804463569 152383795 192538808 196595117
422477451 261298614 186372714 190934082
459007688 744312000 372658267 467645293
777736708 503176838 763934697 852990268
831238938 426523782 44006432 81188621
226125231 288568516 655687344 745998789
574403387 655331366 258259068 302870355
553433821 239468291 827221005 862970926
362073835 620957515 986585741 1000000000
338501345 402572494 722176092 752592423
624992309 401846655 595667755 639608648
525563954 588867158 407692827 459670749
355065738 213655201 200544266 286047939
706461790 706715278 217389531 234223171
992100369 822190903 294105345 339052672
409684881 757124231 161033748 197506206
977586534 444882453 803702366 883620593
339996841 598536591 162597108 178546990
118839734 542128386 321191290 411582957
110603630 891609706 808294852 843178609
501691826 945759730 119588892 157652192
534659905 81908594 754992956 777980775
392794658 770194065 139231687 145307295
88497960 963527568 41469982 134657454
725389530 664259791 863821839 909247337
56855942 963404450 880193536 960051417
896508464 722185445 521866300 619400066
210335808 400324250 859242402 873541415
440368593 657785343 457333977 516673263
749413608 266902586 385451976 437352992
117989019 103239940 820076861 861538310
526293151 303615502 296927059 300782807
50460256 387522501 400366128 494498292
251361618 833635752 26321618 50180738
870034442 954788497 637679741 649751152
540944487 240126031 507770419 513115396
714352143 639052903 847559884 919262780
882522983 296839443 358337739 428638085
299251958 693988587 160505464 185978120
787789302 150095165 743753732 751214886
397968352 440578603 628500296 717487108
79605445 818133173 247877064 310861408
187090358 751174827 201401573 207632108
991377917 192106217 610971109 665531338
398591969 536111814 830557690 891396280
662595881 712443240 682486409 730469996
709523192 566647819 618723497 711079733
465660286 791047017 675822245 772516532
487056694 465090408 525227044 590796980
494169964 621244533 273439645 350732955
64260568 668316228 986821131 1000000000
177275911 256006362 518759592 612206859
813659118 768582307 1889331 13041725
383229984 586967026 695758750 771330789
71877541 692816399 997269500 1000000000
828184541 574095647 536206943 571121427
917557868 306626499 843802466 865012374
550513122 773419218 165778421 246909520
941629421 722049298 210803457 274953986
179928592 485406018 256174169 304636290
266725460 691081666 305482515 315908869
858607456 658254791 40433494 78482794
822797627 873796307 970507809 1000000000
48221749 867886043 265375574 329236662
207057537 180270899 80626825 158969796
741414339 840174506 955421266 1000000000
455364598 220892410 224850326 270198860
538940122 352961874 997223477 1000000000
359618183 855430304 263052470 317879318
238123472 621088779 968077821 1000000000
865481982 728406805 437586138 459575328
451685423 550571343 591084102 606487258
571700309 861237965 513694010 533707219
597289552 525849211 671333062 700346917
111462390 542286456 157126317 216062296
772186226 659011631 443703358 490271367
722476941 564587745 476010471 483313714
221351787 665678634 710867289 775403635
903596353 53118 463997956 508413352
519076260 570968721 506127348 541104054
559955627 826769381 838191764 918038270
613275007 931871639 15243251 19495761
219767502 454180330 409570837 440251409
684133509 784439242 246305224 334364316
248969787 617128814 790170188 790519830
595784230 712562536 836457738 854315063
529342774 804998895 266181038 287068045
132868285 282991557 956338080 1000000000
339248763 761656891 504544715 554041550
335132732 23600431 953695045 983344560
364795893 619097951 150515099 158704898
987620666 456187220 897153715 908495242
215220227 284067985 694679775 762367028
728229247 593510729 961326681 1000000000
385745622 519805728 618127280 710706262
862131706 769543727 217128181 306244178
638163392 240425840 706436851 787386099
842283039 323051611 864311931 953663649
525979813 935900685 185136038 230114419
474313715 652156196 772026598 831234816
613697743 643335444 774072150 789033904
922473484 24253144 183983669 220039204
550184109 571517338 282108300 298867367
142782146 298944981 226972606 246193997
678776633 149114771 426056664 462075295
437837813 845284213 713880339 754015926
387355567 971929435 241438450 318585249
757520165 408485962 517366666 569384163
163023003 494843415 850739814 925770342
760326619 474650581 198486697 243505439
9312664 414499065 6336150 20320414
239912488 762095044 859300417 875165209
908949388 932564554 5727239 9387446
100763120 850635570 407242072 474534387
767208948 889061050 77222714 126073366
666937738 158748595 738131153 804982195
526671751 726840510 426324877 523748256
985808397 114745989 534077938 586523508
558928422 680135604 228482632 255549101
230295573 207769921 882145915 906749784
357840220 430830558 160594214 172723007
128722558 303108951 104781466 126953233
788529617 408621662 658969661 720126284
841582586 447038275 507100262 584528045
236128909 628996956 550215743 563576925
550592754 401099533 407589092 504129914
365802196 911936777 726511969 791347178
646422011 174856691 877469745 891059028
978269124 798134639 269446209 310987706
935134024 906125891 806505103 885923950
368574232 868320033 972141598 1000000000
406108759 650110352 232194389 317505375
522861148 908773561 412981125 421414175
180982339 240712283 344142339 423552873
76018181 684669379 386126498 467101131
175507801 799948193 451773474 494244929
31708898 138741824 425587579 448535662
983115459 934856038 201212767 292343446
49961926 302558516 935825925 1000000000
621445771 893653354 751786392 850602946
635116112 476763868 657610905 679885583
389155145 334712080 639970796 687806862
779660257 933112697 671357705 746017323
85395296 683123802 895593049 897919158
150247593 832388696 916439207 928357180
34546605 772833721 331156024 410056273
337816060 343502688 591923002 624619260
701705851 591217287 154376956 169231366
831251837 41733648 557056444 599722533
439185513 933706415 721832618 783621411
374007958 242493179 215119497 282534376
518820787 524823765 90529285 143210321
693913340 870072301 810186119 829985028
32858754 807730478 750311473 841272787
440315979 305793071 134008696 138205701
173440038 62833711 862561634 899813352
181290620 81002959 847747279 914397057
439021953 106330672 964668587 995808469
528367616 767021426 931750792 935839403
159043347 740589341 848184675 889570182
323524503 826802896 774658358 784814005
288972946 601435517 480252994 555664761
443344791 281335543 789707356 839454894
157632093 510305585 680058431 715904318
368594452 155921583 390478525 401864067
16722837 395375895 38928102 87578019
667843984 237214819 745512879 775841220
36048471 823376895 751635670 787161121
518045232 353972041 979410048 1000000000
599277982 437110916 694839870 767000380
988291268 295328412 877518721 891406857
347022778 805659648 314329969 323926174
192811378 243792344 197402637 258266104
389812543 715364230 367624429 453777303
803312138 455185555 726940620 779035649
60560771 926756892 497178466 585769803
886386400 264780945 541174708 601346744
678041744 291551729 793477865 854568847
946433885 115182200 104225231 168099648
75331376 426506582 430976404 504385047
