164 838
173539486 977836997 11465986 93679893
144042134 541165370 216875944 280167785
306964613 725517492 800638151 896197963
746454432 967942746 554397664 633387834
404718537 726642703 735397786 752916806
87732394 861372845 293657768 349856826
595832234 330286777 302827439 370444727
241765859 245094489 143905908 215585187
990146404 173792869 452473647 514329879
547589839 254627955 547702877 567401360
95565170 928423344 51686106 77345134
778371874 849544328 185075269 275608708
353548623 12750537 76658767 164611162
648569027 918361415 69951333 142896764
887391738 390935954 822230082 854924188
438932676 59916783 60435614 115868667
897069606 367775238 603487232 604137829
678528074 1658637 746350939 765895460
35261291 316069815 736498336 782456763
437223315 29471502 444618135 530563510
117909327 119859764 466384188 522605441
805693063 779784826 37787028 97614315
793833453 929898409 675458383 717674084
742663000 282182509 576035143 584279504
122640656 919874161 362432297 456354876
121853986 231977036 297851907 349359709
463693509 509734331 391779701 486338279
269938423 629211698 730189653 782436700
860815664 450866543 169725558 231202302
545476018 45144888 569681448 619693278
878158336 663663596 670838958 761914333
363232616 532578148 358543890 448534999
75821241 574494350 76757546 158672875
708868533 837851208 720065281 786191589
464544864 728991264 770312902 807503461
780817773 519270633 807726990 870043709
522170066 671282647 775391369 821424859
818340626 489858242 195744235 241022840
816535209 566313379 595928483 687496573
222911548 792156034 614924154 642771358
268634568 859270696 402936071 461636897
602234422 595062273 240690053 324781675
981320379 845123534 616826709 667985974
756378417 64411991 141902066 148300453
721316678 553020412 941809008 1000000000
864796534 980749327 679123335 774383604
332890125 384296210 450587562 496806753
555057821 133686022 219929492 295431709
17772711 149645914 847234635 915862214
590056975 103640630 85627205 90487969
520350426 991966623 280803096 379642692
919337957 18590680 401416328 437223772
141561035 284120807 493233050 515582964
955405003 381350403 14399629 97885622
62871701 444953607 876543417 895498494
457510246 681018862 786829770 835834162
83410901 406453897 426079846 496718660
549758670 10063680 357399299 369550487
865039085 817259872 294892507 363247934
861474554 86652455 99157042 145561817
735674685 833839393 668193386 735336942
343450777 921220892 110561215 124714225
861733395 613155650 876754774 946478025
520394574 771889275 245931244 296323649
529038493 974957807 288246408 307124049
264004561 936963109 723685951 786210286
977908104 688318322 248427829 283864664
36622954 148244942 436920792 535113329
323452510 592344998 76544483 113885852
251323308 615270538 585513363 599799159
339123882 138137013 453517665 455679802
309558816 543745225 139872190 230881532
52906159 576829508 876072056 938087720
111451172 934945782 690553700 705812293
187301647 253501717 650678010 680299741
557350647 248219871 408840898 445933400
815584732 374908974 390827940 488735381
922916430 205831284 973601743 1000000000
824283936 51237399 421379416 507415762
961672154 2296426 598315428 680541587
130374977 801365866 168353015 186663456
985026756 110336991 866268671 910668977
316861562 970971475 418668691 440176560
497030098 197013981 724016557 787757469
53843280 413139158 272483573 315136459
722623167 63237625 259259691 263066128
587742282 894725642 62096499 95592918
659557073 829957319 511708500 537058465
910098338 774448246 550654339 631112462
494975067 157180806 84331908 167784561
667177419 667849994 731144001 821944251
424264476 683777475 266670627 295868873
113620055 171123176 737611484 757978378
3489217 964358403 914057679 965061023
761117425 368239412 552705676 647983523
476799653 104727503 162618694 175503940
253893435 926166906 868273884 903050874
931946400 267194737 421043741 485449041
430647625 901018589 248162837 262832574
201054151 237366993 319455427 374966814
791499188 977117980 650790615 703210545
236520810 400167255 808700824 897188492
550602540 782145289 870901180 879123951
469806835 294487197 931739404 958493902
867239275 506592664 834539029 847939329
241739269 959616878 532390562 601366783
812955763 512426606 808888476 894829392
376064670 673814411 403851459 413796689
568563325 985371580 685378768 776731862
584082026 91015701 803007243 820979274
733766277 796987124 875178346 953517568
618846846 216729861 718076530 799170445
711779810 673632517 622875525 702718247
36943071 531516515 206757649 216296073
252144900 39249779 853576763 906033566
337815794 456164001 74284708 166877613
499282879 490540968 837548049 849900046
926843974 573848303 730731825 741049465
391997720 850123849 125559106 163032883
882999252 473492273 436526847 534306822
569740502 558696931 163582605 192041422
37713676 52957202 100245701 188887392
172547658 140044281 512624863 535548232
781896624 837367427 997090919 1000000000
400413182 16426390 109030352 167735175
827090057 485366447 482012857 527610270
782920959 912108082 709140415 719157299
874720369 950555264 326645387 421168162
831308072 149327856 89064921 143406815
549841418 780144478 736087919 775338150
546110626 527126263 3527260 9781406
214549271 502949617 819292867 851035682
520344849 411794083 957226992 961275866
851759667 651473192 533254366 536737462
86491947 385482581 844735008 900185060
932952176 907367868 573894561 635473764
498464541 77253385 79208204 170676008
295940369 646230124 786338517 867893750
51098656 302522817 635039900 672242239
69038102 55593876 657207666 691379190
22567098 151502896 126550481 126808790
648129207 138220026 455797216 550983905
706702871 601410820 396878834 479096504
452803545 445738825 364333279 399540834
235557409 247137066 70378525 74822848
119451593 461599940 688242859 706598542
54992187 109605627 444451740 477199411
316511733 128564248 727789368 813805852
205551054 647764946 820102480 849850127
215312070 337948463 104163245 203764626
234127435 409520530 249624195 332257493
594950566 759131708 299409195 343477400
442288769 903467240 400020771 489170082
874252697 725899578 733986386 817530907
234930054 47737703 605915660 665931046
528685360 779414726 628020428 699163922
327090297 920764015 721039346 721450773
209154669 368472116 131501036 150306291
550099434 958464829 836234912 867039732
100189710 376311722 629330024 694074864
636697782 472908402 845942916 885589399
169587976 58183859 161984419 167672277
890695732 52530422 300012563 373121298
457362764 170703577 420674849 468779265
477295118 859990741 132276778 162793604
979499857 931087757 968054054 1000000000
961285418 891679085 518093012 560000724
30330850 638121512 310111489 391423301
45783734 621199586 233831891 256913559
174909044 823116562 580804621 612489090
836782860 297456302 200815464 210613065
883433467 332382338 753839442 817125735
43948178 73096663 751144722 841793555
77685426 645195654 595868192 676341515
282625031 41714419 522191007 554271096
358254385 21997127 24234855 112767115
627041194 521777555 384546338 407146864
26211975 346629593 233807458 290914146
679303272 4037021 868741640 915469183
737307606 704593687 164448806 249158581
965229600 749259675 977832555 1000000000
486486693 671434297 554508548 612722425
892301098 510485000 367682314 397639199
693713418 372921285 689794455 732827023
143436013 617447994 372755108 381759948
915437801 122632291 705391092 793101470
163684591 509474355 329669882 350547074
276824051 518295345 779881030 874336390
579037191 24814918 20317266 23491996
779134615 914809012 633664892 641678101
940972041 153686962 111192962 161903849
699699597 253709834 764460028 831785624
113281042 890196121 483448850 574081919
601298233 113201706 192004450 271924637
771640792 496049734 644119250 656568683
617740584 456647225 154157126 214827115
558667413 616280413 623460457 676289503
768489713 615152372 758024739 758599852
63628514 576493772 909635348 920489539
974293384 259758014 901157980 993231361
695187058 485155851 51309811 130404563
8959919 333120100 461950244 469712098
639367927 275528016 884727797 942190212
262115304 476621887 795756585 842488731
47186324 693950161 50295243 59683319
65193827 226296858 846631259 923288056
150462557 166598984 640806187 684402082
953078873 529930579 921059412 969809879
191919084 852884744 828387970 858931480
134295761 304372856 756438788 778428609
764034790 709487736 745505148 812492660
150861548 56758799 482028101 485449618
396138977 942028175 12711870 110088609
811874027 450249777 158227844 176819711
926948903 571493476 308693543 320951252
765562953 92661159 225249300 311644360
361061901 590740705 763251991 844504917
419622636 280224268 35568536 124507674
817169460 396190644 121798266 171817913
101745750 313341351 70533928 123738701
309474618 84906366 778640337 812496492
288481797 554433660 194033352 264089333
408330719 17776424 650562858 727774046
293835366 753236443 700314994 723219253
441234429 104134881 314693353 413419803
881247669 74842395 108865799 113064498
804184299 239362888 529452167 586352366
879381833 134641966 204167334 280247660
449879826 521298610 272247338 316076726
598088335 595360169 988343605 992952760
87072179 814297652 882736223 955278545
777675700 410356315 988519172 1000000000
634177336 754299465 322066807 359212292
645928966 885625784 651721347 697495798
646327775 598632925 481782554 573367711
253853009 91287528 772582754 845048190
542711518 16894680 567701318 651930536
964350487 788781058 603050775 676217695
121407209 699407468 86877100 182427909
407479674 379808686 736922638 829646713
54699271 601348004 319585786 385467178
364984479 282336337 760624905 811795992
881214269 610128946 139774246 230543130
4845074 8487966 264664530 346253571
103672604 690184944 676166907 720576287
665702156 752987477 621961824 685099242
255188015 942073972 625702749 723259252
957092403 826053552 169622272 257678223
149027000 805934867 582002891 612191415
904797862 936457461 358157145 376339151
135288650 714541366 378790108 391283188
531486075 804780806 315773176 414437414
723898405 224126759 257973003 318292252
826211535 140348038 869187616 897804048
513344988 860761058 255934904 282618862
620006920 118459725 663716973 758120680
309530032 387627144 546829957 567288456
693905585 992127924 552431614 651411144
249837112 736484022 653083931 742311314
807005009 666260079 37755773 103762634
661328874 995835023 997768259 1000000000
977738352 352397003 316656095 327398005
889161259 556533853 110154525 126798497
916633259 461346172 78409724 170598971
458611877 869207318 512114278 522423183
581985082 856807295 189260211 267988117
90374268 278439158 909479047 993056017
747679273 859589549 110050409 193822198
86511489 936996416 282080957 308333096
649644015 121405047 912364153 981407679
708421693 8910189 740115376 771886055
22343846 679053484 145458199 200030193
474454404 806803973 414011751 472157578
164487090 194574418 807664548 817935915
801175006 248518976 339585705 365378261
116046359 252797779 281703724 354215148
404265432 615347925 400274305 449272975
61643497 258702844 69179081 120648336
666811360 917659699 906817236 920812950
610037896 582433657 311955104 368749295
165701765 426238297 741942633 786506585
653047219 928564425 108425367 130900893
30673166 464598579 568694145 630969924
627883880 820544674 534061207 600476429
822804693 597605683 884085346 885250666
735335457 472985442 342573980 391185073
515252626 932155988 876610339 903973662
6472259 739808816 940733443 1000000000
178620311 874189305 745762277 793547099
941559929 434416065 253160629 345347143
100588832 229557598 590344735 611852997
281611120 145871321 124207378 206823495
16164716 320289992 527901473 563870715
900384730 951207060 854648950 947525144
370994334 122374114 891411083 948226617
821320423 523419771 471112617 540064255
684750702 861731133 844013885 870870424
99320634 407800729 220683850 222191012
151032037 449460262 538027574 570919692
512674188 802942285 811647768 860441219
424964359 635612264 611777529 707454287
48399240 19435602 256608751 267334707
929321642 209365338 584787491 681772451
859320662 161920914 828458542 857617570
630778147 484563614 464248569 469338069
466933530 966429279 438251670 522242583
754660476 215115705 617644768 680911362
444700708 743944167 526920170 607873265
318347017 643087957 424380360 502710515
464308678 700684489 467189692 507143090
53789860 430061204 86867774 138511302
318004307 473604876 647491628 663473391
168157833 256490709 298271155 327513414
211962627 909167059 319335802 412809031
422067940 478524938 167041537 170522405
489509190 55638611 128937369 198597424
491685603 229593841 286908505 384815334
253031179 512862632 375829841 421347963
342928379 40197038 168463745 213992858
865983559 807751007 152124588 180828913
682137623 13545748 547277793 634780867
823701439 357875519 797242498 872719080
366933825 301021888 804715993 884942608
812063861 140146212 217640694 307501679
917059372 256163233 963174074 1000000000
387382539 8875210 994742427 1000000000
334442317 925981551 66970653 77382349
709165226 625757744 240182849 274410100
852420800 9744516 566085376 591477124
233115451 137403900 133132430 178274351
263619106 758722642 323554528 370247464
428234468 768779057 282458704 378647791
525124684 199844538 547683754 605058645
500770244 482699061 776083643 872677769
823165517 55785186 805848203 807946352
673942177 837209298 678339289 775765213
642844381 570661591 430230580 514235770
644242410 58033266 927573694 1000000000
137634686 872763789 805202392 809828122
387089906 894151986 483051927 577795126
15199479 826799269 107734889 134232645
620364271 282029005 911277706 974172966
13962076 356256134 296552854 389729947
706124681 479382000 137710192 148431903
878500496 643206119 414130909 513347935
391758528 535755054 295435522 371296911
824675118 17076632 62082993 140684336
711693599 598839036 949123706 1000000000
978865187 530687308 889952021 917971284
623491135 804409372 782414409 801819803
574266592 994638302 722635416 774038685
460646539 802908345 253753749 300394685
289843314 647059311 583517680 653920560
884458794 81114967 672935175 771008371
187954132 645265211 367082329 465044652
331785355 379191460 557167007 625857501
877662260 327358521 843553910 910660480
837545246 129879727 289585292 385607641
458849913 939109891 582346953 669905114
285519138 361915717 41256032 124165916
491076436 169375634 770594891 817227922
104363159 472538541 246311911 303166578
607019701 619783689 417651061 483811541
999868691 436334154 293615668 361247770
944515837 928274445 768092470 859203760
841041420 14296225 460906384 481074426
876988053 577351510 644221651 720874135
860961932 437369212 824694964 912290895
9572247 568097196 236711966 309583297
926301500 620493726 899950456 973512657
615498040 78732831 361610962 412695841
796213306 449361324 884209955 908902987
601846445 202276739 302133971 327977178
6319470 769560035 298713058 303074021
95911863 58439371 786659087 800902989
59842652 971985553 942604470 953764549
590337580 174463195 751720711 760323990
14456623 954175346 520505097 567951997
652323735 525371280 904380381 966687655
61576936 79107417 496487881 502466013
805483886 77646869 953140731 966879520
461205057 44230627 679227775 755762845
244291319 276710718 581664238 593586550
553662808 464282007 106633669 131237687
930128741 141353539 199285981 226805341
989551302 678962570 948221866 1000000000
128425937 906009682 876183182 898235129
555874427 109630272 566848408 569868672
891149055 859291794 969071837 1000000000
590590739 198594617 148520 75224379
880289670 427650026 392848835 485175610
985480955 380951163 856132875 883493306
129660359 760819629 590444592 591342510
326106981 129755213 525535660 572363216
997733932 814471695 20030677 38778423
176510604 43485967 845286967 933856884
490949792 612057799 550870848 572476723
88590681 715183052 787041493 806188167
943011394 70176395 672091581 678873837
109727064 179086542 122529972 185876897
39713930 152358570 620030511 681514595
144915089 646710141 414430216 463344411
23015579 541692870 717275271 747709910
39215710 722635776 151927012 198613234
304005460 927154335 652874263 737542786
410975945 218057143 441672685 496135910
503314208 46265515 901731273 987009508
758258484 455863247 181451858 271673861
623885328 809994817 968315049 1000000000
423026680 477590235 120877351 158421203
751228324 599769481 941220428 989545708
742239379 1333222 516266043 586567586
771545720 508412993 473650824 475494038
393673880 468327052 858157248 883640233
747246162 237328019 632461249 648253164
663974321 806279248 419553982 457174133
42655939 292401873 660402284 716931296
450786060 951979573 573424549 591989372
880954676 746690924 905930918 913824608
624673002 644627401 766875477 803133441
151349893 805554087 117401804 200613930
829961698 943545894 742382184 821939683
41045329 557213663 189537957 274198814
159124247 321242791 110360664 175262269
874580223 188091912 340147447 422684090
83904618 621474587 992741987 1000000000
92729767 710061267 167193922 192571681
764310259 445584657 693006306 783235408
256131952 37644354 621111199 704662049
658788904 678591394 484585032 485933809
586979314 581397874 618617717 631411892
549453212 575399914 12657186 84417013
868171568 969869860 384942561 439516870
740432557 550761183 421350355 451209877
958027705 174535261 619290806 672561809
38258323 142769821 284907252 320526637
733666316 791873534 863130743 931445674
489843203 671059213 117686239 160832407
938716634 55204943 586868294 655394370
318227439 770321061 419264697 474446053
794912386 216163675 605871209 640233105
811473904 401167956 325539894 353251760
295139148 567175701 691121807 766194551
722259246 883895755 12699829 41760499
572750466 173933034 390151149 469285750
201749760 744380422 897826911 997571799
798787003 230291271 857725486 898165054
622147907 902638502 340841718 413426656
631390529 375247329 125269553 172658392
508715286 784852800 457110525 506534377
508664974 233174937 858591955 921000799
778455306 159482072 642125579 698015566
921196591 231645483 569265299 572661852
30137275 27309258 589331656 683089435
206580884 174041946 703165638 712941481
314271002 348790164 30212626 129684967
663489020 117857147 904691486 983836896
775992047 971757140 240030823 324063794
71548289 582821917 53250002 62332528
288063658 723492673 115010138 178469142
387280211 767610361 681277432 780340455
731254667 171954286 883113590 968968554
301313643 311583608 106120958 151367508
295390491 1349136 831382037 886215423
114614990 598927949 159614338 172641441
363830738 438464 633831833 729549461
193292158 384916731 56397300 135960853
283109154 956036691 526898476 553281826
72900184 18151491 469966117 482085381
139708365 702437515 208071452 284517769
750771031 375506756 506013417 540163552
774013330 220845641 616782431 713292564
549109204 442773524 685231454 746068281
75748556 472941099 348519789 429027320
356544746 160318971 417891996 442070281
823571316 553033507 459145988 544730794
39913745 546340953 314655791 373567580
560826710 695549599 65503769 111493697
31651893 268393078 20141285 39424077
6408829 737033277 206883666 303907119
641558675 145981914 698043472 777026562
430759268 360512164 991087007 1000000000
44108003 154017526 614404755 674801394
679047253 815743738 954133548 966479510
919915254 389956252 666847685 761085611
813947365 39547027 364347904 415316855
394781652 13035561 688196280 740288016
837475379 444454764 127092059 150068060
236315703 177599380 453487306 471892293
253968366 968993765 312167536 411137748
733889305 520323481 979364019 985078562
865291058 427237106 219296073 242014427
213163027 360782181 266341673 284126443
764381859 67622450 157485572 188536033
743034892 98032522 495849736 578609103
389793731 327554841 564121389 661122006
640904898 92671314 167727848 254388102
429910007 917329280 865273873 937297391
420618576 971527058 98201579 166591190
767313058 441156517 136139339 145105648
494069282 115348618 691037095 726973191
674872426 937328189 220623690 313794986
460258200 657537683 115745133 135264279
663357652 152563184 116691581 151398371
932110192 700923169 995984457 1000000000
379432991 882497065 71866508 162698393
452347709 840765957 211088706 224289152
185498244 953741835 902905580 989005941
405851710 642974459 133024471 232780892
849716020 720684434 496020420 544481576
806288146 393258265 731411029 777858771
993684483 904731189 213560685 242976795
602487952 888788647 300480076 340744871
451377655 605353795 704822702 717739653
885793764 892460425 156258458 191261491
839509361 788910939 708075247 713088344
590785759 2690572 378933778 415921700
943104812 408377242 501998443 586508753
22651686 116728889 837883407 907983966
16532376 447882780 889208534 931957826
456460981 789795988 637145704 698014602
309826148 661065895 704884455 752824053
940422226 360047061 219351744 274136319
622384533 457753257 844753541 848864532
598870964 444516721 752138206 788885697
896350088 696010731 496512269 515612234
340364182 107914111 276771274 331406720
852116012 792279362 21072513 37441148
520025149 70486791 96677770 153451112
283815370 607349791 628812765 634808085
323947713 519161397 500727228 568225202
652261501 172506940 472089538 511363763
707264104 185951825 727320879 810557758
123445844 98608879 786679099 882525721
207245415 961936114 473775786 513314754
379428311 258335741 218080732 245872472
560047062 13707282 717317838 789947396
714684437 328219438 469046793 567368905
868927058 740630760 892583537 951120095
786548516 884637935 500777888 594461970
471231964 178136438 624532303 631998313
501260764 48905077 481596591 490321528
437608950 123996199 209049657 284158465
727106390 934885537 869662169 875386347
230050026 474461951 7297335 74246830
558102616 382191188 462685799 537927859
522544954 503408868 342703944 371251184
744700599 501592110 291496407 300791832
872209416 99342841 914455029 968618868
849969960 234111260 128358377 223130338
416936919 532822507 926626441 1000000000
332288658 552286053 625238308 646738259
244909643 373998751 126023599 161584022
149719629 584837930 788116030 882349400
941260521 103873778 81379445 89289231
928509587 418193400 229302524 328681125
962681306 729844516 990119346 1000000000
257802911 289363866 664152045 675795105
176798060 681877312 313262363 377808133
904135819 147282478 883749135 938204852
725361143 223708899 913902853 1000000000
748352772 423317567 144092249 185898747
650756863 292870946 884513386 920295017
766922828 766655547 229489649 240533068
503559034 154065389 49727760 74614032
136463753 596004835 751923057 810748130
580697509 435365422 60833461 140241392
577222352 169903681 317804608 335975046
449971471 42127601 588018423 600328870
474832339 972497884 837276585 910576815
882215960 215596907 967061810 1000000000
794154652 937767747 786998325 813246415
194412888 888994938 741408261 799183855
999962284 606898583 891984900 948427040
923297850 194270712 753979523 830563829
408827877 44739081 125263838 204841670
107478706 631974540 844665902 926884584
142243758 723617537 100817643 143056545
53415068 93276727 947489487 1000000000
51080140 321268160 484112038 544377386
878651774 378728347 498719154 522602368
174377349 767914694 230334977 318574450
160817508 658026553 882975717 978953175
721012077 733486625 117588720 146673371
694005277 776197346 888968387 937436840
953753619 224587185 100578164 193353185
537401553 933775548 902788003 973742638
788136077 588539066 825260690 859492281
954019005 328010464 718975540 794521156
716861416 999158208 79363608 160766248
568063811 683572871 57658126 147991604
791880759 732260227 784009496 820856057
472110053 379627965 931362723 937658491
857791523 405529617 329242074 339509569
290270927 18137397 544795343 554630936
450807822 686811629 962736692 983577726
362011 380485988 42432114 121979980
794898121 151437985 248599690 250622327
122634397 461708178 190373065 214220159
869357071 119152615 922183842 1000000000
387167226 612089097 339070760 407789232
956381650 582845179 725318937 739672501
806610600 116651301 795789214 853392219
529709186 694119935 366944848 402027685
66190638 95794803 986872535 1000000000
963534469 739397257 405127195 434472608
584252148 894512851 564887609 607328850
475106120 746246921 684364962 773691007
869812984 134737437 589141941 589160385
905887074 783979449 925051391 927739173
887179741 196677436 343205353 421867734
909030758 281788886 542917912 620817524
952089574 475290171 704103529 708785525
318271705 421517220 106931291 108213617
518234895 882377914 288201629 342104230
360866921 682834024 909474560 996449846
557785070 641289186 118789291 120978120
346118462 13649244 599651510 605429011
910165898 2815520 768657647 854218057
413046644 433048648 105261753 109490375
156975292 714604232 568469963 629897017
285108917 658339934 457807379 472680369
342810178 193146498 722351353 796612154
595773579 590344083 674303638 759125063
752948269 406149065 909726371 970135359
510674119 799063124 827755864 896518162
4766594 510213664 419988052 502426908
904709277 42812943 216855721 220463368
384285558 559418556 905506426 909415906
199360669 326846676 679203047 754645833
545309649 121377129 747866009 801132209
520225052 861783809 975349113 991864501
572598558 951895514 747318590 830408104
566277055 800428899 972366113 1000000000
398965154 903518713 199157242 234430353
900835718 811640678 720412932 779852572
743026441 70446123 910581421 924763842
239483241 58658400 844149111 898855633
619295924 284003763 831119509 927988375
516973911 514585387 572501993 599556499
335770072 339595059 444256919 530193152
299034127 80674094 209363050 281972709
539345615 374341915 524757462 547791712
37947830 949173301 655132922 734543313
510970618 938720372 515544866 564250188
898871490 544573821 932162095 946977805
949110672 172090130 363495644 413760128
516996471 280748838 671507832 745208166
633896945 425786608 231282510 312969161
850509426 440227049 984541505 1000000000
421673840 362962320 13207056 80458338
344800469 956713048 183454671 245637408
577756183 993712336 577032668 585228351
27004328 827697198 310781254 404331161
365089936 73728245 317545637 333820319
562694070 38015586 382532253 474358817
592728249 921360336 256138551 284029348
237258096 506770518 383146199 429713908
705300970 10788805 733232017 734587260
397854496 476971392 291979571 383367809
305780739 460673457 889003333 927820438
918772047 342483339 999516664 1000000000
369182860 484284847 610985732 668931393
363552222 611008539 801831898 824678767
380961771 281889625 623851433 649942859
619829672 562312161 6443877 23638486
229174770 172302776 799059758 853208270
793284860 126106360 827712975 892574612
875095154 132073838 358916480 422233054
875981438 241307049 22296463 117610336
177315927 300015143 306304287 371500931
363343754 701149679 237167117 335098770
445183822 135768557 470953552 490342330
789137826 968518248 399141392 403353253
526373034 175029916 867013475 917611003
645327432 661447861 323456988 407346746
400509412 970070045 300468564 336238621
526923889 415773080 190098738 246006735
165287562 867679560 188904195 275308187
462316572 781423683 861189892 953815352
482130419 619012016 812201912 831294352
839007621 23418436 4480520 61119694
273306586 925539978 243637848 312478203
247487795 156699410 77904657 113052593
123264839 519919210 772654673 848273922
998291340 612465548 96956362 195273970
246592912 825925385 535355108 609642463
173531971 487601430 293418571 340388299
531693685 654036029 941996417 977937665
304292605 425965065 434503601 486339014
601757604 24108397 633076227 731409284
212315905 548617866 807186305 815996924
214215095 287747605 342266416 425903708
974330882 547211986 634798078 652979426
17798837 822345436 706780751 765385565
801244522 431297977 462481038 508425713
493060426 923389134 735437779 812400849
312356922 888036459 361751049 423526086
273538078 522475109 662400182 711197507
969668412 251545477 105659312 199560379
840112859 986777298 433580504 472234480
835610545 585519516 400942690 466263683
301693957 901363991 521798046 551705115
991546996 129866131 21603884 65133848
823326659 221114441 152347358 219231958
24397393 819458976 266122469 274977634
580151814 649990863 815931286 857311604
234909705 507156391 587540059 684210518
210531031 14156532 265265280 357901926
333193758 312945275 145070085 240470906
749948207 285145440 565818000 588154256
945152230 35372976 929151476 989627462
221550543 74550792 310859770 382812054
677149126 860539223 975689131 1000000000
930496110 508379178 906529918 913496861
114092031 509913245 667439160 733755674
406609274 501353048 448882574 472028765
707671531 885786813 726448013 796663173
439874484 24681647 446135050 446658698
654023125 737633254 455467590 537664314
860418814 632794637 854421332 893643757
516583314 718573857 511374893 607491501
641645965 673601456 759827714 799344996
943225145 139651305 255771281 330023333
271746355 54071805 7210230 82457634
231587 422360844 332445778 393573318
555902723 357854514 545661635 558280150
863305574 706288057 102473123 111717344
239951976 255197040 711501374 804853741
210475781 248929184 821911278 900337117
105788605 256725642 732700143 774113815
990232359 698882099 724518840 785688388
446551825 797416302 222380708 233095028
76645873 564343722 60745280 128163922
208756555 483068553 235004369 256014637
758431495 133330506 916532750 943829031
790243201 882581913 462555442 548821789
584805137 200735463 909413496 959748840
479772360 448309624 676174686 770561115
458320706 57510676 956438858 971861079
522339508 284773971 193838429 211240434
761163259 793560830 421446205 467602796
805291549 737447918 271402094 299769681
427794104 948429278 317956122 359831730
166524208 754798886 680923577 757091176
847540824 510244750 867968553 890161756
129766123 389424836 956922206 991548255
25240814 360438783 467125380 539886168
517459749 488377933 647971717 712880408
834656867 408326689 705059077 764274161
745965401 111141914 312056917 332279500
483310596 434741936 957351182 1000000000
636551629 64219456 413477956 456743198
951108929 476652648 803273500 901828183
661068259 87107732 965194760 1000000000
951934149 714879395 486105589 509862611
902988860 828397423 17114870 43057184
439403635 488316957 974427654 1000000000
524866518 668908466 632959789 717241142
373954224 241417431 984039615 1000000000
506249619 887960590 239214506 271981288
128128799 838729382 902009304 961720844
655651165 982640832 653728542 670043915
499410606 334440724 266597400 330948003
258372876 508255843 84242472 126644951
811709358 108269628 710242639 786703900
658944246 869497627 574791517 610485393
461524039 688875179 26086447 47302922
32814342 902613117 466727213 557843298
454881977 797565117 289308966 332604867
36704477 666103488 62068143 137037892
751942516 405924991 409171276 500909733
505474868 555725204 353650521 393673403
689282918 154880756 283006127 285429372
650522268 311605040 500372218 524417780
251679647 728118821 184600059 195228853
252259525 47885012 745637715 783470308
119897192 786175164 930997814 1000000000
660832289 983528246 985075696 1000000000
582877292 35848477 944603595 1000000000
442756655 472152616 919327974 924809431
65879280 673686121 662464114 685037780
889729570 643035030 21117449 111432914
413625693 900137615 868612492 936900213
746645412 660491218 568161148 653499124
636113400 209067902 903059447 905591756
489527315 132787339 996118477 1000000000
734066414 364386661 378487698 455642893
864998377 633196614 933635484 999704422
44329470 8011023 361551340 384468936
279765187 831647170 16199420 39719627
152177160 786232552 735985057 761846830
922808540 810999935 943718885 998986216
220956794 152131101 673487495 765940770
486482856 361634464 870504729 877868465
631807329 608533638 271213421 366037125
75539151 42661850 138430591 225578432
981330973 131808570 57944513 80972122
455534121 888297785 496878261 522514005
255384864 751827046 586900047 635237753
311817735 877076396 663567286 735478359
421025761 675939210 711012071 778693131
207954982 773790090 262105714 311548422
393325083 890414316 904721502 929833662
863208472 407485633 415243568 484878635
521738103 886190190 323763174 353340148
722625825 924718539 804851255 856634988
373553549 712627067 641528964 708092430
991117471 296624109 986249828 1000000000
982591316 80204616 3957515 29274549
898024515 689894077 618658629 635307019
226163268 919474822 186854829 194612466
332441524 37603467 356323303 368085271
786304689 582519012 237222521 290886086
320207490 24541131 847766234 892366727
200581325 702641887 378410694 446830209
458167937 435062348 252172683 255020706
394486059 988959550 29933527 65891081
134055773 108738675 610746293 687671808
325237197 171085629 383255540 471869510
92564767 466829196 771712785 856725032
222422761 157167563 145313284 222953527
362765788 360587896 33407663 35661265
107450009 612988131 751547410 761711922
547098516 891863821 192926822 196027331
486376819 982484069 831335050 840321487
466426974 157784491 172100621 269596622
29628458 957425106 411682052 456059598
447334692 804081864 281324630 291154565
371751453 549172805 117353267 141477406
995228296 546622875 809210157 848674913
600346863 81978977 747398920 795192099
329534103 346227705 848315605 858800254
71654643 854273891 609596290 653292038
335849603 360600169 909382669 939066469
9026892 763752883 967510251 998813226
262113907 996642087 512429591 577584726
386574703 427133686 261323336 266010540
