311 1961
965978192 887243037 818720045 885655161
752968483 870708066 299070883 375229505
600333818 600505053 857342234 879634556
99842026 202114387 999517784 1000000000
419336649 543440791 487978085 565895652
583389624 366116039 605340462 639513855
730016069 727340507 490554427 509428081
797814809 733340054 932714788 945398731
228223488 761688496 3685290 24888605
987666499 399338807 337854919 359171327
315768562 594288993 747185243 778961591
671830572 817638563 62203884 130933675
31063650 271192763 949747540 1000000000
723938380 97920289 787178309 878483264
265958181 240119542 250289870 299123012
933566079 63246365 203692472 273804324
953318093 580380563 645633326 687750192
4474517 473370199 158337217 239788518
489851566 587764243 131722746 159082357
544222994 341288818 695526182 747947731
727195279 67095986 226891816 237962669
58611335 249861148 159419659 185920120
78814765 943178926 630154706 648509992
918786392 971345540 882081131 906834457
954550477 646747900 774427016 841908367
368626862 810363944 37300064 62649871
497521690 988093998 79946673 123713774
823288346 61463148 87613092 95484658
311653643 905065165 841953099 878203986
446000596 549449217 95202964 176629678
353993161 763052325 334149622 364531315
608558921 80330132 186981643 243632981
424804029 991744152 492851605 567648757
687947513 113353165 865718167 953941485
472419967 875568821 195566180 244059803
284867186 802176783 743184663 791489958
752567146 150714644 717588266 734436230
801233326 144796282 263772631 270521083
603600529 894948228 915563281 990398744
550956237 757781562 96654359 168077672
799313737 485161955 102150146 197388466
642193506 86886768 584244989 612206108
963973603 782710571 48854002 86769116
575209485 599098800 331840985 349670615
779813718 738803963 788387928 816990233
445906158 154159882 546739225 549823490
526529496 755849268 58590759 84261224
798286173 446630913 908474417 927431766
165767315 636665327 936174826 1000000000
78538174 391810533 845530625 857548359
757028231 659578683 67557668 131462281
171080729 229390095 802950471 831793112
477189218 610560512 743761541 758482901
356707014 711763006 129232931 130514783
882786330 74832142 887514013 950053793
625387679 405045289 315971116 367450970
780137405 417252028 855457537 862636712
668088964 361795703 966476053 1000000000
707190390 582858191 80362204 111849027
462948537 109590634 188840130 248945066
376063481 341324687 863241110 920589313
1704094 437700869 80948103 90169615
306100191 122588870 92628720 115719808
526250439 848586802 544818965 591928768
905940569 776923340 888333698 912688253
418138325 359394904 136821917 178094062
468606207 641192841 788820660 856459596
163512742 455996491 676517503 773710718
678090522 759730114 370749386 381988915
925422672 31517199 28427251 115507560
281222764 271419141 905919964 957490806
800806275 110058119 152475392 160348432
537265461 849981254 219227762 239135896
595799773 509124608 45855977 59707689
586672027 490997841 107720525 162852101
474203931 125660505 662790855 671668734
562162865 429143492 296326129 312008423
862617882 879235035 76043121 148722215
622728581 44731903 20282936 69540591
27347702 532838274 930504260 1000000000
993111348 17883399 857730929 901675118
498763529 188466028 607843810 687991037
822469467 364268877 43592906 73944874
49412690 884618939 861292699 944939097
503291666 789118322 325239800 361356721
106319770 80352500 60313543 105786992
305008191 479845556 665202043 747626875
994702490 894789149 841886227 854189453
881174902 551665176 312078577 411269648
267628103 885042084 527841567 623198195
849960825 219912427 943165813 1000000000
425457588 456683458 434740520 440037971
438364185 367737034 87455410 155848779
45904025 686109846 662927073 742435481
614199346 600814170 569955928 626649435
146875928 217069743 1556114 15668603
116524145 628875574 697407720 738442817
530805127 831548660 855091752 885326318
620640807 657713530 273889147 288110223
27708023 244327471 617156838 643071580
922205193 846012815 198866587 284197526
326681713 464792541 685889032 760097875
849100355 987483215 15882736 53242247
398317813 401196977 621054484 702758706
779133444 900748523 17088937 84518015
297846733 922098645 621054219 634009574
776416048 912165715 731096217 830265274
188985246 565500518 937504464 999130932
216823571 848121886 662181741 687278892
182530034 932409846 884175066 901945616
5163873 345986811 2618187 63296204
9877734 724603899 153960399 229117854
185620300 809838787 543376076 560284022
953563234 588717912 923402704 1000000000
163408758 577913657 54092187 59705341
16121428 366442912 453097268 490269152
140950646 621327496 131282114 141253324
88448712 718614845 667843225 731317005
241610783 774397417 733581303 738908493
846314218 730756014 292289341 357376840
199426489 697367368 486995414 545628258
164079569 332803891 639351559 657140451
548945361 991821505 817920929 832956318
837209683 102500553 982847254 1000000000
909146577 505013844 67427069 92240521
307429993 707167469 727221595 826257162
879891757 108478413 423630931 450787326
202674896 60849651 624525656 665816834
904330872 538791232 533235591 592639869
779702908 763325994 966230413 1000000000
581283691 297538709 604917360 695244488
48536206 680020196 116799626 133443182
135249296 441229180 481543768 489306153
503852448 159372468 902064053 948291478
716585283 322591989 97206240 185800938
234630153 151608500 559084641 579464513
801219289 679263778 301586597 346968541
108717794 351450560 817936371 830192233
759462851 765137953 275870825 357255857
473975474 200937305 691196649 741735972
401174417 304554642 66141316 87051534
760160905 840857411 812280229 897065564
115931054 425123643 53918595 87952485
568766731 777174612 638083971 733545729
384206384 159524710 302671129 398827140
431081934 875857382 979296392 1000000000
587965444 163784688 174598852 213212484
330330214 267485129 269743176 286719240
28296633 515506770 107619990 154262833
968184916 980645857 474974795 532537553
252227857 44160467 618342742 663084120
968192046 88666422 48119495 57110802
512662848 60862257 944554789 1000000000
719025145 406923161 199041854 290177991
726755534 120888499 304683093 375390775
509207990 531304821 627253343 671246398
825793210 62496184 876314325 933222608
457966243 775840850 550699402 561029126
370900203 200799303 628319390 668619768
923776426 611145459 678449967 715830680
906414451 66523368 458432907 489721455
749247916 504473396 378593022 448941169
437614594 143140407 915363165 928903698
943086228 74527265 811912469 881506587
654596863 736222428 823871798 897585038
650326424 547296538 881602994 924807091
657323224 97044837 773177612 864804304
114944136 261175217 591804898 623585220
360203468 108796457 980732912 996739682
716028638 934096512 587778111 606826201
445186297 286923385 679635532 689902884
581758071 196772139 12794094 84750490
392880247 618346747 228072058 264200704
261061810 130916457 33087786 43413318
943330232 158187245 150059100 182254578
437684178 462849789 418072853 503501635
898346051 791272845 14122289 75020855
322415920 976173090 493571391 530028799
935298389 739044863 848656083 894457884
797586942 631921270 499788860 526351554
68168116 706461896 50556657 110308904
812466760 206781324 404656716 501049189
766227887 654742718 492144197 498953707
43884957 66052039 102856831 160522736
695973759 969342050 361777067 375598453
631083682 443397448 347348824 437102810
490334315 63383059 280973836 364621105
56723565 765933900 439834309 514293902
803111192 906887679 627730022 644241956
967206588 906127224 298219000 352500480
811461089 991480014 171971206 251511848
3405938 116819522 903033045 919895774
633263011 12822214 218822652 316337153
671665321 131244234 667146428 722329698
741652294 293452729 739878855 755039382
357356064 954093566 438828728 516255308
505105066 767856085 654084530 685225523
683075416 784127207 526543364 528941554
853324110 685253186 750541515 785692244
592087755 836850649 75849465 143599563
52761333 401307604 862630099 943826142
110858705 180037004 278657122 347014171
537751677 905436 404800304 438570548
979860746 166303954 284541461 345722981
325197531 931576933 654798382 690596537
123906054 478806548 665703125 689475972
122105594 403546290 471953919 475536870
745916173 431117053 290521672 295997791
282309177 501947670 523862542 549425828
688295113 421075611 43354215 104245150
543655873 880016627 982266228 1000000000
288384651 25898246 880367176 905847173
397849670 473455947 965726857 974123601
638706601 327273943 594071156 607330659
24819827 498483169 842522357 939643449
755033610 742908498 114495079 169516465
719685361 425286045 715801092 767736181
290469298 189906247 667058531 703661207
55561090 625194648 598497229 684446089
81177551 748168134 983539594 1000000000
131180600 798125158 549508687 585761051
308946448 964933623 333598416 404272029
222395732 903072762 903531398 924967379
104982900 507367509 527568133 595035178
114481882 638491690 515166239 583729606
262131941 425784231 58781873 70648079
851925863 357735972 103536777 188548728
238434578 452034916 172825941 189545972
37054090 340837334 688084702 773148788
919941649 309058965 44366603 55934642
928743124 750705875 331867042 388879928
946963704 619189209 114767336 213341133
454593159 138844941 967120658 971671684
594906508 177558147 229632851 306713930
415605715 594473320 527691169 608737944
302343691 810947287 362204359 416157704
722160445 47472544 527669290 534402727
313331788 543509499 575583146 636904202
695144615 315252689 101241720 164820186
166753915 236152684 227687693 261658967
371607955 893245587 498448402 559231604
565184192 819988794 538749642 632474065
441381697 385880863 877370969 884090522
336526744 907121369 834372743 910994332
370318537 212257112 108027226 121728179
367751803 121108487 605609132 698624239
294004075 338136829 186706016 256212017
150570038 9592414 911003049 981599592
649018179 736232445 979274468 991682683
851905348 107819924 491246396 501590195
643763590 823993924 903991712 967510127
608294770 916830789 46474627 79756740
220942213 869494722 365757776 394708761
382195500 551723130 461118477 556100233
293319673 490527788 617156066 705878115
338056912 250909350 44347527 70265132
840248394 562029202 749003988 843378988
378614911 186995055 639934595 726469404
622457305 203834656 854691605 933293411
149663155 324986346 670084602 726903460
194179550 955145068 721992269 810687536
772277705 57737732 769675394 868906812
336611109 385939172 448228710 490912968
619104729 71044602 379131759 448428879
582683109 327812429 923780698 988492203
303790562 851518480 848313266 870060653
865662746 660651948 102966106 201482325
144559686 690030569 397385441 477593695
929774353 259041649 717146296 772401252
280287390 591598362 162236752 257292071
124728072 533471128 756934499 786609587
102814617 129001974 479133780 538641724
84777929 532315004 471972139 485067051
450267669 368725531 701905141 793713377
931668442 683149783 113096621 122108371
170923393 894468907 30911647 65158652
43279239 549475459 896337457 995923917
21851449 986340676 218912208 228011931
674148371 844651513 390636734 479301405
821345289 756761723 207703647 260962384
546627218 759936444 770905001 861583636
669952757 499443356 494383932 558698427
745414028 471750774 359236006 416928345
428092520 242675379 240026745 314798759
198017854 306989069 361764379 385862720
175782442 423343004 755560239 838172627
47810166 521206780 939787689 992332453
673168031 809837981 443207731 542847169
175804989 827803772 938956719 976375064
291361855 44260260 640646823 732180579
294270950 964112866 763362699 822046839
665244106 820079929 142031912 202337549
427646186 712268374 653437153 752880692
827943501 146643000 193754868 252051250
159002617 342828176 12923467 86714469
84604967 279459158 880457805 884491453
524383069 483237341 439618632 477735016
695613476 115778610 217098977 240484257
847030600 377427004 301824891 354190554
656919479 900555753 97531366 163578033
838567930 353023692 947343825 1000000000
948015362 47564315 230759753 317036838
408952758 302045 580237018 590688759
410769940 600170369 105875161 147148336
394533326 258621801 812920956 834690438
580244407 997303825 926294162 986334799
491499855 84241019 23142617 73873140
705838627 346161630 603420765 628699409
302420478 6219179 561956848 621510295
545115614 814046580 837690582 838058246
672655823 243479696 893813602 940432257
508479906 797548556 244017222 274874128
540658876 116615051 529285602 606195972
10212274 227517092 663131975 697344761
116049936 340191237 199325937 287523357
777890525 873777980 945472800 955647825
501073890 124640169 918789019 1000000000
838459588 319158468 839529537 880571272
9140748 770047853 576959230 614238356
913770538 235347142 919199995 947745991
82881017 228525630 216586338 308873494
702918246 59282322 693011204 762169986
620651708 453564927 3698964 77226229
2282826 456656885 826211463 866386055
506956801 64358333 352096481 387106114
771620408 907124162 810256247 865639040
690221244 75214189 209210676 271092438
816493717 954611655 252136207 277468713
75853225 343281153 527587542 543367723
806802506 661318432 416303407 504195580
809219733 76261974 852337465 935203610
684662665 64683564 919457625 1000000000
748894158 17783282 109761930 126795499
312649880 556560653 314989040 315354453
30151568 915715943 297733385 312605489
376473185 379012602 845833063 850422414
330477260 90907801 184141297 202722403
842103189 417077349 676783379 725846220
378682854 922451926 448177020 494159517
221939645 239152144 918373008 988109236
465572913 283064009 228491861 278733770
630202903 575014649 946539407 966780805
315441470 831834103 283074981 319021255
395615228 363380004 782391974 818290168
773432451 555278521 945535237 1000000000
903337219 660462321 754837424 756404512
152704652 550607962 908921336 931452498
639475465 985032189 527783199 533028553
360143381 370648198 87204087 140316867
157454407 50852003 367158955 413284554
281588202 428103942 514254727 551643275
288980722 973833099 419082587 502638055
556134291 661139735 321421103 325061571
414645013 656882848 160578898 198338836
743973612 278300697 9755454 96860642
523572074 297429874 243667727 259690394
438887782 450445661 471289142 495003915
239457453 358307846 254539751 351982064
371502376 863657061 89008137 174101207
255951945 421334647 371141917 471089497
902001707 516437219 115527069 122410857
467865809 319651336 62920558 110112401
502874810 386235749 946811462 1000000000
677260678 505290432 138588609 196626299
132003835 390885120 844305157 871530403
875841367 465027602 45822285 142315618
953474504 364420023 439153837 500490786
392204922 665090715 506138654 506986473
50057066 349527476 773649753 844809914
105359557 635970324 811792429 907248029
973981659 211713779 973878214 979352639
763743860 857247606 682877121 716919707
435709075 659072210 319758314 326674914
371782278 931629253 954385797 988132756
722148325 740463793 433780369 511010134
65535294 684819671 149664797 175139413
94171398 321866950 815262216 898135057
617918562 969773057 691729206 768692183
641439780 118129768 145030022 187071235
476008658 516008654 35085484 68571139
681289523 193667888 233364316 282636531
656469179 766811850 71200547 150626075
468770022 952378991 686878576 766242765
482630325 777993068 138528134 142960253
832827757 575152725 45359135 128105082
938930681 817425974 494537742 506771362
804390426 352633587 994781344 1000000000
937227429 459376615 714366992 789189541
61105278 285383406 636470564 687381991
579654815 386053596 1490955 65013787
215952533 163423139 449320168 543300981
851826230 18713644 659547611 667386629
681849464 541810724 414026519 496698309
743785950 401852230 395229170 472944756
274164715 347463174 847337902 922961648
421453560 978419733 527246024 584545261
569423398 920266237 729034137 772044164
624944740 280919153 375804761 456207411
736516416 230469067 32708573 71430776
137173562 65385478 288582064 345985931
158142629 50706772 480404231 531571685
652283374 549378541 251774552 313042467
601837215 696448340 859190125 874397231
888601055 600142756 734088881 771088916
739959939 534063421 579689367 621082983
809828896 273626716 221284058 251911518
743137786 59793672 839901949 890067107
358743106 38357269 268352823 330546852
432578242 871780667 989174103 990167278
395698414 82672096 601841508 626444682
433800068 770961998 612423193 673892998
863724305 272604259 109089480 163021648
602845877 275084850 581284836 673592695
379950036 240852339 732720226 786242289
27220121 45901767 497029614 528597760
404358262 453167082 867444084 956977484
485866505 606480199 87075855 154137667
699088396 389433391 723859979 802936038
994464911 621344768 458450581 518665708
384778598 244756273 249408711 318429166
932024309 768595499 210042698 294076712
830751489 795198613 7620239 78693301
447814111 207960789 666267193 755596456
289204507 417266072 583516625 604896706
913670984 508334344 198344466 203106562
189684665 199534229 597557437 691140355
711637128 88541113 457527092 530169130
673109031 933281211 129462909 159327889
493888763 361030309 997386119 1000000000
956137058 617276018 812130790 828177809
57475493 619037225 983276217 1000000000
381315172 440036858 21986318 33637928
258390504 495314436 913530491 1000000000
37670439 416585259 152936331 202523169
842438418 989037688 1072791 100758719
21373955 416784878 972530661 1000000000
446444513 502922197 154653100 200258297
635754831 827517667 244471255 339431677
501625362 458038610 550664420 607873219
199751569 116004144 872700797 901073445
45284260 807144831 186747509 235982171
704714552 90626333 286097086 309472321
52540419 169271898 504391535 570409490
159004471 287543668 850815615 870736073
217692754 385211822 949382656 1000000000
56992721 706519078 403775742 421410975
681541647 187342594 848838289 937742779
727073949 242898477 876096990 918734628
14336754 858047164 224131907 278999535
654743316 349111565 46612253 117683080
762738543 434367695 472304151 484026705
299069003 318913381 73818823 74844519
156087615 221281675 200621202 288104853
918500974 256583000 973227205 1000000000
553483030 740275153 497274795 574797837
250629637 877161743 761864003 774128018
395438900 592255294 98850674 158106063
943698301 301489274 286739078 299413622
255631686 184290814 495368378 582239120
327159563 687572495 719039790 799581760
948005306 677440107 306467746 345342543
75809789 555060796 605904158 642896347
739610587 20606880 555690908 612231563
255906934 111353035 340951747 358349170
78512578 556637821 412825830 429764359
627821568 345987942 663047629 667602121
514034742 5296227 318999753 384457030
570642190 467950464 546319749 582520552
954222002 974909121 316786825 337734536
962872856 179604219 893749038 915747744
384283168 566095781 609417386 636800239
93695378 96801911 160825534 255203200
289385045 572031478 205000691 249976070
933738534 91539939 96687366 149070368
199441344 629730545 618980404 698075002
472156908 719208720 212281098 279794042
556120569 703753702 108467819 180630339
818881209 32017182 344829863 379951171
587187295 397680492 760156425 835755510
553508808 81015609 510741606 595268373
842124279 731232113 885144813 888442025
429089954 673001150 891961862 924200801
488918728 25871326 849549320 943246606
114330826 113532336 555637048 573831905
663007699 698339008 159573101 188665924
741886610 125801779 90956305 167171182
142531616 191738876 999696172 1000000000
64545664 767850630 884735078 898330133
137097365 895287799 342438068 390512457
350965243 492075837 296909083 347584266
82680157 491345414 581772828 629338176
326486448 624926224 241041385 286316344
442532245 105477330 605208788 678772095
952693948 852812885 304894012 331838454
643594722 621762279 767541046 851688055
68565109 794242184 92559517 183361146
893956521 917308568 719475072 754811036
447301625 946287390 118072881 138945928
790759771 331313684 533775535 616101203
354641895 746889504 917859704 997262917
821011420 426370015 387435117 460241533
441711756 557919254 97796905 130718582
693471398 249881642 848101603 883636802
346822289 263136027 11066514 40100477
602069284 426309838 392523886 406476378
28515887 558409489 660391664 692417115
303492066 609447843 433581359 516560417
79825898 527081132 854777087 949977261
479636979 652724882 415812723 426364124
827167873 364178074 928467349 972051602
929235363 973121618 965420332 995714498
452293794 918118485 68043405 160529849
604429401 932068781 575295194 583881194
533458580 547111576 938890513 1000000000
484735790 280212233 443351793 458811036
609756687 531281594 763750005 768912337
904225153 110828757 60662799 70537391
415035386 873709966 637195600 706243400
594872256 268862145 657905748 662250809
260305724 10292414 83586866 107351285
355524789 955456204 128842213 203128957
423627071 490738193 282361318 364478267
872451282 810772313 188710696 206081958
456477056 635213331 174835329 232199347
779654139 989232178 184407042 234415338
262571768 425439072 10079228 38158667
63340298 442892698 307063272 360171148
497987750 818056052 683092704 715956525
121041933 526225004 854052167 894315030
666810412 267897834 327747970 338076569
132839587 875943251 83159648 93283640
84471654 359983332 193725462 256068749
344161734 269484463 982729223 1000000000
865017336 12927060 535207790 602360527
871213752 519443361 447707229 545963636
866646702 293487226 283893122 318865977
585400738 939112973 649461655 703132246
308784960 175439630 157686461 237899497
905104993 590433357 214925793 267513350
255143908 686291540 875658949 899784384
306050688 985190456 923419928 952363232
600322060 384725434 678543724 715698564
589626855 495412871 923254230 1000000000
221460738 134909796 275513261 291412049
531603718 204782548 841591729 899706055
884902798 909878014 19965581 71745734
956444625 575988364 670296326 687397741
147027034 688564214 207588664 271025583
465791909 664788685 900777270 957625488
701740606 256342257 217735609 313512578
485946362 712164410 22132631 90862806
55027224 354421189 669580583 693353558
543874709 802651700 761534215 768163345
197856003 85143752 676966755 694502116
492616501 948414627 206926346 280141929
120601388 906459437 737957652 795998354
452814130 988261197 560212203 609428707
279454400 511175941 593457747 604390469
919050100 420757607 119951433 151598297
122829683 469213623 664230815 742612746
749030365 759754518 361710864 364987392
287261632 877397001 817722096 897545256
357453735 627218580 447762641 514113322
180136110 27201454 945898209 1000000000
207313775 232852833 905564436 914834098
261982834 553436394 940369257 1000000000
19749297 953851086 224262577 273238577
642530845 407170305 43024942 109273607
790051779 654752929 135951069 161342470
271873930 202638091 911133342 983444672
480746583 738920724 899543877 915771046
191104324 200008402 698101148 785091777
610426419 977115446 197061533 253369334
842046269 165811127 510574643 515415976
191492367 955011772 273480239 360139737
983723139 151878718 130411853 214734723
455147979 787603607 208994510 225989882
194174349 312104688 399340349 488308479
128665816 286615227 104583795 197712163
561500160 155343833 867117007 875470370
480176764 235392988 237836682 309887430
672102873 316199899 102903709 189817009
669196932 463313857 724358363 810058199
58242130 39917196 745085316 827900175
355741138 362752244 544357766 561760304
995427846 397511512 992448433 1000000000
597152996 829309629 236457394 313230067
456979459 610061588 246437190 305204981
15546333 861353742 279192530 332955111
224292501 530547063 795555068 885856620
105612000 240015186 254499783 309496369
98585739 89582095 216801791 294347427
943155329 861866032 205405805 226681189
719546984 454814988 401963430 423470361
300110520 109779808 471368023 492293554
98750818 379697475 191876455 232813864
323367188 358750273 58329136 83432092
838799161 105341392 981944053 1000000000
826590279 637966824 102738913 164264680
276401842 591689272 305450987 306838809
926722203 709133181 200298461 220972484
454455948 18550472 860046210 865913210
768840800 641921504 847888954 901061316
661844256 631060489 462581845 548748715
938002742 845425759 221967972 314493700
483913726 613544733 949313953 988560691
620823361 809797072 721253047 745141712
108290567 736110919 335122502 431887591
451887751 850479829 327698874 394040639
209246815 864523630 734994504 787025374
986978933 391899626 430942668 433546815
773583401 166856806 365260310 459918825
277755812 832978394 876788998 940705269
657112463 982889254 424284282 469400914
274990143 514687770 261273648 311865541
863534904 675770514 813979910 898042967
305266475 684227582 767992764 846849495
453716035 996024216 603622854 606531261
739249739 561043878 847469506 883725063
631324417 399913006 225677506 270086068
114871294 402140236 666076677 708280686
507902980 597043465 454557096 509849611
293841371 579756242 66955836 98853685
559009110 709585277 991898079 1000000000
122699126 744399534 859847882 955452661
513384531 689015920 200155438 240111129
382829316 708351559 504657677 601016055
82386210 749233039 845219369 925070495
2703834 501156527 235317324 281329522
426315648 715640590 714253589 733512609
991423162 457650490 694573357 710633465
476167921 563229297 570562063 632555490
616517123 915749509 291878242 326253172
215928467 291410613 478440304 543976866
595929680 892186493 985283542 990724492
36411782 763643383 154378782 219192483
5133795 706726282 488715266 568076837
203362914 257413706 674848008 759978190
181312153 986643415 469820904 512246489
858096435 709400351 918712554 979689815
821816655 173572665 854959345 950408952
53383777 475161838 525370404 539954879
30148148 721146799 906801538 954281808
465717253 531213929 341796446 417007623
555241990 269012135 591695844 639797082
564552982 219059356 256562377 307850395
877559117 667173917 949512844 963620743
917344664 131275584 114086542 123497645
755790861 167425476 739514248 815099040
42716579 638737540 339728845 395770451
281423113 409359398 142377456 201688395
357220873 705729734 392470871 431084955
342692075 288186011 56523766 126582163
376401100 793076240 402525320 442831813
599985028 346565015 243107263 315996606
527357400 855792476 997954177 1000000000
447410441 850807068 520404186 571809442
574092484 353142355 510594022 579365711
863390543 447012296 319800536 406933449
147266459 227949006 614853028 642990852
752151498 173685664 506494838 536564369
778350802 366004967 379513074 432839861
44396716 848876456 845716987 875492007
507239311 846798754 314844897 353272895
825480322 517663530 797432512 874917403
656982 202361554 83221633 90230594
4245611 758123927 654287517 694667350
419491532 676648413 586834728 588948961
959368017 242295150 509823542 560355110
688667699 9187865 864563644 878689572
601349878 832905571 975701078 1000000000
926844530 988882645 49936091 118705710
43931407 475822378 909260715 986776176
841891148 148916286 957097412 977374320
107319347 428429433 179058972 217214247
938621315 71206578 480935277 557495475
352782996 184870971 526208886 620091223
375370201 588909024 993009767 994358302
37718851 450845798 72261906 133133869
476941537 227077064 56978916 83902771
670378882 396230087 197792431 251388764
70228699 679337490 275483752 355415964
788578871 433696723 837292253 860213242
111409712 135444230 216242074 263198953
262910639 831181180 477898609 510638863
363843908 85143239 196521384 259754108
870330992 616147742 649722519 662485856
928838628 271506268 902306812 960030628
277535820 191450363 948313251 955347395
891755573 19168178 198536470 283585286
276795064 463043333 781340995 868914968
269033447 322833957 453312128 500868261
326935717 237571543 273214098 331300684
965694353 738119132 435335415 462788536
970070142 363618541 247374329 263699742
326785321 190560745 724668038 797720025
61950867 700455395 855565402 941391400
148686013 657686422 895831441 976986930
828130447 688999274 792576770 838684342
175491498 404875872 81238144 157306833
922392627 215621857 285346748 293549447
90477620 725938438 116729399 138854494
327029568 392656903 659706483 678335988
184548211 647446554 459305653 526682692
30058802 867230646 414297112 451581804
591817781 905003787 717500219 793541367
76048380 576044195 664870040 717781312
288716417 453952063 479504055 506475519
911953129 527092811 746550777 808459374
983139213 371532615 882378155 888315630
920824636 595830652 455429873 463860276
46308856 340145786 270796848 279441963
872084063 499853314 594632397 665074096
643298554 247994708 814141109 815321784
892640477 233975197 805947085 891511196
483256725 788870706 397162771 422763816
207016296 914476082 230851698 267930548
547738054 751162986 864888102 924255453
920237653 878629624 877344662 883954764
86901397 62296506 471364422 513616573
939452666 278192353 612392201 677108203
600573208 601474892 136073813 203706490
634950467 205491303 516100934 588910066
322839193 817144284 585886705 677201909
933921901 932268157 418804762 498765587
360631738 721904548 498107843 565337781
478212692 529475368 456659368 471228126
910555764 391592061 549612739 608443507
557637978 359612922 143597193 228327258
239613774 876093738 987255923 1000000000
136898108 944440493 331565372 412924127
582825970 866076141 3867097 67814648
817066234 285316174 791122201 863833488
99626399 617326966 360988935 424662870
856382974 30877381 255701174 262043730
68758869 583333850 557981634 588437426
818519762 448269516 453532376 526545214
244889260 260918510 328090782 427085693
516013804 883547388 890864179 942051673
135698780 197797319 550338152 600879494
314484944 820506546 725821507 781527025
384559869 224266526 579643216 638704927
337624216 380433235 311435465 372555750
381021366 258675432 25412408 70373776
699242681 837036668 359719955 370631050
761305421 137619529 436552367 493920027
77514686 854782945 33153756 121306662
659426477 501983173 838450016 872910229
872141235 200940234 846207063 930524027
176848585 8024594 582466065 671246609
110763928 708940170 404549406 446334283
624171879 895103137 407002446 485227833
830816679 136908277 609605861 682174978
745683448 542184941 847156442 945995156
433661706 560382255 677269692 748651264
203103778 480853735 30700037 110847709
36435474 92379151 983826682 1000000000
579040482 763433509 967262415 1000000000
724036977 577023278 322285820 386732632
921112295 72708795 436495068 476457721
564902052 618941332 144059617 148082075
102318393 557438039 481535852 556970923
569071690 872983315 510423445 573773630
32513896 224720338 682162608 711957719
323170468 612623664 526583029 532045345
226974750 590688574 396209949 474839607
982905161 23145116 461676077 547868993
222002427 915117663 310254581 406858518
514819442 336339533 86800292 183554231
220437217 389620917 947035003 986803165
459186436 540242476 456443808 546764375
803258398 998150006 755207272 798598518
955375999 277520017 86607179 129383512
568897426 576371962 100270026 146925429
150178692 655952252 76167172 168169721
354692152 224932293 595929836 610255134
110248518 142661796 152672780 240950282
159933224 835010517 241730970 293170239
363074963 463170858 159415382 212547304
195902655 384228961 688569239 720134396
140030564 668500515 296017218 363468306
285738926 369192288 698250868 712549528
927083463 142791096 523375211 582761355
638123063 390971310 359990371 433406551
314750144 730330866 571758046 571760749
511945143 204022722 211656920 282076053
249469096 542209479 98128578 157919331
571485971 135367762 951460900 956710366
716950940 55592030 456493074 462065843
88687076 122399434 492702810 513061800
181781022 561888916 771461918 786218113
288700808 144143194 708526730 712962731
535602675 246892315 731531251 815499224
409390851 966403968 870005631 877836954
694377685 976376247 61216505 155974167
26184534 129456760 632979273 687160109
263326237 845055836 171779646 203527310
532082359 132504546 9125766 99416707
899736609 805563972 814919871 833539677
213462292 22507783 874413338 957538695
762110436 100380403 710068836 742754000
355357241 935877098 690669145 717603808
544062460 571237494 253614177 277908586
613468985 304484921 123121333 189715712
181267040 348172536 812785479 846878388
203305251 659345990 324480335 336569029
22242658 443125819 520084127 582649009
638103996 525673825 185793205 281006205
522056075 281181093 688299273 708801496
371988359 92637979 166865184 177318612
33001022 312404227 521555652 561679566
477637514 414333658 312675022 359754974
890225324 291804627 817873847 827411598
177895555 143619907 49568057 132700586
68318703 84990542 10905401 106425422
632778658 955962279 989338802 1000000000
717386644 735622301 514289604 587852751
139047665 423808360 23391075 105179829
819977104 293974858 478352559 504303069
302148464 458752148 792059457 859444767
49428267 32821190 779111699 815303114
387327799 518829750 384516176 468815442
437290075 152283504 767474223 815685767
60248214 354695579 686742917 706134664
501539957 934572041 827198779 836418736
103822185 315734352 138226168 148590516
884923081 628339076 933290654 957022790
547125436 473019756 877832739 898424240
57426224 442472034 12287251 38769483
245741358 961761544 574969296 630268758
919159092 261719228 901608107 955190673
45575583 60576242 70958401 114888263
797464208 485694287 265714537 343004593
82496720 101400101 90375667 145968023
431720803 55545619 150973133 190051655
693983003 386947694 581331697 614201069
536054725 509016096 659100478 665770993
452123779 330914234 417134353 490646869
859723811 868890893 543841521 613761417
590298134 447058333 823862541 882617161
783439484 941456992 817719658 883943566
718775220 439854649 373785624 393824539
86226627 587045295 58933184 59980735
885754154 467348290 671696216 769509145
142133354 748857337 683695017 726559792
953819338 920017270 126974521 167086850
613672527 171660487 871556384 910721040
894900235 520122735 35330277 72107406
616398814 175591864 423653117 510045583
126646812 674589093 456694581 457246610
716220035 648848327 997741784 1000000000
58433835 301603161 276136879 340314346
363963164 212315943 477336502 515702033
845535070 90775844 586825535 678241200
256006544 838294316 505204800 596430545
819398862 339191733 843052644 858663246
229122156 760729954 499460735 524794415
305878551 102161436 121710905 122503025
352388754 593004461 75669256 165582801
919687557 28636109 424311102 504858938
850420361 339668193 335603238 338711320
155218361 229315577 877110625 906996515
553433218 289260438 320959395 337988661
254053003 209216533 731123182 742256149
771241354 380660544 738106514 748323608
156499732 458983775 289401429 312296957
895021741 207031853 604711465 664897230
385817643 400730212 410861397 469260053
181866571 707960570 163757380 170673423
156500630 392475324 698618202 754506737
723367804 215290224 870218900 900871855
853868464 608249208 710229811 719070081
184723007 982455395 98411232 128923577
980343257 218933005 204145773 224519498
873019754 978647240 206257589 207044677
863251093 318200837 418407613 516458981
614883920 25647886 261407873 303034096
744412111 105601790 430451494 520994999
909240992 669880592 762693613 776011549
533807933 552037724 531700613 547403226
584930653 686326614 916484762 984086643
439033885 818250298 900830358 927966949
468916196 498325767 434558691 475211137
562509753 821704337 795948325 868630223
131825132 384820386 61093362 134946969
249024259 854405572 678406794 700255287
874357939 171313595 826116614 915123832
585834303 750552016 345493474 394061230
22294117 358540854 672796390 712265412
561319164 65879773 976466511 1000000000
422304369 763611032 810760754 847287922
331509811 12518163 317216258 390668208
682966328 990737690 501984802 582053814
449732982 303558324 601909766 612574519
322659076 68288567 338476718 376887576
415950494 784245377 281016344 309273211
999651564 897401416 161258558 225953107
191539284 499569144 43525955 121664933
438622107 70070494 880486867 958959492
880736615 728724312 613670368 666869873
949116186 460140249 844274437 897136293
138634733 217414514 587692320 642829003
245090676 971442701 819601268 856421182
366363415 442643279 826796015 845048807
190002529 649024796 183911816 276055883
89171317 80137426 18159469 84122567
117065418 905190467 759818720 771967002
439953969 255232577 232283199 323386194
426331964 320223008 137852274 204520866
373106675 314003319 736389301 790921485
758520519 652842519 461493615 516435443
98416679 466848569 58966760 129704738
828768979 533528860 35591565 38720418
121542718 332759281 392288599 424264434
707201650 780101481 899048329 937149636
482231060 720890076 632435921 685260968
949636285 965646733 541822809 579660148
688254485 440387481 411581838 438298800
473129495 744253247 88635568 139639683
327491336 495806696 843241720 877045632
102367438 734603243 160646194 164821328
448201027 104804419 153362632 245095175
688031880 35865566 218198324 285032341
260451936 207205341 165711459 238277865
250124562 43018465 589911149 640648961
211406591 888740745 615954300 705526841
182488624 763473402 329325751 398248946
762052676 903806595 197107372 259526697
29990894 204212830 702565614 748207265
813013285 85234801 186995932 238049614
687299163 701961546 959386352 1000000000
144091735 287404843 719183949 773358913
923779970 213495659 639641508 714547148
611429096 311047904 683042991 726970619
450078877 118258968 858661014 877630178
208903519 920983985 300877885 367952721
709534408 420806400 910407256 917093045
73393883 267913289 887914169 969624470
10498520 959510036 970427867 981778174
947955693 327789965 578967404 597213746
168443739 300776924 697887510 735745103
794211783 600226046 379390086 404216055
450855563 595517748 294185123 311710786
33305976 929611273 623410342 694449801
507110408 614051437 666254860 765089788
137285285 884193244 6487688 77920745
787099355 694473743 200725081 298643850
559516437 54987652 581434382 591520797
792337726 905162899 161437278 183517077
434997057 437569897 34256520 54251537
936199609 424447789 389023082 406650934
150939123 355956062 195707109 293532645
293249607 500962947 634884178 706642023
124636191 232706417 755316895 836671177
350777922 909237136 214789792 304688643
910145118 3162659 669025557 731000373
651917511 451878499 191524621 199847608
963138365 106588747 507421096 562141388
139422281 457893547 87771986 117379315
724506793 995813592 948393046 987650495
65521127 12483272 844350355 941353875
734183800 351718799 906803980 976730926
437528472 916589094 20081486 77084117
416664696 451010530 297642705 349108959
529701334 893093423 2224209 43097696
516722022 203383531 442944378 469162017
291283646 308413876 885624583 886017958
701444733 676253056 527330732 616674622
753280886 657640140 211131913 272784311
992272374 597752653 482023753 580771390
261535924 656964289 132736645 147595990
227940442 479484530 365256952 405746827
325050671 752044333 138331840 161980421
873156172 490656692 871179463 962464333
5086986 600957320 92954839 155591097
785191444 388443328 751749658 796899562
775058702 180661918 488189965 537016997
770164242 934902144 300942560 331231898
740838270 110168128 608928381 673451735
514722049 897591329 158690282 176947735
922057885 918304878 619578245 650410343
468048095 594493027 691419767 778707190
573118212 399061126 806668418 838461588
616239972 789660506 257628563 341861222
32552929 358178107 647177360 704491056
542881911 734689470 625571267 715825324
203656910 461537294 266854358 283198557
653370984 670806726 420019950 497210218
89011032 798031414 385081595 394696364
767088425 230970569 869544149 880075153
438996100 72656519 39085362 105990877
643345669 84270351 919044661 972508307
531245167 916776431 251063824 326559032
821928813 54989163 358046812 358300208
365586828 28635986 716862032 782331865
10460829 985895944 572406036 592580676
562756842 175487165 29887903 73345825
759660875 704823453 835298446 872874869
10511146 831273321 414692248 495174143
645189709 925844323 527260237 547743459
73284726 921217451 273591507 348752011
958129837 135888580 966756983 1000000000
982513303 581159776 413383597 472076765
849531221 759928095 876265340 924238560
758774864 502875003 423769863 428225151
251711209 244234312 781199876 848901415
612561714 261555471 455165977 481247796
935352362 619173738 684050942 730334452
933507226 845767469 910480957 1000000000
777309259 95390660 669654354 675802146
707687707 946064546 229212018 289534143
420443747 829367012 635855208 728939821
124337285 800738956 744895825 746169234
429526933 186973172 397456765 468145848
343277390 199622770 58972729 69175879
514677388 759408879 292625360 315633928
765571453 135951263 705637903 719523041
305952475 865550322 719668584 746747044
113132390 631070404 541520818 627943079
529394169 776202601 525142256 603203667
443876916 899602981 548118757 593565921
756565033 672652914 2727363 49169031
92343561 914277662 998877252 1000000000
990650114 268098156 991897936 1000000000
79051999 879076899 387696898 390206613
583797604 658294202 470347079 491845159
211118996 592764809 984904220 1000000000
213746644 729863875 611845292 617329483
253545521 321677102 405567112 425793230
620621989 955866718 629952414 713401356
698442836 330145908 777931775 831111097
572787207 736397244 439522387 515374876
188387161 519614510 720013935 792262335
843810316 963603829 525324484 598491707
117235907 562130888 720575541 815525485
650721944 3286671 746616555 786126605
260323964 565806187 272134578 320893160
850164389 402572104 301787948 306347456
382817837 933111257 409265673 509042636
179329449 944301001 884528719 924249555
429403113 892821803 653540896 705484439
917581219 699175252 492760578 553952988
283657827 113326570 617323750 633854583
307995875 691897936 279029670 285893891
306038806 566181717 855974517 905253259
407683064 44954386 780927971 863013662
629914011 452535699 611321387 687109536
498126259 496471991 473389491 536690284
448192126 330074 517083069 594453492
619050221 7306713 556583843 615608811
896437794 762312360 244063606 318887406
336420553 370025846 424791836 516432139
41480207 581542429 869252130 892227251
969143109 605892231 52374419 125551653
401598319 199531109 828884195 921665138
320215458 389732063 381038302 436480650
725036013 114318991 595159823 659669880
166260472 595635161 299695713 360227875
294338390 98861236 243978139 319796507
255024634 151564060 299741609 344044904
48501611 230423661 155730565 226643001
557810349 904678596 700532356 757769139
877256137 591673506 132723733 162912155
841545698 176023750 582362360 623771988
571993109 718667298 449698396 453541253
150500486 794931771 154526486 220002104
279948834 974599632 679569953 734072229
895241615 338892672 550854518 579463964
95762637 136362155 317880677 325329698
604325926 276900485 522680503 619466809
193293803 559346475 292730707 374203912
389552678 179985864 63782719 162143923
831979682 713108959 926940444 960716450
888478282 829443368 990717691 1000000000
148149467 762438056 213865169 310971020
812488812 359738982 327110300 335404180
975196451 261113677 863963350 934235670
595743290 90622780 463385998 552420475
366688408 945050832 595345798 602786631
128036639 6519867 743018454 801159745
32400455 575936106 211396220 308655647
406043579 22570911 283015886 301584942
76094919 804202012 556166772 647479447
345236487 716253042 626649929 675597458
664995487 227014374 819416657 908295880
91510521 433794975 779228869 841501133
558812138 132165138 123372489 123444228
416106764 375317503 377256922 426493076
916456704 726878962 393506222 463998970
594557886 707376369 758847733 783815363
596109616 165700193 252596162 282631427
867281002 20788518 509106890 551523697
193658792 141659630 274185690 293290077
847131128 737126719 366261807 368294733
615174643 581891725 697275398 712363743
158717830 950667364 621756492 635640997
229999077 145406126 809220145 844432511
771738813 727696197 276748005 290537933
188965690 597293886 815019036 823607067
311075200 412458691 433805625 479636392
346848221 851615846 877992870 962970335
210187516 440903247 616050199 667144122
275117879 210225247 338311018 397397040
236513723 919439631 920733084 981930414
632610136 214967998 995656726 1000000000
26723517 785193646 583875229 641524891
745307973 640957876 686453031 785569492
865275602 170348131 847157509 908871229
502046422 360110835 332842975 344650438
405646312 446184005 302994635 375423934
227186016 117383051 508123941 536336887
816393901 132403054 903613854 937374934
388705695 624881065 267493505 288772204
997265558 463803967 911703996 986207685
633652423 518601868 418330707 486320942
861143205 523778195 760858737 777299934
14899213 865600185 531957628 587573095
992068745 918498011 990564974 1000000000
295224445 238451374 370675637 440178330
879086178 261710291 235555604 298307073
365314585 149008719 882315495 977161292
32009853 963355248 468135125 559494659
418146405 635130804 929911877 984462464
571056127 632523062 71535825 101877642
831296832 811627525 191068304 196656294
95248047 465221558 587998811 637824694
675366899 79421630 120681343 193330835
507420022 811713056 176913312 239633687
604309034 875458677 22501159 110644571
463063935 445337775 186885206 284189134
696920670 380561238 917735077 953952083
431609957 882665645 878167412 920633051
638744027 960330349 165626559 250562986
908753356 826709991 938246602 1000000000
78162906 889158857 906788895 967839821
960124031 236613986 725660746 772701161
797255826 339651698 474803636 495485350
122454387 936609183 381555668 459948457
620995181 127812750 586638159 665974832
394684410 674304739 640569375 661262172
18449183 33709817 309720067 404241217
999469930 690759042 952326415 1000000000
69767026 50288151 3564229 25090082
797472449 294127207 694552405 698155337
903885758 794163913 782828799 787062860
173794852 685062738 318880556 388592998
112793253 862609673 420591649 437438197
60781357 814595197 536447733 554529919
406270497 544291367 150725483 247858457
575303320 451157712 108410528 118362677
809057514 490136850 660484675 690114864
641494868 44671649 44891833 57004577
316693495 226763856 875415079 888452109
507310947 443371206 313140649 390124214
416000710 139846940 387145959 427454610
279324285 477640884 175250745 202066079
515933227 916893238 36052493 75526651
729673128 804049038 387860638 419903729
852623716 622819582 474021638 495849992
947112286 391262201 687744086 784725720
854481046 773956335 134168939 142193260
33085855 129729624 927697039 950746502
906252519 583961391 462056402 513334255
730695841 453295700 23990973 60586378
236847539 651595976 30673915 127970062
930442025 940179196 116411609 187672687
480422054 358930042 59506997 115924745
225411018 961380215 911657035 997987413
145940444 270214132 836629586 893073229
405485101 627065940 907355774 970701614
402087967 134502718 551390646 642161511
799563829 866320415 735396491 798482928
538929937 578951194 699950701 703508688
49028253 683598266 62292562 154250508
376414675 547510711 606000744 658685076
90143257 658127989 810542048 868476395
972737239 160390249 566007358 650512184
169616830 18441838 815409299 902435620
564230415 786969178 940304961 998075363
640724268 289750458 743885240 830214288
978820208 405535006 382444344 421883665
972473291 844028287 145282664 181973468
543987788 979764305 443311869 514459106
357675408 665248882 433791955 511511673
775237925 968341592 833127574 882207680
883579348 947117212 150406141 250069240
992522683 865407929 155328658 226846403
65118873 795241027 579340481 663948157
724803981 478152660 623428241 698244149
170373746 968577371 461077316 522214594
263902665 191404172 397918193 497215937
751382523 339149583 871346138 957391535
449307426 939451927 427004858 462960579
947259486 458797851 116030373 162547886
172302456 874525253 531814995 583872419
762384338 461118605 307043503 403554735
370608404 83774781 107136285 168334330
149012061 295280426 998171471 1000000000
876750130 742883171 300640505 322340984
726526551 185279392 129422952 172101923
544323397 649264628 219191857 273865896
100558347 195832896 470516237 536937803
567468321 417076946 215869193 277465357
331014872 303478618 144130316 197524316
641949608 907121730 451660694 486565409
260881661 583185764 805307495 842804150
696902893 53933354 774080038 781104010
181973389 471592024 558235485 592002852
866219273 933027454 197640002 210944689
167867612 363258097 400220539 423250981
580834266 835299635 969578179 1000000000
684747053 600308357 27549399 120626682
894558624 752442113 610670752 614307371
254258916 353007539 101935100 147827678
75498074 932643298 42253732 57730755
140388430 579544995 246839431 338727433
376290559 214288158 921640775 994597379
221848575 454133686 711397830 757988431
537731536 386540280 624869333 642254145
699558330 2065466 162086984 233893409
306687385 56088495 525327327 594868984
945849863 885545035 38514657 88094276
476103985 258186723 833984397 903015955
874332428 180613173 393870333 430256892
539011086 311429715 614303732 698010190
507546327 713110799 489287763 494145319
665888596 208495694 558588778 608041625
260666575 297193887 86382190 146249554
442483909 106089102 26056029 67615302
702306621 457938089 930407885 948257201
773200135 414188599 558639526 647427428
790621710 472489004 23156839 101118907
653458462 95587402 347890247 440071903
228200063 446783561 86644449 139133476
78268515 951996611 672694485 731512569
503233102 220631047 936335411 1000000000
968630013 534196376 6005585 35414833
291363780 835698267 584785920 618343403
213610240 747560507 169579226 213806957
784787178 960973799 29471580 88035222
710671307 938308154 197693676 214022354
247809793 486206489 620895605 652074647
241127195 803191352 104863910 185903253
353687587 882587387 282265020 307866998
156326501 609745100 391825503 431209468
737523474 347136551 917250757 982855499
54040545 56014432 446284862 489464977
136261002 714375176 323679613 405012825
743061222 474370000 264806591 265955372
107742564 475716743 949939300 1000000000
50331651 385828084 287295563 333099714
580381374 2856889 312970567 409366707
73125750 7999729 216917342 278634845
307912447 508426958 247896779 338862181
406680978 883327364 374268927 469650537
413062410 248886453 668503281 688254771
257880784 441638181 620291263 644963828
897880574 709207092 960511859 994112835
855900319 14280203 655174712 708007321
415089686 456257494 272719302 321697864
262663473 895884037 507379347 570421664
156842483 3706721 136032351 192826122
878804942 585575862 593665192 622719984
600419301 869439994 499146406 503558525
331377836 859109227 7281217 84958582
358230064 924209981 91290664 173102580
120301369 556154742 601442596 631764595
103254606 370524225 724798833 772919626
311178767 685621621 982006205 1000000000
208464163 28099488 401026440 460680303
36378830 466893815 316066114 363517348
268592140 963228490 825357155 889544353
284327723 880915507 64589888 92699810
389642095 159409602 265682968 291686154
197105584 705186969 575630155 672235183
914368219 306121173 302376632 384419229
420322167 867843675 564499655 587144988
190962218 188296688 247795243 272835301
842065835 131822407 763161275 773140887
498294443 817892448 251346289 294850135
21215977 2968644 785499554 813142619
804603903 924976954 440142787 447258249
791864259 136584116 424275386 461517907
79013547 270948748 5029664 58790352
661303228 751114641 902020100 988000218
933634884 317777269 494364877 505994317
568157806 224577252 908666403 978413718
549914562 968236309 134091028 135840251
930537768 978894504 791173235 836296030
703684145 39098437 566887047 571894007
979196830 553251431 902615550 914516080
809556938 388706788 368879776 399836714
391886924 676762226 885773352 907496554
728404976 21457054 744531400 786221621
892327347 119314888 408251400 434953257
754733502 461803594 748205959 777502714
525265558 50993548 646870905 690876073
804275147 573947167 798534897 832982951
225531161 809243304 751833816 842375196
338035445 529298326 275071698 279569611
920670573 513657040 864945543 957650698
280874990 639840980 542890205 565201051
805812669 188685094 256103144 321916324
25416335 333842558 130158724 218572911
367062386 150601980 188311067 281741964
67531836 415705633 496032684 501465040
718570240 165099386 302030611 392109799
570403210 54087013 912572590 984686704
861807795 900918590 728252319 810801784
514616644 340785330 335152246 353486512
988847955 140871770 296428764 314957783
551079781 50667370 687067215 736179209
849114760 187714888 406798117 469077618
138346748 695623653 712043749 712509834
727125096 873102832 916311060 997084598
207269462 752587214 44027819 129460227
315838424 172019174 748674781 801489040
575802399 603292605 92341937 116391981
773598811 713585227 555770004 597777512
208204032 135312213 600671381 677214893
157418026 506300828 158431639 214439820
280877833 834982525 391514407 453772472
104889329 32546919 250496315 336910185
63551258 860609127 526545295 527257236
50398258 216018179 792574020 887607123
555726677 163618515 927198140 935865958
265066741 851600396 790981942 804593244
735442520 530410489 67559599 69975222
39466232 498281794 452312957 540601061
159410394 493712395 825031438 885685913
80819031 164550012 815057045 903250257
526939806 113833251 684647405 692152876
490546967 263130112 663043789 730826021
570026926 833792604 130723336 131787131
514138826 866348632 165071880 185822296
717231987 499076521 176777285 195408898
387562588 538198253 418912082 459121158
261527335 762749485 545257493 553941161
44472024 838168104 459562499 496229891
497852996 98755691 853847278 923889456
979842230 598620638 611917823 674937746
496112424 764600884 368831557 380184138
928878924 279757794 171134547 270118552
246536907 476225093 806773540 893584126
266622859 785337805 540986929 613614196
116571803 904768307 272001545 302590150
965064263 315815086 27607716 64123202
767613029 334741860 757630224 808962346
760491195 240449273 840221690 918582995
351241179 662802785 185160031 232983371
562443701 280055053 748003517 813696689
600512275 69748889 72033134 113621006
370446874 557302391 11312232 16268042
412319700 617522324 930466404 1000000000
86011889 676727871 566357893 607362504
190111795 682004528 331913933 406051327
774991128 620551436 739320985 829909767
305398847 583357284 493631176 507608105
172559149 759347709 140608904 195915276
336593504 423272973 450795530 474869579
98609981 609419844 395357613 412201660
116139319 490888914 429629689 433946868
33481871 527843210 350738581 355644703
360496306 188273829 666492165 718386524
752118314 790086780 116446447 131966749
968928820 931784486 774334224 828012672
874288796 848805581 960566140 1000000000
944819265 108406214 207980892 247526529
317295571 846373163 321020654 359520043
510913522 538977972 46845012 108313179
596471071 134164646 995214976 1000000000
327547263 452844926 361642555 369462558
383625578 415348755 514948576 589740514
815520980 473623863 189631980 197078897
453945010 315700167 651922922 734599043
85793281 407956754 873425983 915901046
910988617 364751813 383118449 388057288
750160669 377440457 532339785 588433589
71180778 559699182 449501254 450384266
395968014 164689726 113122411 183102862
369840085 165948320 284008936 347158479
437852086 519816048 621059348 716653449
427114724 246114617 318675193 407385134
884162608 54110640 305976617 372714841
155548876 822853412 490803493 496558537
437344192 919549568 881554488 956195344
262980152 406201844 266058918 337983043
564798113 990631856 306160466 351413867
587017017 518140768 953900687 1000000000
269535024 507994012 629079153 687916474
857238674 206835287 13711000 54636373
64923314 613902921 801590484 803910818
23304404 177500504 410829776 457566089
20861706 831157708 979126419 1000000000
896971510 744273470 913301795 961492004
835106241 938510187 825524921 853115979
975696822 754064770 252903884 261582108
238463830 352537841 108098083 133327227
541335465 809334019 48146849 84444325
418486329 252346737 763080061 854707546
314155557 533803729 399957943 461070617
70802911 703753275 897520880 982791500
617081272 696427114 309369365 347016649
503686007 494345745 863665890 944333287
105548467 579542121 972991068 1000000000
913477982 986111044 20199684 110191904
864741524 521443666 342622634 400019046
88019578 830534126 241169970 320774166
635736804 964981190 910772090 920038209
721242760 417839634 324810064 378079255
98355126 847325670 599420600 688859572
756324665 691709206 380316065 399834144
701299801 758975684 969326675 994959367
690477798 97677598 95191809 169010905
562460412 525786087 724377246 814464444
861712866 617672814 88708329 160521610
838428247 486703822 802312518 835139293
342459741 765382877 41016614 119381449
645298325 895517482 661131715 721855884
826942216 122796909 449486072 521223538
142505768 883457253 951456567 977364951
49445451 676572596 19994100 109067845
238860301 716717976 902863833 983288054
257784494 748048413 121056026 140133960
641418236 559535629 856374755 903376102
177653530 552639929 960192160 983925291
126387464 116897966 549808845 596592147
339414030 814280134 610386404 640541694
78434627 880174387 406409722 444913177
156418661 429683090 916061812 937131919
769890935 28251152 86693075 181259813
651269674 231418526 561191664 579606385
261228721 807732159 238799684 318833125
153741269 989539741 955432369 1000000000
46571986 231395642 657522568 733795918
538800118 115541047 143598972 211233848
324736937 410142541 892028721 962026722
64701075 883630194 926885965 939368110
973941740 187754888 918550348 967336519
627153428 666797484 621557406 641541160
17358490 659880127 383543719 396964643
647815139 674809510 986258685 992934426
372822986 74001737 817103298 874922717
893868726 739416641 39975082 68074456
262685460 74703947 509598357 562602398
751191306 734627483 512728568 547671349
596544261 666802004 597605946 621851651
218753763 359706653 644292578 693262161
783458706 849697730 826809687 869659051
825334409 882519028 986440164 1000000000
710986651 843295038 44658191 51823673
27539864 627095169 708163182 743172850
521751322 986367832 975620766 1000000000
342097581 143583186 895049955 980875967
95075565 982966517 783984178 791437493
336364150 954136545 624721748 648242452
809895381 646290152 180250650 210604008
656739801 825154131 130926902 209362955
345683194 284956258 355191887 356173228
562453631 109361137 205151500 221019008
418776468 627889902 828650342 877450741
631339019 235472778 695413570 720533278
702428 657664093 166472194 194708117
657280781 672620112 923432836 934582549
63694509 532119638 220403996 231697962
52132192 9974198 589717742 689513142
889922326 450949361 418651027 451596943
419923761 774323062 465756920 546185026
389074841 98478781 741756068 799610094
668862317 883804916 355228109 453121103
790977292 433692227 106262481 182316603
558795926 398490647 484680123 489656910
100469041 423764147 581675420 639042854
471492733 571978531 70857117 138304366
47472501 396237689 218054885 305399317
523664540 611500338 223371291 240442030
911802719 12620025 923784597 1000000000
654019632 277313370 733593297 824852726
402483354 724054087 34574321 73485635
309715614 988702774 657072696 710860748
538419427 865981083 732614495 789270613
355113333 317001211 42864983 136458196
213125292 911668003 985574254 1000000000
517750443 334613181 347136648 407987337
487326251 132569052 15479928 103249771
225288319 541167876 280607902 313760368
12784901 85707562 901161310 966423565
560232107 800687817 911287089 941761120
736911030 128245210 530367291 545291492
174099362 101101204 674007842 695402912
180584751 413437431 766431328 860743832
996167605 525194697 281586020 318948529
673805781 395474009 286881120 358859744
176711054 437067202 985866479 1000000000
566210245 934502551 103349593 180247244
202423823 820904118 889910343 896044404
620069563 7934940 355762612 405379036
112337820 541122918 967734674 998938101
806921684 417355943 125253225 132976345
284914201 531324205 836630338 856291223
455805766 118040727 607661291 704771775
864487783 31780157 337847435 416083152
849613936 819707564 78545457 78895493
928414004 220092885 783193788 864794498
29750994 368666280 664871743 678593541
274097320 703185234 895084754 969630048
924719607 525045536 129683816 162051945
366356692 871403698 782281427 813436296
96658979 311332545 564388655 661561703
245191373 844782629 629418941 701382673
687171672 761176254 558226813 580827224
167703086 145714491 994979692 1000000000
7084747 951816228 291261601 384679262
371475121 411884415 254382460 346421973
193722713 257342065 766918602 776351585
724509749 537543777 132994719 201418981
300380014 476637422 981712107 1000000000
698671887 281723510 144695714 160331304
176949030 220062901 766892092 830769400
134780476 135147737 283366401 362066312
29926207 273337527 863434946 866137750
270570050 403621315 743311896 820461134
747469094 94345515 944593669 1000000000
994854901 558446837 997615900 1000000000
474998363 826249450 757609728 765307026
382756075 493216084 311981959 353170971
65543007 340814261 259884610 262445167
655110148 909245617 289594498 310633760
306635610 496638618 64944511 122834736
470932823 715329981 297623841 317555381
78177588 488261122 254035868 280905507
268609779 965103626 46360284 76957594
52370203 624478834 663876747 751324271
901377093 227014718 201210723 266152035
683536665 239731944 656492988 711188753
245005591 688471490 731121816 758091053
185504182 198752883 217072785 311848802
908551671 870835972 65848010 74851482
538161221 64813979 249495035 347538112
718169414 279280928 410247698 457188124
495633195 579004460 121575362 126409045
160947715 309062941 777087233 821033330
129507714 329032625 65266339 152611301
806408683 746369699 163454715 221760366
606759939 892967645 887375071 932675295
961594435 687115782 48017257 55781427
23233130 612724085 165208763 220395572
410704308 356766665 966686810 996187586
725405881 921119287 699949852 725024007
930261011 840862241 442226353 520132493
380883887 741869707 808795502 877768965
629053352 478668557 33260373 110267100
642298390 533431990 646577882 656532773
630578884 894029431 122413534 136321033
513072286 389570452 303719932 337015343
632992201 926322269 581548918 681342564
834073456 542094724 675355921 754829051
92982256 245656259 947352730 954002641
801546446 602965190 115842529 144317610
789278688 251974633 827582853 924642363
943810390 600995094 854594202 923077937
272188909 531411043 171286192 237518522
208727991 647370130 151275871 213924181
65765285 797439740 653966995 655964682
139931042 554789825 615291617 676050971
583302204 643675479 856168515 878847443
92951306 867563293 745255 18276524
529767319 670603065 66131992 82601421
19011683 851517738 57324899 143714049
466004476 800441111 94566408 98797512
696928003 241724998 196197844 220490983
860039864 167168471 493481812 585386814
243802721 907607658 853295187 865665646
948827819 92582117 799377051 801207937
592078679 61463573 894764306 898994837
71728782 686598937 2081627 73196631
737934467 734903821 868583860 918485455
271356275 470021740 494533565 554748038
545619337 152896161 916784796 956407035
10399580 106714407 824519614 907235651
747971586 544536657 795064628 862411606
577921983 83435280 827981456 849231612
790835248 472442455 269109141 312862183
44119544 346808307 976461599 1000000000
940600607 30244731 353069201 373396145
510563834 419512526 776506282 792645326
983133194 208197366 231459900 232199639
404045710 557083871 104740557 189339969
267329215 588480970 92279475 166633294
61457548 142298395 891227816 964873203
211496810 796720280 983503530 1000000000
393100777 87617144 946040028 1000000000
165968468 442331239 278644991 364139429
528494730 644205831 913734333 934505893
248701982 770308834 890804555 901656431
282084657 626005534 566199586 638002197
982822221 55761838 307369118 404874537
683678357 187235182 639489628 734838266
834456531 601188789 827891240 832563514
569274300 298611372 474300530 483129742
537545650 146060592 537995015 597522157
462256770 421160582 96576107 149491184
335041042 190513166 176737741 239701709
975876704 695188190 133063905 203828575
834847130 77006284 634644716 639079349
691591316 43835128 429387112 474151896
172919484 498476493 658843811 751531362
957427643 423333609 108927922 201277340
611982817 646574261 812210893 868944061
693929885 817810111 705086732 730262750
171098276 707036329 717320987 744696745
961472127 478927966 272633733 348834535
769198095 241654340 73317339 132507247
308984786 592955017 73642849 154921417
613178039 550364119 528797339 569793269
765968102 829066330 517705606 525854772
406651560 966624062 151579219 221983938
95950533 545519178 838248768 917119473
837874914 766941989 168929468 185196381
395057797 529430890 693505264 784289475
468608401 8245212 151524234 248323822
896859335 785210794 326942227 387811954
861157749 821459053 275712341 276204729
234294412 589557037 66481596 118374656
35599634 361916232 511860642 525958886
806447736 250708666 756967269 835487699
883679078 235202111 315038485 341176473
952161318 263337841 185254487 281541378
795520151 816534204 242066602 269692004
590209894 989118717 739601373 839338090
413172872 200996049 141886160 214946498
273831281 281043966 676354739 692002789
151634099 82874207 349766772 371833032
948938817 549108351 713840939 728053273
624118476 816043819 825541213 910720826
583674302 175288167 649794789 737436824
303823127 750521127 625531126 640882050
823093294 848585692 357382347 382107707
128794012 906188742 32684384 39159468
328010983 359404090 680005621 713709269
815184984 382858543 750892239 847781830
549373234 152509317 555862708 557692267
539781240 908047539 19141329 28045367
624434057 826212129 113209045 194475686
2398262 807086324 117003375 127850461
678786412 255099551 255515112 306788167
741304211 361543802 734759672 741842532
622591335 592395361 760722744 804018601
469259943 553837732 612413487 667551929
125051601 33837905 428619366 489977459
450359018 328679492 521134947 539984711
737324727 408907003 19933331 62069445
596035862 995183884 418848860 495423722
103771983 125878852 310941769 373575364
671281803 864527854 352797143 352914963
619161463 101267133 104530691 177030053
500725281 783855108 98550149 196644731
213538194 930492647 308768872 313238917
988226228 900956117 477046711 500016785
576582665 242627141 210225484 238405088
759757063 142721366 809842360 847968568
307445002 64168859 244996123 263209078
790399032 688394181 56571771 57245640
206756784 811277514 355111320 368392731
654591482 201554728 383135021 470496917
657687814 869522353 354221908 360266653
843327375 464303056 342078160 418477887
294167388 938524521 954843163 986750710
137102682 230047444 183005133 260602656
626034909 485885064 203848160 263254422
310530687 226430058 72801187 95675329
58871449 833294754 925373846 1000000000
854810815 899894146 671330493 770324494
298242097 818943786 262817804 285166256
404393969 417370342 58757638 120426646
668502291 381693224 322791437 363866521
486659879 169836283 716946961 816832593
371376311 909021487 456423206 512971246
276394749 711797187 391800106 411292005
269202535 898499173 221317000 295747483
576299494 155972444 651452966 663180364
28047752 365394732 555982417 607764668
770608775 653191802 745501632 801647727
783922272 124715204 151467130 186888856
50805932 24974467 961022419 1000000000
784122311 941676547 932519107 990636202
703729762 189637952 49666343 73367615
230989591 395709052 999071311 1000000000
979370396 293060343 749456009 795728776
847686293 786108260 620130819 699419395
41659304 305264152 344838892 366738036
857135883 452361979 270203038 347130022
725573245 17186207 860690116 865589712
923122582 813342671 845132474 926523868
145037023 486765824 397887629 433725432
358683804 573902871 450059565 491403955
192510762 621479378 417588094 513452558
467935381 555194731 830110991 903519074
866621081 596497476 987254117 1000000000
299346966 906732922 532979468 615054713
486638404 746951800 201121617 268021312
649627151 538894165 175718957 177212431
634189262 283682015 320401437 328117248
850581870 813196408 8697218 17465857
348703464 811316857 104726350 145142026
204287821 758522806 128289864 163751428
649492276 31143064 782973419 814180136
685933997 298320971 159155778 175604266
321737755 951320620 621734450 631542804
342415272 937017720 493522368 518518180
647853923 144717167 864765781 877167019
797835487 966968699 395670697 454513766
217617980 325589511 890618629 955550860
403743670 238735514 922810687 956503535
671705664 880831964 859910550 922319791
976115715 296757526 847062334 864456364
887535731 169674888 909917681 991246521
406345536 835306287 745808398 816081863
785733223 421461928 965284917 967320692
675996745 729889385 473826365 513657353
649287132 874564299 679137091 771894331
203804684 812947281 494208016 551791021
111640251 676234020 937662656 965204498
925534471 834071473 109243289 131800539
938704110 815249159 194100449 264196983
439344400 958845732 447784607 471239618
168070666 228921303 474077702 495332415
817473749 694941477 583549478 627460988
306389612 6885858 503149742 509450288
201486540 983448854 287439297 335268831
514496148 126873841 760650565 789718371
713519376 707306037 338095103 392977089
767156233 710212697 787450372 861891314
43903610 986062472 530813749 535884271
543829238 488835465 114696526 131249937
233417577 353084775 254522412 317242285
70750038 693857386 204051851 252970840
37716769 952623747 98561228 194149150
926648649 580898732 370574798 460278143
635127525 563220119 419329341 500512250
40325175 468335221 967756285 984067505
350078326 332726058 622128212 671541008
903010556 277725391 135604712 209267191
985203801 831003186 708065081 745224087
555921265 807968175 53253603 121951008
522770556 262343754 757575285 856137067
266137671 318077619 660755959 736810447
626719766 600978292 87914194 88684584
905711938 61242316 395815546 469240136
904973369 738397668 546387220 619620279
388489042 741809480 764351718 813804852
966559587 749047580 861716898 895945000
397853054 589512700 74456443 164314744
440970959 227516392 206159799 304094258
467013222 531117665 922646051 963100451
515538747 629670534 346199283 443925031
785707799 265918923 456919184 492859673
251856874 280781162 716128464 748148295
772229505 449261192 372929368 393385039
554180954 604920375 536509250 556448445
333383236 377899893 362420025 387399718
387519038 977457345 203154379 223225621
48214472 511089329 183141552 251731952
661698952 190507740 248847528 290542311
880898523 907800443 748366878 792476702
848430634 768112456 986037497 1000000000
218768350 260413705 211110693 213393721
629107125 818832061 273709968 358592891
801928408 722966968 345960843 376745988
305783437 668723546 289410029 321206970
834275262 645386489 750731287 796634283
3881857 714762440 815436101 853039178
735179020 422310109 875234681 889214466
252782864 727087804 812677992 869892348
802970110 900530902 245080157 251239307
802620992 298494769 759868479 819231026
361204053 556266885 601879407 615671118
885227541 965843593 869713245 961214898
136384607 54428866 295603380 302973190
89234113 770542999 774118745 816283551
475247590 306181622 676171992 717151544
941331824 748321645 707077637 733378249
47851172 405606891 212230078 258020390
884925231 725109076 186398147 266668404
42491785 581173118 451215244 481609553
619613412 374849358 96588225 122368495
720002516 855260701 517667018 607980414
694646913 564568493 55361647 102363538
442211509 58267762 77308909 153622847
286043506 160495408 760310421 810100751
256792792 563734028 253730424 315682349
231837474 525619251 616806622 641914053
664824415 923129021 631941245 635189825
365956310 260127800 752898958 809952881
7400295 769965834 23849721 64451218
743855853 71671253 610518472 639242414
332299801 926072842 734818044 816693092
739137744 249924194 935566342 1000000000
594587409 677790309 107804424 109041820
769726982 22220027 772907961 850575420
577741557 193616469 336015999 383736978
317194595 716650825 971706068 1000000000
229706169 452102092 307673685 347825912
191328449 49583985 350925194 387077225
65844712 299053200 583244841 605821003
758954348 531673155 554769394 607713277
908611543 471818538 314286653 402805021
209647999 100991842 956817952 981437270
38359438 473874431 577061158 614248029
466401718 901255205 128252509 176545039
816729345 300431922 553807871 591527660
169196773 250312597 256636244 339550721
819148541 533672329 937688921 1000000000
168491457 798340011 677186463 770343410
631988659 222517594 826182789 892716796
654318019 33617316 248561080 323800863
455805217 537403672 832182296 853054797
866331313 687169916 681536849 733940269
566196486 741357588 800468655 802511449
590175871 745156811 253058809 278059102
781885794 156162162 922834720 970745466
122037808 191808589 528382517 590361519
582536117 787325058 326177558 346785303
919151320 510243138 379675815 420994536
450529177 535102981 285590981 289873869
43634625 335067718 38662044 120150395
513614119 422697290 898486509 921047495
397299584 561618180 42105962 94660423
75968084 676686891 779758379 872638553
383758208 488528873 112548770 177445836
413170810 404043474 342537949 391681989
297862002 430485274 178272436 227090033
563790031 788278206 685302529 779962420
793493085 818825851 967327457 1000000000
665849059 774320609 786358389 864095845
456849479 398552664 882103958 913038894
935884299 168404673 665386456 716219751
39353582 151531554 16490853 96081503
252861195 215552343 571181814 581660821
28482775 760264078 288667044 320455439
271617253 411983746 80523040 168688064
192276983 722861949 234652252 307308736
17619330 794306078 442207891 474758871
947601910 546798329 300853663 328336888
866221168 948658275 269233747 273902275
98737041 328047693 796192934 828704821
518661199 811154946 722717186 762748796
408306220 368487651 882792203 957430902
18913853 875871398 986183069 1000000000
178029595 542593167 558227897 651966584
735403030 19946472 746143745 797112177
333153569 181018777 649591674 748517226
338637568 135428578 791804564 823443693
798591997 225836741 325937569 390226114
895856819 68294470 665231412 750253731
501133901 899920922 766388118 771163609
689857014 286559231 824580893 846585451
231964033 593787239 994570035 1000000000
904377591 840588426 434839998 521922359
419563315 768081098 174758012 206914355
7238361 439656637 921725674 985728450
856269903 438284666 154896326 185685383
347620801 849712554 269318675 292520195
771226344 590968156 526992696 577539358
579379758 643253925 134749954 165936600
904087186 484166692 492805514 589057353
339160532 79049820 248220703 303900073
10374780 344701389 973548772 1000000000
401638860 964107810 325011061 378622447
107305362 932878633 74164160 112579725
323516510 50739177 347113370 375936388
154220860 539971918 209764361 222826848
382278781 611132737 986383584 1000000000
182468152 639815000 929983376 939336975
448328310 612593761 773770002 774721453
229607864 131963066 290983303 312976188
849733287 834177677 340531390 343989118
357597358 851487028 395545372 477337162
655353864 415160467 191190021 289009886
397400996 794098609 481219666 517706398
801683734 213955305 985541418 1000000000
528292276 129498197 893278242 935951177
664236279 553903690 176105666 204107130
985682303 30424341 124041418 150565505
715357241 859758416 717367373 762178639
954360641 512962911 928378248 1000000000
445984994 325574529 676232929 708239175
586612037 996924007 780363957 812490891
537221390 653079276 973707203 1000000000
33036673 91297463 648116820 664773871
691186096 597348707 937184584 972746886
421781041 979459415 301047975 349753344
976686683 418879684 96678911 187822546
150328484 899197126 462922255 477803010
109622027 675365723 579043970 603795630
546103897 620725155 513244968 564242121
89651913 874596239 746190324 823390717
10081716 506895914 536746581 631437892
79366501 723379524 79715857 143391183
372262400 277772681 967069914 1000000000
63694742 165433046 611101131 652349154
581933409 234510352 27877402 51556141
131880506 671472428 634521913 727795698
487774611 37772440 697526301 781875868
755935260 384070376 268906216 337266900
577916502 409324581 891915222 940533992
624404822 357930059 120865770 216993872
225661249 644944348 520533675 581956701
2894963 488119321 292134614 345331895
923914668 318607545 550142976 630576525
45733439 529160103 893647435 897992548
787655477 177242433 65702269 129665378
197826950 813660744 616441145 670059971
408549601 206485559 310574299 406778044
750909060 17428156 353982732 382805659
218018792 233402397 659620491 676830901
532112125 391503592 883291209 968532084
717561032 246747830 528134748 555571698
18460190 980779717 73546843 172824492
632411817 944143080 807830130 830290985
340758228 146362324 857890249 863285763
483316512 287383428 288568749 318901593
652775830 570163234 264999341 288524075
931567914 794710458 462604958 557245523
219836000 911624963 451308141 523063964
678480151 302908383 724766256 780175159
669333184 134638690 372048838 383135204
299419769 935086222 89572545 186995855
383669790 817418558 104123032 124679762
828648440 269291866 818486856 840630469
932020072 113898378 92163053 93133213
150970707 680923574 991841109 1000000000
856907722 901754409 824481077 860066607
419369539 774629472 52184070 93821982
45627777 325012068 250643986 278942972
612632421 565740336 696859643 775730827
386862590 177763385 702022746 759643503
389355880 95788246 299435488 340364941
494594993 685681327 511381519 550138307
328987720 349540945 94661628 103392475
105299409 822509967 564587462 656663090
196982572 823143446 66907433 148006642
680747945 232205076 215506220 294291465
93138340 92797411 162863475 242058020
728016607 762445248 638197607 701519911
655982601 70122956 800136477 816879151
73996506 553230580 877770063 910184198
467826949 844129918 725120617 780977867
332135262 767837915 475044514 549552971
643316829 680603445 927833762 937458223
380741314 335065393 997867882 1000000000
932852552 523714870 31698797 120465247
577813375 31782855 912353855 1000000000
281902657 846114650 972921528 1000000000
516994215 391678543 263261345 318787417
378536968 322530313 927741386 1000000000
99999533 77280212 283588926 304715982
484894274 322918011 527552259 571848682
365642413 494912441 700345881 739485133
342455898 749844273 930468801 953352209
677015329 914665061 232359889 280547531
