56 210
185209950 70776058 220109015 298918052
7701543 855198851 316092127 375618691
243880856 35249672 344666587 366705504
218788182 916615899 999908900 1000000000
386642311 629009209 786660775 786831631
518763528 542856120 213786495 222738301
408104385 611151902 448804716 524796853
850148298 870878358 688381513 781013679
863877448 68315125 914802170 1000000000
484522058 242645391 703347039 722110681
316675551 542600172 334814018 406311375
857207957 841761385 508872568 513763433
334870206 27586513 91498144 151330316
866630092 935900831 166944919 238659530
442797497 801466136 480479129 506372075
94965895 417322664 915252056 990648304
40354187 240503827 113127655 126848075
797946234 135792581 946178687 962817548
516905769 281645834 872544653 952968435
223974558 613656105 836112814 885424523
547562241 264751851 500051653 563483792
747661810 429087435 867347355 901209223
434864952 289389690 798941472 855997477
554344313 203422919 142381600 241463784
884109933 157150382 238296917 320592171
308261323 811646079 289274095 295346976
369203597 743730341 452934425 549321651
503692295 963095448 250156456 322545559
617541115 50018205 222552799 260503312
563104079 337281258 887641190 897112890
924358783 356663673 81530486 144222410
139238211 909533021 905460703 969247378
35042079 534987029 929090229 1000000000
889869341 680232065 621324914 707389752
123422611 318019877 808980030 835710031
925084956 274449871 864857309 938457774
364365795 393851179 521077119 600623827
494183440 110820180 979892889 1000000000
530407346 433073784 902049227 970071401
593876966 732492173 343717318 361864024
438623513 470035602 391483343 410957573
77664209 131297361 565525373 611867206
210321717 759103460 844852724 847541775
512369215 215579035 671507761 733059797
973598601 514960899 194899774 284222621
190954352 184922215 161013101 170457629
996061633 579665909 61086800 159931978
917351134 135806941 252405496 277681862
673291135 826780423 318373076 387936481
284731928 818437665 820038560 884981240
678533172 520226993 234539479 324757145
361957634 244289919 717922887 805529811
598847879 728289309 407787713 500950851
751856687 148970962 123939935 187209684
794746351 963830180 614524518 639224035
540370543 440629279 295641374 322225490
81770198 227576557 750153179 818678026
606231059 568795147 896141281 919733389
91700625 704079281 633927532 645714656
921953169 532491389 605747849 652878704
103199217 742878959 219217385 243346324
287812550 104877248 392479782 423459955
335481199 233645722 207166784 289265575
635028141 891544343 801183649 899358261
293057789 9069837 949647998 952641830
221997552 955638866 115777792 197828926
366082243 141129070 245566419 289792159
995128176 12302554 693252633 754627955
800360760 924958960 838757127 905996739
358587563 169884410 302496956 357951744
682163524 888859251 517042973 613777047
606615903 440585482 687007100 784663916
130296291 953362273 186471920 229802479
455933913 521252744 499344658 574019735
461775240 463439531 739646655 782248794
224730336 931900982 107246813 109377162
495801589 978958383 29083270 120633244
959994809 486679709 779242311 795214369
477559146 802186194 35929966 126906652
707998876 591761593 814511974 828890663
561438916 339894919 329853269 374402249
234315746 418039054 458677861 502905561
299879220 588518762 47303414 83588338
559097197 541157606 151005181 189849168
47404148 933753441 914485143 970260355
558214261 108509809 644960810 648256182
455830714 390203697 444253239 487275512
931509400 133000755 241565603 333609754
20603909 103020547 35785762 38879085
905804363 102037253 122023365 124117334
43072003 265602528 469757590 549563184
499928319 26942355 746604436 796385775
15757565 940814932 935538737 961575568
229906092 423530582 323114173 362898901
295586306 782011328 997625894 1000000000
7163264 769402516 989663543 1000000000
379939684 638192498 622615105 653421255
465411147 828435284 510423083 596248180
988805647 915347083 700614512 734311546
882149131 682984658 257872042 310789687
96751013 34476968 939486546 1000000000
632049394 59208454 512502094 528816774
349290474 943272293 875874328 905022945
841026644 250484882 476619779 537656802
181484432 841711394 946683377 1000000000
860491641 184417476 913419584 991025218
471592871 459131422 579434644 676028254
29821876 999887487 514925550 562579199
57589318 766136133 928954484 1000000000
582737043 944252039 102909699 135481897
78645243 714587647 823437742 839181138
984453492 182444198 316332443 412176978
188537601 173579963 673185971 736437541
601904567 478851366 709388566 794073704
346810994 855694085 119666945 147073452
980303527 341568001 274747951 368240228
252640977 995270698 502745228 508574168
63090678 398660527 32717854 111272599
784869147 662691653 459134523 490616986
246557904 858894161 525321184 599092076
302631492 204750866 447503698 516013420
5916010 921262487 191545339 272864324
465395943 978910304 144709706 164488172
441924316 967970487 390231731 438815892
907483921 226643457 795251241 839749766
90983746 255210168 803326617 890655418
25034698 662543926 352276307 398174449
400731754 251877561 731067470 760484317
874133894 904287927 183153946 227734203
936045420 731835612 988837861 1000000000
672374799 4772727 65106895 139085356
884438775 466096909 66404245 140420757
72146524 290220311 23133289 43761378
279565728 612844612 566349486 570737508
133444743 762894492 71124728 127876576
693627921 910279320 356460373 382899542
923776598 531310782 759923965 851984797
929638129 763728507 491433366 560323254
354542719 843169220 280439359 328137832
634803076 522315132 378868346 394594114
542983999 280541897 607735001 617283583
276295858 418396116 691888280 702599717
981384481 684220395 771529056 849313433
617676946 51291947 84973354 112338800
343734391 58593754 986520461 1000000000
704362287 42434195 168031002 194344035
709861580 451187437 274767555 349386958
126480798 896278132 926269654 943904571
526060222 804574331 531891106 614892548
621872540 890036377 326974814 334228039
600268099 984062378 688371729 777328303
699030155 48900352 370138897 385360616
165416781 198073415 940629199 1000000000
347143332 61007679 803903504 813567857
312254240 622858884 765833668 802897620
704246598 812861875 740340532 755192392
868462728 669750919 907338989 974833053
231576765 858284385 82359098 155448564
268844119 560052072 839772009 877444857
11439773 80802520 975143146 1000000000
146288809 43268076 729234495 795541226
354733307 534599000 711378332 776358648
480160824 22324444 935191309 995182873
551980496 443995786 88637190 161975649
51674286 536499226 244747478 303426464
623897902 202185091 189056730 258152138
966565727 323230437 703102049 711327525
842599575 937064919 934438462 943802265
360621946 857997594 511451478 561140196
163447169 612320836 511785781 514780317
897590523 256705415 989823824 1000000000
338788357 68694017 414034591 454365827
690589453 357489160 15094582 61096815
460555457 413768736 13020574 18451316
194887388 976385288 396630378 495849123
281995483 563375607 395556340 468398878
773684630 565756102 84342082 113291128
842729727 621634701 541741586 636916035
744108459 194990554 364091741 391735999
833755526 235955527 958247871 1000000000
209178069 172597934 663323167 726245674
191876419 648367077 605179380 606933868
848382460 193943943 794422867 837568138
128188408 649059480 361911407 424953960
810195470 321286232 866092194 897419351
844608689 834887878 90920443 131299301
702236332 616259600 552951206 647797498
817907203 851239249 51873827 114244822
574066428 127947092 404870723 430930328
479619410 467726144 791547672 826953051
56543079 640155055 990704985 1000000000
715697709 672916453 465425729 537861873
881153640 724248240 194267065 202810896
15889416 686394960 822397727 888352025
31897661 749037564 388293997 477160423
260889197 730863292 986537443 986826135
847224871 557305048 552500123 641244772
868341416 943730980 855336975 885877139
496367830 33586037 307871062 335123127
881904619 562377096 749779628 840940110
648347223 226056046 809071043 840812608
638163542 697358597 229384781 251658390
264123038 826881399 522895574 556947221
444832501 629468865 869971832 878672872
149632928 333054451 9531538 78767762
185622110 165678362 697692763 724932135
17306065 803331133 271994142 370683677
245255361 648741545 244025785 332239632
592119786 296483103 126939301 160953802
860660991 879775423 356974663 433739462
