84 342
174677750 903645477 472908720 509629247
753401063 776727852 400606235 456336268
267881060 625129178 769525474 793043952
252516050 640758190 90361283 105568632
292342112 205327423 32366435 129761033
447126483 938081460 283333166 357830871
555763137 13108328 712451915 752776639
689490550 418990454 702077896 746544282
606884327 364557495 742268094 779539376
5687067 165591460 331161132 406531125
433225558 947853563 888018059 987759094
29443490 45730453 324376847 337196867
931299051 922412395 901105356 926353419
777916068 427091997 145273144 176364300
405613879 233935208 345150315 395534844
920262995 143825968 358817919 445109645
701790209 493784317 801745633 838367098
276022149 116102964 912209506 957030720
244971293 449024633 308326947 358676668
822009075 48969274 41142960 88148419
427564014 946994758 563785335 613291541
150831092 809276918 523520437 579223796
319974624 730577475 701878914 749807351
560136521 597085804 37830159 134667855
374160598 821404534 113239812 140514236
609902527 185339599 520621496 594519889
949394873 142800637 954512789 983237086
671971172 698562463 889025553 929274752
13570975 819641761 779346902 791599210
961372807 318867966 416167691 432983973
957562737 2021904 776723401 863088412
746779477 274756472 541216181 562018165
321441002 170540011 949945852 1000000000
494436134 509862236 643842773 706043808
401787561 5100118 803192624 897694204
157452443 201697467 645333307 733970971
873063485 475803147 700609634 732806243
488695876 835142348 203398929 252197570
349063497 855781503 489586134 512209211
656572083 113739699 349356075 436146159
367198000 532096769 962567651 979233223
781483484 520956695 808385191 866457093
523093494 762722668 27828498 68637485
977566450 882870862 132410134 202720657
70329797 828100762 958794207 1000000000
677715353 922951947 565273619 568032311
907550622 438253900 670442675 714175168
824417790 55977704 978108187 1000000000
784330617 177773454 402238006 414233215
610524094 696133602 515857678 610249483
54297701 920118625 792444141 881035058
788137859 116842107 200652784 284702378
3468791 546894651 937013447 947905450
821774493 514659221 550228122 636582321
998023198 544356250 387828458 405755495
451040745 987930875 902470140 929470845
592166527 795856041 848654485 850595915
129761155 845528908 940996044 949349956
439729315 362255762 978014691 1000000000
760736940 995939181 751598624 791250330
448420474 185237719 219778855 271784261
368120950 992820363 676569973 764499319
23233452 986601422 939880716 1000000000
527902299 758748621 512222065 537940501
810903235 978530871 655746639 712929966
251576464 129339446 331647521 349785946
930062143 353840471 947098628 1000000000
302786782 749212128 527126266 567689736
766558810 975611022 282875662 311692021
857313201 688533745 839325109 930176200
126943128 992954262 505103960 571326937
273794092 576196735 295811060 377831272
432467391 727101263 646883600 738499457
577638597 116898970 866375126 930701716
892389496 20695635 784460127 811914089
451892469 927467026 752183110 757328737
984842650 722149287 93545407 187047299
502060421 457817703 818571217 858253779
398949550 393722164 174567904 175576507
143259942 676089463 529513837 534579847
678368665 983004659 168010522 208785920
214926809 358469160 813468131 829764600
672850170 629933420 591598581 656250358
449138112 699676069 884967766 933808225
974293961 384997713 128957531 178544715
906956471 202596823 642684176 724170727
761402192 165050640 161477464 163236437
380980537 261024 472424770 490027972
630708372 118663710 341388315 343511428
326573067 979325323 683373539 736162164
301924840 402770668 652821884 687130688
839804375 776826582 8169824 11015554
331468531 614873539 231743989 263166527
252701494 29226326 400413763 483945385
401525777 376122540 826066327 869705254
57557296 820065006 859180162 946126529
955801200 688477921 534096303 585796089
598511399 803542462 765821166 828211008
869381700 636280127 836540000 930784018
670841926 248414001 75107000 107560620
913064152 363157894 917777948 1000000000
31808715 517284043 343597394 416862875
848502927 398090580 484669606 554886247
510832107 39093019 148127275 211161025
820701997 906816528 178260592 263735585
819925466 895903976 154059364 227842552
544258124 347051734 318813347 382163336
185229057 864506829 739992021 757183315
554782197 192670553 579531602 654523518
150328346 408210269 719901341 779959021
60667061 767353150 6176509 61352805
613807416 84995349 165010631 259375787
717623457 379336695 448415215 452311087
940127627 688187523 174954795 270852362
494989340 177391205 392136886 483284895
462165262 933451783 462725945 536514994
918338668 937425758 772002649 839546320
616070178 402794579 827155894 899424775
518246107 99067448 34279600 43364850
111590672 827665604 147575078 151963729
118390435 152069074 350466389 415388515
243342185 297729872 156021005 234063221
539637910 914165695 774946730 868498191
556672314 445567894 516418996 547305124
252806018 908664009 738715821 783444905
947779721 944105591 757686189 802925631
769732310 768407804 940292051 1000000000
20470622 983026231 717693855 785217241
736861350 654269899 386396690 408920768
957545374 588730682 445994738 509798110
18808305 753517038 26473723 122743755
941269227 940763677 346307945 381439304
112174284 870044824 961636994 1000000000
300196697 55033279 471663897 502778908
496503718 769106723 853121479 900561991
475348304 862449432 596917552 638594503
519675703 374510998 64222007 113278064
98494616 187713318 227508616 303274748
395662024 125606183 258975128 295306410
595290212 794149112 341418420 435185290
327343352 19149391 306129365 336415821
112406613 908557833 846172964 846858487
300903465 486718577 285500076 331756082
64077897 566407644 357814357 427448926
550757158 551143282 993869123 1000000000
458761701 298086645 248316383 294092943
488860054 978282810 648473295 662927691
370102085 897222853 787268155 883532152
797731150 293256484 109658916 140366172
496752792 797413990 710144751 773048903
973309042 937801238 996738480 1000000000
427280095 797335269 774974645 870717389
64072873 626986762 449595886 524400026
508039106 835728301 344689546 368136524
227033872 341890400 295808440 341847250
53368281 784954975 707257297 792980957
333501102 751802696 676232420 729006479
950519994 750633348 451371908 548421813
511026873 292422178 894977930 987024202
47771884 334823929 389096955 430800915
610637527 286641296 517972723 548953616
569499709 300345398 256384223 298133339
695034800 973319732 34551671 92097872
316046560 694677384 496432823 575232546
30455712 628595488 177671770 202621422
693691775 927097978 336597291 356520603
776998788 92336675 839674616 846428390
758548088 255816052 747654719 773383432
558616409 174554470 666891185 694734912
313792623 806534945 978312926 978818464
694153017 633562480 313181359 395417466
967317103 813917462 222998056 315677415
823064207 956020261 769068015 797927553
149790535 823083507 616678630 642514665
138397642 712287155 216233321 295538681
185239923 575990013 335786193 372343491
885152219 466455732 66006588 130311889
952513427 938016056 297607741 323593588
904903152 482081909 522932153 606959593
591446264 346093452 527058047 560352888
529917310 814475224 716072736 792188963
25264632 927498261 804642221 817981900
688338917 714555765 282916016 364785213
63932414 448334749 685268233 726975116
262124142 365989814 881167896 909835876
744267341 104726230 644544758 653623877
817015524 820736005 443268771 484453227
238723952 220071755 423540263 464341307
803296244 359344289 739776822 773379273
959532103 143371740 616400248 654042807
651798076 234993406 672833165 745975710
255085482 333877928 750988473 835287619
327169868 17650443 897211951 963796187
579573820 256145789 651318465 669237129
867955917 96937223 453341571 514187697
676375069 251267194 858865145 906310079
126524309 555910542 595254162 627240990
601051525 340632180 96025981 111746366
506963389 959280842 389143636 420681079
762265382 202043064 717474200 749691828
190247834 144974225 983189272 1000000000
188487593 809428113 757555593 811750356
543475333 214714646 315620773 334765016
417614143 449893612 656142134 714945045
516616394 882025100 820295103 918967442
575370852 780341247 48061339 74414259
297110743 410532014 304537660 363967600
816281290 202979770 901692585 921738463
295705974 693012390 382103800 387299685
756924693 849938761 69323142 130473007
89174003 260394490 392835437 466122254
510903677 524877138 111544007 180823487
661418639 78281804 354421909 359366848
153467112 391101390 631548040 707509762
191386244 743997020 679897009 729490839
777900159 90753483 829705154 897463459
688047393 291576363 766396942 794115627
868660492 427473074 418553286 505483352
768048286 632829665 519265086 587523286
62495954 817494246 54875144 90725841
924067056 314704274 458026623 471588643
100871022 147626516 291529671 341058625
414616983 291345140 210718293 250139968
910755186 716047008 597678710 661813190
64487173 896209042 248599726 290774684
204963831 254295583 694880716 736309295
201055838 482188519 958613640 1000000000
817762990 676163917 203598009 216491049
661306158 398747382 310850945 355880013
360202704 316530888 807579606 891890956
962985405 536686792 58838197 129500852
199610185 948270797 745534632 767012783
388169261 854265684 738815008 750402606
333253204 796624358 313446726 389284802
509538027 540970937 715907720 769824630
749020688 66882213 640593578 718648476
920908236 241203558 638745197 655930522
383041346 7630555 403510304 421574293
144052735 432507851 929803211 969319648
448199027 219214378 676353987 745791341
611471470 17106313 981175679 1000000000
690222295 83783118 377491354 421051820
554731131 698923226 514034301 613983457
254022305 684678652 404775073 444681471
415976713 917416354 902781218 964133077
423331076 366998489 471198279 501952862
538569963 803769654 399711720 427161529
210659220 661953385 559042223 592332377
403479112 74739600 570646517 625933167
763268176 89243583 563025930 606091244
339307562 2164680 616621692 682743581
670099232 805985920 450633988 489162243
832370213 350872303 5073881 99839981
858299127 808129831 724464485 790038853
68325051 953570603 862385347 952933327
511948919 434068989 463144951 532186511
585397417 748430700 893966774 902844271
242935279 26254887 908746786 978656858
761027544 188172296 100093832 140326509
345826391 733622354 488649086 524884017
909101038 619407388 653429420 723487941
666939845 906747600 344894397 435208976
978332597 825481658 401311521 474696284
750812783 180230634 697228736 710612544
696971043 906483604 459537062 559107506
172562500 556059864 610216754 658008812
18493942 16106761 64270813 144803080
807629873 961706542 271957230 353737543
734472681 201763209 81796461 92570087
459760567 805076717 303315777 402201982
459321889 619940134 67753483 154443543
410726663 246116196 118888257 206168621
758606180 762959898 272029303 365655199
14239209 446659404 658931356 706730430
494496666 714436926 43999149 62527477
18540721 984845553 620218281 626331621
310697263 528124538 849782738 902520854
82216346 279817536 880252567 965363029
683078756 629269674 725397748 781240550
121965252 328488754 247269611 281833502
672784120 539637967 935708437 941965323
149567902 682555623 111742517 112360856
479142993 110823575 807872042 812458153
100498123 806895198 844414729 895151171
972934655 107702050 712183038 768787494
439953649 269970676 888952903 933783435
67673441 832844360 644905671 673341154
923883717 246602566 688547764 738475629
399699261 178593143 906305497 909394513
407393013 142490699 409946164 413981331
350052589 437651316 915525667 941804407
293429250 270859934 417021014 473862580
108745469 766784019 261626055 284310845
556643225 406900120 58494405 69051489
963131310 127196252 244279723 249553361
798968285 977480886 484964736 503262497
558906524 825240525 393040638 441174353
865820263 666993745 777487871 865867156
463614979 385970316 256660205 321493841
77030937 544887629 309441624 355964633
612049287 786854836 173307135 199398691
33229758 346590026 145473621 150579370
131066860 939847257 357584407 435044785
766156872 172980246 704510396 710330224
683096959 258957689 28207456 50734892
174732246 33162096 867408441 926655939
598576642 269816578 383957858 440654800
663359718 828670188 471188726 568804080
984419730 690016457 798133134 875227508
123755282 511951353 237873186 299009802
945530998 559112476 466710520 505523965
775398297 412026679 598025900 602168316
860630054 331586439 800898617 879456442
947558982 103588638 473110503 488757692
921163596 712742 319011381 399019292
477741301 492164511 842157364 850497061
216666192 871389345 313520596 387776715
290909129 419661058 101739857 147454729
654867068 928271109 910191773 1000000000
532370526 975489838 27677775 97836047
757478433 935834571 265049933 272785339
953687094 407252260 507812523 579831502
912736013 618428236 912757558 912859625
566690122 963666290 697098107 741686888
298207750 693608676 593916880 657950856
13835163 404846337 315442328 395737336
564098684 681702360 908866488 972867204
143121503 300859114 297123863 346324003
657846042 19575640 994654019 1000000000
447040358 470818532 139090174 181155393
594015057 30368038 927491688 972856516
912469041 112056655 953371925 967947162
337194508 620926559 515690204 558007574
3321826 170591095 824659914 827427173
514283072 666725531 378997258 457312731
654105658 186667588 252428172 301119616
298809878 362754890 181257994 193102936
747068710 154915519 681555614 766755012
748970026 25640519 514775138 572522769
358956174 662083911 761058443 821880069
972292349 88025944 876746293 884813837
745582509 978423910 58628832 115335953
