116 549
665599559 484289005 109826345 132005275
742164114 564608782 109137936 169400778
161658717 478834338 47493209 48442064
896800168 960836149 333138603 335629645
826454257 959088658 466294026 514128559
986860344 523085346 867481872 877456813
791653900 748990091 107556112 141585132
276847768 833402283 780451580 854757978
159086202 373205991 942790078 1000000000
891950448 242619556 700919251 726641167
121295297 640284332 515694810 555065192
642062598 765887247 41300613 84207992
149902968 998125997 24144886 73141477
272071943 70491151 261065481 333664610
305262853 765849298 617806311 648919493
583657435 517098052 415702019 426825995
868592782 873624685 511307292 518174851
586336477 115773516 281516604 282112873
421179756 912544788 745575889 752051028
58477743 380926652 972379960 1000000000
724382771 800249862 395444482 435445051
975231342 78023010 405966448 422998770
355365569 375571591 447809184 508471589
920213453 637306206 177467510 185873653
753990302 978716908 173619506 264838209
757804535 727515870 985773667 1000000000
287258357 908882685 751603822 780815938
931186828 388234182 37855383 74696043
72607727 97873795 58754899 137937272
659528112 878784613 23412540 62549690
243337969 766640254 385204275 404520368
797613364 245773451 393191924 470005735
471675715 28243355 245231693 246442776
67574838 303405422 576700939 639219880
248950995 600480538 417510166 504609565
101948615 262607451 563281408 576619286
762574652 783930704 792829638 822985298
844987120 308434644 438005556 503055809
473635484 923073002 624386942 650363115
59830828 269630442 178416974 183373639
289176031 547925556 219613169 256535762
678801028 303442361 466448755 504858711
7014531 337431836 618591306 707616932
521982476 522547166 201700639 252488338
646877740 422847574 492492866 538106745
630288478 374801299 327123232 388874692
320813495 62412438 232352503 308436750
960898992 927015485 323121558 340100104
886873878 649707473 166518364 231978262
132476497 532521781 613002010 627106934
37961447 231910297 559452776 619338586
514519010 660534848 516001280 522351526
87237218 421963370 962559915 1000000000
15588678 990486074 516010464 559551816
812851050 631619697 592467699 623355965
776743326 440622113 853147305 930169913
349773536 542842420 735396610 811465303
578239979 159807185 780964409 837590412
904157102 9200732 984578953 1000000000
796804891 821139715 553433101 618350088
950046607 94474789 986764004 1000000000
394314497 550955183 480423100 536488706
201730784 374473013 411158318 413818845
385245723 918246440 724298989 810854046
176136240 66767096 232154961 269864934
496224522 858293942 279444428 350662391
301961291 173445983 81944138 132344977
814880793 254298586 755641333 761525367
37214576 894560500 744624814 796040726
260737857 88540298 23993600 55676905
14218924 387140319 26721352 48874879
125267713 424384406 597303363 604267027
785264968 694812114 999937032 1000000000
997519219 544845500 992302459 997696036
557084266 981608412 689463701 776868489
65592328 208645229 225447650 319094358
94462947 292132603 742589435 813078261
326427165 714066756 355474126 406206797
268441084 866216376 825368 16705356
823592324 610111939 635606297 685846735
146483548 18259901 946685540 998008099
996349902 268351279 807583116 871143547
903316358 736866521 286382631 371897072
191588764 974645220 700142533 790262303
174147049 947441480 177315565 239748268
592495670 217000188 597147470 604613422
54027327 380247899 587553689 638490479
476009107 194038307 919322702 952501442
277262728 188290445 396544830 470171522
973403939 232518579 601542301 692573328
182571487 884484839 394028451 394135369
391899823 580727826 988148957 1000000000
567191976 96226968 803376523 889348924
118470468 287211970 343043677 384729945
956992064 887151744 551843082 580738344
140620969 268407846 23067370 78346238
855425219 249606559 347032219 379566313
94004186 995390343 189725165 279781195
169681296 407592985 708263533 718623248
340315553 414067777 137667677 227707063
870242738 759713958 196404334 245923141
529598163 25661319 217362108 296582701
230992310 620480773 221319180 245209321
505353390 948269164 915326643 1000000000
300933288 579840362 279864207 301801585
306039703 238583905 532282633 539515862
501145016 874593891 386205637 415302635
290222681 923876743 726983661 762387660
493722026 78343817 74358150 100797989
717231097 258483994 724723417 811585980
741170262 835498487 611334712 631712323
348414464 819768810 982735496 1000000000
997276542 590725189 328284915 382255502
346323049 759004116 274126204 346275447
345459945 189428854 239375628 308278372
889675515 97434929 709215013 763477925
858224163 703974307 945248952 951674506
483472268 875933922 78489214 121856063
143251801 135141112 601876911 614527327
271186858 349485668 959715712 964305603
931050946 21224898 921220625 970345383
456402598 669719601 247382978 333029055
929745661 892416656 274152471 292676806
83113749 748224895 490512562 501800126
817935032 923385468 578484554 608080102
510558188 871023864 963314717 1000000000
703557418 59231117 767639043 794343299
912498489 27289923 92573500 163319684
18025539 583143650 767554161 823757450
737543740 682737988 562924220 634270622
399439968 438449235 33417293 126191952
79473309 94949925 129149505 162208704
849403775 356082065 734783871 788638221
667658849 894250721 610610748 629396960
68264115 165317447 60209144 117108501
730548287 106660230 728557000 823053373
667074893 753015448 111007218 148007842
62578892 987605826 637431246 728563112
260927888 73450842 409049536 412409061
999392938 191756493 300093621 366685012
989376353 624902150 20293646 114865921
715371708 559244590 514738089 529156887
254090184 655513977 580508468 636823183
918006216 580394244 283599948 297254281
851368907 988744957 435435635 472714683
319461818 593447100 748375885 775065026
372214652 110886806 649651430 700147743
394122736 127154934 548702852 592958629
432078428 908181586 625696532 660164369
223399724 618259582 792905114 879434194
597346166 397695340 974921522 998058622
717950703 136160720 236367601 317544563
684531715 793512212 345839225 404593211
205870558 234272102 716826465 733004776
237628593 964776383 701406741 741628476
20957900 414686464 964451615 987234000
500146924 34843306 504932152 546671263
335533411 334432883 123204034 165727408
32856059 607188790 143386334 170481983
622198420 757596757 348796200 373941262
531549716 734755627 204851308 253054680
649726625 511614989 339530845 436370693
91660882 627197560 668868119 681970879
138037984 423978090 183593760 219876214
494816291 256076900 548871689 620381030
254464490 618837965 854471921 935622229
829355719 689167843 532575774 571784457
452053824 315914588 835895152 865185431
293243424 824919097 608804968 610763280
43842940 457017700 160215036 167565201
47544752 388749781 949536785 951307763
206648649 484085703 498588197 578698600
980645806 721040577 218671695 310383288
994598609 682597308 736304083 748675538
690152273 325115141 153861354 192545995
258502829 188266535 413425867 480713531
249517977 681988602 969711955 1000000000
242135580 237337253 721426210 797114725
71259893 85522554 604909503 688778285
707552243 785037523 983818862 1000000000
684132041 986409078 424294077 473384548
287147482 199375677 229001925 265890182
19630666 18894336 690095094 755273937
428688429 107699865 827193890 907577193
863207948 829261423 958007247 1000000000
737183395 216515401 281058663 292927155
704319311 481068301 249581851 336733337
748556779 755574374 902172798 967282229
894559297 929067793 846812078 905987342
793694548 164337851 489441594 490112353
231925287 300935968 578049888 672081557
940286019 814853522 570903891 571915954
831603628 567896670 720805952 815263367
424207763 921611343 89443786 148470963
898492156 660385858 655464930 717662700
357256256 37524842 192689833 216271948
678718818 801141380 266831230 289335265
856728676 372371286 602650392 607996352
717049863 878729189 846993437 863499375
919701374 331620632 193875387 234239285
239558053 38206969 352896558 371936268
519268403 499821973 136330205 222554278
132659141 37054119 4139054 28075653
581381974 302801522 242191462 333235306
657438018 110190283 880651994 905515464
857708834 494526964 181143458 251153200
899111165 863641042 755260648 767404389
790854242 476198825 336867288 341661054
950115938 407762850 299568788 344240942
91774441 809594278 269553077 355331340
953276240 441232029 332222945 426387096
249611952 831979487 248591240 300172847
419148138 585949560 315201629 404372888
637603205 792764814 940386379 1000000000
128038805 711702976 319985561 354920905
521257077 206511271 916283923 971847146
972254015 185181806 242417841 271185344
472448104 88730261 421625206 455094281
138056800 540943883 363408466 453906992
298959563 468532458 743288344 808232324
247715622 428162114 359842059 369955494
297233175 796574128 596917635 672608511
226833278 391200417 821996971 839105895
245531897 693964031 130383402 221396751
804292856 179300629 91446710 167809625
71107971 837295311 643875281 692614203
495479934 423814643 883229835 946691872
153176796 358914144 63010150 121924870
503050313 269389900 505697661 541651583
108237330 141151503 155561533 194103459
310325756 105897077 66809538 100379414
853122118 777567951 44504598 73730829
227807423 469432814 543714434 555985043
885092804 452738222 948301032 991853256
587658181 840877293 258725175 291710702
288688915 380228953 846160934 919169653
553342829 714040117 232824701 265001676
631090634 966999746 647357308 717368455
801206982 777310905 444535287 485934223
343546408 13765517 851447870 886435380
329925427 463441485 371758945 412251400
955575985 165015352 28081058 82289223
627960295 819196368 216050123 224554568
607103302 927205524 565992955 634688883
72968344 388970923 494215059 546465014
558843689 758030731 641046573 688582535
436856775 205570362 299027095 322461720
728241754 506691514 712460887 771354449
876731463 113378767 970812753 1000000000
829207616 736465771 685347333 697688451
212763912 486098369 358406777 403690896
401436633 774052458 537910634 573470501
594018406 248905341 108160464 160036997
994606208 237202685 828489292 927618429
71945641 393242790 889341137 977094672
8024799 206004620 550012172 569044665
655379763 290294799 424025356 516088925
536582708 122792680 711341521 740498755
714946653 199062154 365951003 419370753
330038843 416888542 851864469 898274855
999528831 179412890 929154829 982817005
421933769 261760236 658673959 658685828
807254306 548412501 273416780 303618480
35172501 582875096 904280952 967853269
156237466 351858663 914032400 989663302
839872857 695555438 394814970 451478155
585795943 278181343 573360211 637664001
515950613 566943757 890133977 948009593
540359568 692797107 522518799 593478291
462077784 92458791 937973351 1000000000
723128936 306083895 955524219 991634058
761768225 593380794 389298689 391010033
607970276 875384812 174274327 243544593
417938189 916471937 635005607 642664630
97886260 363844287 960111248 1000000000
177066768 836598109 832525691 860402083
733559891 393881800 924403071 952585419
897702305 955615977 812054078 842756127
300189054 49321772 605135939 606462831
125207735 709533435 828633073 850887582
100750240 998219274 254686932 264594655
736013266 533627113 795414820 814071488
364248061 645742081 408038284 506864042
643677609 854107759 837788330 896734656
757266691 503257434 566694091 580176866
117491137 823664746 302190538 400387858
542857042 431915037 452115414 485803901
14852413 793758832 718270962 788758490
937951461 147003883 121474661 182306674
314665089 181317835 924467946 936718176
275481206 476172593 94927398 177712769
891975785 708686277 128852379 159138363
446887448 583264858 741296036 799614965
590402340 789270241 35490703 55499423
162860904 398692113 661221155 732482291
886707704 913606853 450915999 503359134
514813732 460690209 329126407 391057613
274921510 192575708 998015185 1000000000
231183563 596864659 578340247 603451640
620949134 911345807 590974222 597864554
65543208 999655139 473596120 511798677
646662403 819823663 686943674 745162543
716282822 417521168 710164702 757331958
708613523 290883982 921288680 945856048
736500801 59085967 577402438 584259134
696881260 34319486 57243702 75002955
283296459 923302738 686852937 703654847
105833763 64851750 933979540 938934767
849658666 67582777 260421307 292820532
598802587 367011108 40910400 120985435
795634787 508502838 264522448 346612292
554605216 347302255 55360343 93104644
81010190 309889004 123830243 159007356
693087602 317196608 447365649 480095534
255092500 551499727 700770537 732271493
138886957 551147091 617389944 687791150
195489631 227505666 870983621 947719886
582024077 349897740 500636969 531565518
748344562 716670334 294842324 387323041
279454051 626154808 726473034 800782790
358568563 154144430 871137818 876912442
257492751 354281541 196577885 238019493
686664607 610769115 968198963 1000000000
630188333 431348428 733391040 798423871
201232237 344006961 446487724 529031228
677871824 592135324 968656546 1000000000
711867208 6369156 107152755 167065117
791033635 80279142 598397787 608860081
743949418 360846592 428922557 463378332
316537564 307250926 298516645 327759617
665664315 516217185 409957817 441565431
915551715 603510380 274881473 330114164
648644063 576692430 572021151 668368673
168859442 168458095 376141297 469985459
860569184 860328236 593069531 658885305
794318615 992766195 774024705 858055378
188057482 950708996 860887998 905365357
903712900 483499252 134476116 183832524
954724617 562887318 976240597 1000000000
485702484 941001871 355071751 434806388
375765814 276425258 19954459 43883339
281584646 24938331 86326750 108118435
630960728 480365924 163384203 192029340
371019640 583580528 23467995 110559577
969716136 343522890 352406105 403892630
867249444 120934665 406445151 446027098
338013675 212097943 549185272 590398799
665847221 385459593 365647817 429972221
707719683 889023509 758780392 847127214
535513756 681128302 329971107 404829257
108329414 284522816 946375089 1000000000
752147235 998540934 289306687 349390384
274804022 377530726 62068250 159077498
653452099 203264183 44952137 73103516
599540261 777727743 564358978 650846666
143800681 317173157 568839865 621263548
96219095 73050503 334438772 382278792
798176686 554860952 827827560 923979274
895444791 419123628 838871329 908218687
459465902 696391758 741997376 744823779
955406774 551038182 985794327 1000000000
699584475 807471776 434702257 534377271
29928959 121017410 990446364 1000000000
205869000 420716145 224987061 294273384
908242970 54161937 660651417 759910256
30497629 771630561 899585443 923141556
838037433 644635581 803008604 844286803
149777981 427844679 148760914 179004410
914805499 368481544 369419750 395884465
561828801 693610024 113176766 199744637
207652890 419679913 614727234 713928366
776809206 935454193 657084290 695868467
788881143 101117558 925481122 995919383
651211712 668526580 51384391 92523496
189540136 993627198 724776814 747006236
674520714 496670061 24824922 70083000
496332241 310194507 654253771 688728661
148977693 572950407 348519847 380790479
280568355 453962533 273196314 332911315
646483321 662415105 334453879 338333210
350225430 325632356 133154203 206914538
576702132 580324683 229250538 285077806
910483473 466047036 378928680 466157926
42161330 805892993 117745475 145642519
814943908 461678254 755940799 766807387
828480375 161648453 860939038 946492943
917797832 201452119 980263812 1000000000
122246708 693513342 355050353 398380474
836737019 900720694 4733454 83960497
420007086 705063295 67967082 78041623
389560272 159950917 797838760 886300579
433724485 250383001 845544795 912656621
300247630 868211674 303386440 348078731
6596755 868429943 257229900 334452422
771490529 434907971 250374069 340665971
224502271 216703330 262478267 336147255
597292688 223626268 885699373 945210084
239327744 592041313 402137860 476430940
465336993 714869237 709672237 743045482
218456195 325677115 667521890 733780075
385424939 259795955 821983569 832393346
509531906 161602845 256627855 319840781
954584271 445297166 742629286 757619744
277657537 418207517 227636259 234617254
468587608 619726034 190795982 239648818
602338200 453834151 606388589 666470165
857051802 347974727 839549622 872503286
391775100 6504168 503992430 562790355
639298418 653172501 248613511 328327251
331902032 720675302 532650015 582789000
416800377 377801720 303730562 304528571
734198519 38243937 714315069 763620754
163812154 715083199 490234249 509464546
216094110 785569799 665017168 702614256
170234492 677192992 450400776 488120634
405166910 720493834 212500241 268597656
79716252 632808601 385989248 471444872
637929656 203467871 881197503 917004249
963127007 307509805 728981591 747376140
172913459 19414964 480956871 502295559
561637062 52315632 504482268 566264290
317703385 23542093 134134439 161311452
607876165 137140388 944852230 988075045
782303134 121070978 575387607 593185731
588299251 749505526 478044127 553778282
542882694 288545194 787388739 815466320
675970569 545108372 801088059 803508805
198196606 933618571 334100729 432836796
821129506 718514536 744092940 777314810
748585549 120906432 135969326 170698564
37825460 934334160 524898452 583043727
500500937 281104594 831710030 927928967
712576988 993032495 102791438 188482802
81923447 697496671 781054636 880129267
255079883 656286871 400999307 492219771
206647993 256641324 647506085 675005856
996244867 132207930 488695684 528304502
193670917 560703159 77713034 142373535
604204741 296212055 983798737 1000000000
961417339 47077245 943097688 1000000000
201020415 991232442 354139053 354458866
799160888 667869880 341964392 410843717
798962035 538183822 722820952 761604941
323545185 620905125 721513954 757652890
216021270 820588538 816412680 816786985
85851506 763579411 590267566 642618350
896401312 618251327 67346226 109565622
93713314 917890002 739939883 745220332
21899173 586220059 201354241 259305868
29009123 162935940 396681871 406662495
801920985 338292455 328518249 405284265
351739282 47393109 823054632 853157679
978516828 381090073 617491690 670171018
145124999 898467514 328987155 421756766
329012007 224209257 121796786 211580158
130086616 410486443 359173626 399200755
528491329 927836200 865686834 873665633
608077182 223462165 997342894 1000000000
803064770 395261653 399029983 437038221
955305904 147320822 606760428 613929615
724142747 473054131 660097827 670930661
197226644 170360678 579176325 652015481
95404434 610483364 699002119 731358750
934900273 415142062 968978306 1000000000
469185531 443274145 147296939 227244566
74692217 719163183 701570711 782976261
986735805 171380142 242507865 332440286
269530616 377568014 379964077 418833567
425265132 683412625 313941423 333451407
63601326 556771097 830847403 843568161
573788512 160386019 837754795 870064366
805030793 781549966 605317381 627140958
35230130 168062738 431276317 455777128
903981852 617392166 558355266 611567846
794559952 419039110 864986959 943486070
150237999 427504133 21099359 46210396
273067806 984397683 922155384 1000000000
932419657 199980514 399721470 484851003
161049757 717210588 159214041 233355069
78456709 52554522 282086575 341123074
692813480 644337006 644265507 687440636
81732856 887994829 448712455 479508244
959401159 364443722 251124636 329486681
919562906 768252078 929026159 1000000000
543373836 350189346 465274545 529119790
617917049 555044706 453365971 467066590
438219203 146282823 446502891 454711236
102168970 41548368 594911375 641616973
969514269 369213510 636913064 664452386
568768747 875179436 658285085 748499124
472457479 310818950 638905729 677100158
790678830 876840557 735757562 784972302
20381531 508837712 228887369 325277955
597843570 339932053 167301970 228504513
14330732 241611988 491575144 530966655
203301906 598300158 809857555 845763903
97297510 388080532 187416987 190776946
432340847 202429061 90927882 136141917
554890440 423870257 713973219 777018012
943676545 945431868 185518787 211084651
98798677 248248553 919652752 942664603
398515806 852718396 377009937 421306921
809050046 288112912 836343141 887364299
529718708 667097747 769161436 781186062
459343061 612347746 104776617 195734630
106503281 78186690 93175099 171309137
340524578 216700466 543352776 546887203
159039737 293254287 389704472 452541071
789459399 253575245 855806077 905858206
793679835 156804413 353847361 426489328
198753582 835700879 730227510 819226546
296706987 282060717 225183546 245806511
720697902 117748647 468320863 471378753
536465681 446323856 414016464 443368101
102917320 648955441 804795522 894134634
201122996 846328680 943737079 1000000000
898686291 899613313 347797517 378364537
369541402 921032912 179782161 180192384
167952235 655918344 818492458 867118832
932672169 669199045 838249808 903802493
372968363 360196981 959031715 1000000000
138843945 143849084 330316863 367252021
477490469 748829655 138019600 205815904
13268755 127877357 758865385 787620190
590767657 527899248 109420479 181533354
472392067 245105042 661045691 743873506
117756179 308255176 409372505 504098917
920588060 144461210 760691623 775601385
420108951 223462988 130760687 146840795
808088750 974321485 765369159 826671501
754021263 818957374 780745914 795425104
276939568 214300191 989116718 1000000000
564025166 690851658 937269282 1000000000
70788879 402825492 329452207 360066449
272770781 577085543 850998399 868432966
789017907 765768793 293805382 385356687
55144700 251555102 65964884 123582636
993034244 669992273 169798934 175743117
81215797 917152174 311046968 326157161
86461381 142645485 703778266 803005753
83997879 637468103 409766070 475460427
973128924 425386751 46146442 76103071
596786642 989735687 56453979 65270780
76629772 246215860 121577724 138023222
8873195 166744788 670953353 672909171
157614463 132034557 553287103 580723000
480900791 913185191 72741350 105847707
923475644 23144089 263671726 282055102
162688118 724665036 348148936 396749430
