250 1453
28061776 480754224 838623846 920501416
60759847 33939685 658206557 694673097
591078238 150543874 781796059 808413272
836351445 173026866 312425100 393956938
91233101 170231298 928543547 930402396
317555222 360045857 561950262 619826497
187346838 485571459 64850339 112389465
345896079 296205486 731345581 815603358
426833058 797104135 771975457 799741226
207498924 592569791 77168387 150406926
50802275 68178612 568228915 633104374
458264649 348693405 15867750 19852981
441333242 964467823 443373797 532310811
256506860 644443702 679137567 723570509
430601675 887845462 262102528 293701260
425831873 153506844 455876118 492640274
102762813 686130529 282341074 377700838
384641875 565124594 952003089 1000000000
443711285 780246836 323445529 373498348
674430912 585074985 696048214 750672469
893485097 234225018 380576918 442654226
97669384 831329688 544180840 551263981
753064163 604867693 468225019 559857633
494058043 538271923 580119981 590623692
582397702 609228958 924138357 996481223
691943320 878687820 820555471 822275382
853561690 477226505 779213272 853454440
100631883 308898706 928302613 995955370
745473481 664677836 722477499 756210253
123440335 600077857 335651143 341907878
674465050 290316918 506172565 576060144
319465952 91534535 257896695 267467377
427385657 35683702 848011598 937037918
704304859 273543444 418419325 441861866
879830080 96324975 990950005 1000000000
697793653 687279247 260773573 341958483
971569070 194333321 200311725 270001982
971987740 93923918 337316657 397348561
805940750 71611424 411057640 493601257
192389131 684879106 528131787 543026703
572240494 93318180 912732595 985566056
65953832 929358569 744340857 795546424
49451372 343172320 414521434 510696692
851699828 596231671 577268216 663247774
993622288 936424861 468868678 548046646
874997934 487515499 278188201 329139904
636785326 961648316 566928807 610613187
918855708 914402782 898801897 928958025
727449590 993732916 415690157 448797358
58889570 520774342 215077227 235311700
698493061 138084622 565412872 627518647
258616626 752944478 575857293 624232389
656762009 936858251 742786094 785166707
916738306 940440185 80655113 119835635
297580680 335077518 849419947 862590784
200383032 35815705 668682838 699265263
368793970 153327457 631568494 709511903
849146886 836391818 266007007 324932656
443767760 251439405 787058005 862173256
207395975 893067459 295557109 315519821
950891335 224853328 460972318 533366827
669102611 242357374 414290689 458935495
942520518 361025841 157174027 236915229
810212915 61680975 917822417 961312860
705357773 478278550 214647034 295369486
400636344 102087924 799494106 858206243
870552465 155173377 89676518 184835564
201360404 164559329 772467284 855052178
772073506 720194509 447332408 497538289
900177894 431679569 795751795 864633262
187625215 738382513 127973189 226429822
755973824 879891824 861151455 916238538
854221614 287316535 825213417 908084163
328030198 345233821 634976827 702116997
425763943 348006440 818285821 894592223
498721742 956913948 647201759 652738007
55688655 295523744 470567989 511820704
888991384 811206788 639180747 714960424
960407774 418655781 877290246 922428938
725043487 375349257 811984190 892705785
194081332 652764250 649526581 667514193
27071650 171298019 466845451 486301105
737088252 516931382 974305381 1000000000
738425792 589816664 275304098 300627889
233039791 445391512 262861469 298169947
582947500 512224713 713162326 780428984
563810441 274565428 779667073 803697240
481998442 378319455 909888088 922187333
174677743 942567285 582287254 616292330
701915114 11785972 346417490 417513012
602412451 861346427 302518353 379578634
76369379 422502882 379120857 449126305
912636554 956167833 933918408 1000000000
326728308 181850638 624531164 724286023
10530772 379687219 519745296 554877046
397611929 472363731 920013545 978157236
264050871 924892576 999905132 1000000000
958310799 524397345 201027384 244032228
594669592 478848484 59279280 116252759
631900974 245609523 942673636 965039395
171368345 370658537 716685854 762983026
735941037 477532433 885281131 977729862
703998626 462287295 449500284 487526343
250793775 786975975 924621882 1000000000
212808733 776898586 91597217 131193754
946108017 967228026 877939521 959603664
319913135 411085041 895792084 988434146
985570006 877092613 758760403 817883066
202019109 289144640 699242541 715964283
210888916 841988807 192018021 281490024
479977145 352447368 46895622 54014645
133628830 42305632 851689203 879096935
711667097 345086174 387350465 479367434
718709053 565428006 299637618 357139311
691158778 719876038 890803286 982807927
35352192 530166777 196285390 214265801
535162344 376103580 865971920 866818789
121948532 47454248 442593944 461689959
319268374 864111565 746397389 837477965
82247542 427927739 597895489 654591004
795538794 746703350 595227726 602688916
898890255 852478687 793844397 809599598
227240155 99467778 571716895 571722874
878688045 5930524 72960668 127092116
496864908 741781346 58153443 103244159
822605948 217107031 822002651 827352595
149336928 874407436 66714609 158946464
427150868 837383191 124374944 139334157
363965802 363202384 384776143 454041235
124934930 968956990 911082512 966512523
335299714 457533271 516031493 598351851
520213646 347833405 683358610 748451839
291646292 288161951 361456514 420953242
26806637 575521760 781058571 877093535
859371357 12429924 520164094 569025084
948512311 24750000 55661311 121365381
514358070 165348742 183198483 220834604
599474772 397525595 909345169 919582935
314414831 139659929 192419828 258974588
881002389 860820291 775199409 839632197
565068332 912925484 529275227 606443323
54702106 723734957 224607032 273764017
902799000 185387620 665156957 678500845
12616808 825416580 190548384 249374940
447652224 495332559 620080675 638987374
978201980 759930375 50905631 120269865
22988903 919156216 436951118 520405030
240304275 667463223 557800255 638344587
35722930 605038293 917386741 993443225
931886978 678000488 429705551 487359741
670517749 849215011 558577189 635390520
171070584 343694226 705419378 740982733
153297726 351156277 533041720 548471687
876577970 94402571 293704808 303192640
875568987 526060344 693835821 788665774
790596599 837488659 747640262 833153490
670317973 624720764 806176502 902077084
265638216 19553608 228645345 269969161
659660245 43809786 947867674 1000000000
596671270 759952212 537959242 547093810
162020567 711043991 36805125 47601772
907179148 457596672 878306349 893872549
831331274 144454617 564072254 640183402
183730743 15949389 843668169 863359900
150207738 211549752 321206667 411205142
529684805 967637549 902432305 996230687
26439066 812230499 453894923 502965544
243314537 40312498 754619072 811320166
499936769 298511696 301082895 398066607
782222381 507979134 220499188 264258077
574816644 300472796 450828289 489774538
18126362 730796359 580725831 679648827
957455814 238447699 847417776 891307758
8653410 137795818 331076895 340919349
468019881 580353448 600166812 674552356
780603816 817403794 591149115 659947105
103732248 398566945 921167717 989291241
811991779 717269897 902766931 977890998
55683922 754510065 740693194 764852626
726007334 676011928 834517474 868796285
275041444 433136128 196785182 285665813
903514816 725031170 700212120 786164908
280355771 714027723 233418791 252224432
974122433 190902469 469561297 502002874
124684425 221199909 177443195 236598357
123182733 855470208 374149895 377929927
183222891 736827225 245845044 279833840
82129904 825786467 145083427 155043650
750153577 860994091 709896080 797452124
630015603 606729210 874031122 887514829
21940811 944950477 55671383 132888850
81059335 221632576 961225449 1000000000
136979485 937894635 876098625 931897447
480538029 994302621 120932557 198503236
637489318 905794049 829988918 849229138
390328750 587205341 123363326 151505943
77882927 70260435 374003051 407937514
925134927 187569834 522435665 534642484
246547019 327162481 225626480 297027930
991119386 184051033 665473652 750720845
759445710 840765508 567866578 600411069
197187958 203472970 876654680 882120711
332198232 497534559 795497531 849477230
258846671 927795522 160022567 194925930
117796598 799207735 994768201 1000000000
21648055 912984633 432016619 483082554
197479504 584711621 573799709 661682274
159996371 982015745 17803067 111339488
643115609 6635005 284056998 290803700
652626310 29439520 329986809 332666365
55838339 601783993 186080271 281639611
816892529 108068110 955938192 1000000000
197258396 79517125 334424016 426451376
885698255 533230721 925867017 938873998
494739136 551997076 902115357 933253477
948033933 56349803 829556097 833318208
239901858 945475722 88644300 132121198
681554368 282087807 403512679 415630881
924779281 871339309 388421281 396334289
337305854 112815293 266554863 308314127
863001810 202307685 804838477 883990636
659030035 744707549 830372287 851859966
786744010 446152519 300414540 330822523
709374030 330276931 133790814 220332006
289443784 514271813 374686766 403232585
62666205 866171569 374953661 418751661
526530468 112917168 308524795 393578712
600978056 784993047 332572556 388355536
177083189 728533897 162830016 163485049
225101820 26455146 765453463 791490594
540498995 264181029 452216695 491844382
332482115 288925776 580163287 605887595
410048232 991999035 153368507 162608008
374878493 324128875 739255372 775856471
251832645 31998000 611109513 657483510
914842173 789281960 711901939 799078439
520881334 205372008 541050486 580945959
424116638 189224284 123717744 206692257
208990156 968348969 371653119 431105314
24627791 900692807 695339456 697725041
831624462 458072339 220963454 292450765
71997510 45895496 760623835 842731616
682648444 124280535 301863325 384300476
596973258 966058065 926455453 938525746
303669593 99646940 451953340 517234052
236043713 234393414 879116922 958053952
811277885 958233088 436456638 498635211
418416644 134361573 704678917 719366355
743835668 589322234 984250631 984862303
214086209 238227059 657038645 736909349
384929361 63786180 155168790 168928831
199912030 991935266 534178414 551706047
637302255 172502839 827094603 859026026
633629607 73343497 198301674 221923607
480848005 920366088 111034853 190142854
1823346 817595415 923680288 978826558
658135389 965647653 24633836 28124863
456264132 168315320 618612778 634512343
664507006 767976616 344105531 422607810
860984708 760398392 422563600 497237858
969574494 333463911 817093376 817578627
468782525 942154488 464470014 464911334
95067745 912986978 195918744 197429812
217903402 465788794 481336442 530431312
363037641 400751363 49152659 80234002
404020340 263648070 180851421 275042689
973368937 384528738 858681349 941928069
636120974 223320388 695932160 756585657
941485988 973788117 634906296 734696899
109095161 76632656 916733597 1000000000
52085256 796949576 738255150 819932920
40698449 675276018 847847590 855555763
198753744 42926157 187110717 216065990
300563729 988309531 353569779 416697555
703134383 374170112 294725016 322866448
774461601 295117777 915342393 934448620
862643493 770109194 432594238 492741344
312597960 894941345 656653006 671213547
410449701 746945247 52385227 94790853
719823604 530617275 824417278 859400621
9170573 239688978 262200068 264976625
287306685 775014237 7468056 14680516
322485455 461183838 265359433 349181791
162631067 616029656 889306472 947955373
845868144 753903130 513959834 601326164
19693733 54347611 162296304 169635353
44875509 772169081 876278641 964674355
480083594 769135005 787479172 873910510
77282869 552509562 183589810 268924136
806839545 736427757 159821841 220206718
3402878 452431129 937002488 994159390
888413295 639959959 141592271 177709361
209731085 215379265 798487350 822330934
597738933 572339498 499893100 595343560
548579780 798068541 59055682 158199283
551082480 69779268 398593168 475508922
950859789 309525852 275493157 368368603
653966514 631753866 642312680 661593585
852894705 352042936 827408600 883721507
143945803 515105734 127119987 146981989
443710491 751839214 185223298 194305658
278803228 661897078 930277993 990051614
983952440 187783621 44275291 143217436
562178194 711465065 42934747 130892364
427556429 957349663 449770020 474124878
985973981 960178717 359221960 394399081
737562267 373552301 731745100 764006651
631904800 561647051 394735767 450268305
840590729 858955884 864233001 934826814
400144665 717903494 610503758 667099282
35125808 705323401 639849945 711740723
13038408 834571458 228366225 259665921
981814214 162831011 354857732 367543337
356517827 469928442 716161640 769375838
815190442 125979339 242022843 279732407
465081708 139684882 45981347 58513033
551212155 204615228 52563800 113483272
390184222 1765342 242748047 244010309
772086295 434754619 628582482 660591199
800968636 72109205 680619351 696520895
66686882 540571675 766245711 815391195
422116067 92474551 815361368 832196851
756994600 838297974 215643104 255003681
418732012 252266832 433176227 511379825
913023167 419848560 214792949 293237101
609653936 520425668 142516102 157693662
319729967 687064545 555707726 621006183
836408284 703185576 673133625 699029617
837989057 887050632 736519887 767960852
388382899 963044375 102360741 157257405
526584615 12323273 192430361 222090611
761499226 184036000 940227213 961341590
146723147 495886015 277107287 286259205
982161516 587950851 120894994 180370006
81154578 54241792 355548310 407218494
1305332 965496732 950267812 989241627
194909422 180532106 22365902 38408440
824213714 275170594 958935821 1000000000
251701177 422058966 88693492 177920400
548114014 809988815 678397188 696704721
902824145 228261266 97302492 115536568
856646380 724858195 120762072 152905941
179454799 764363902 620016553 624772791
847243627 452053795 207719149 293309333
30276096 768768277 664998917 743084162
215136883 169472340 414020618 469842315
64715058 270756612 76078391 136659519
182304844 970307926 935752127 943864411
62451469 136765376 634846574 646064362
142225414 54518056 876005343 908793108
517713653 846810643 889746630 948017649
809525851 168426632 774189496 798666121
792590576 797403387 749518022 791986604
40677276 829588410 136700818 211503666
916160482 829556225 497079034 575224257
659098706 249889722 206088739 211220455
715324877 149954432 671849457 673803152
273634673 162807502 463468753 497159338
711459684 747605851 110695136 150366919
767941255 485304554 404431649 461044741
311072120 790462477 973392258 1000000000
368251892 332993655 783939609 849502928
157230092 240664780 88114693 133517991
934212002 508676308 681422774 701101069
837019464 981389171 132748725 150709092
375835779 598119814 784064818 867009304
236878928 925244620 829022868 832053129
224889046 686933661 777417672 851799398
955528745 772221941 995329253 1000000000
229014938 797498785 690398775 744762559
137247200 20762927 749462124 839130162
967726653 553819872 908238439 927242852
593794612 83709899 865988090 918952149
625353363 837256843 801021382 821233255
916779443 758488726 166771098 242909058
837761734 835785790 557350705 585054646
236780378 800170324 799135056 835621893
864622820 330764292 783237672 878204290
196438219 564828545 161278111 188176229
519530768 385693494 406743138 498222438
445972923 902566754 375557185 441201641
490678113 201604515 476535915 542652541
767904461 139780223 454147961 530166441
398940395 355427594 215521832 229968881
575772081 432632022 194789476 253666816
903646234 839785555 324556555 352249588
657570943 330406535 282323766 295273448
890000668 621778824 200645280 237013941
476953894 100599063 204020816 255038117
541951375 703031686 135887795 157944818
193337020 745418690 99979836 142104220
324689384 576959326 852891604 897460963
785555237 57433424 746696416 804239398
468842519 576024954 804611337 878335382
635155227 479138139 122014863 209764532
868432075 517988967 853998396 897444455
421225820 629770672 347258696 373466721
763603236 942240910 431839227 441083090
297669008 250974729 948018163 992695756
338796438 481039411 722881344 803452915
438694705 79942417 776840734 828834480
31603919 778112757 509886611 568057456
13767745 752354707 138997593 170212941
714430980 577744695 146260466 173831070
813856744 647313081 464591811 553377471
100431409 777575813 172150302 261425150
428206619 901090860 842636324 942434300
236371244 934478269 690084926 713808614
454416407 218045239 436774492 534037885
481642570 402336173 380694067 443119735
399004054 331068829 370106668 388777525
219856436 820862404 777792446 808262630
843456656 941245341 704782543 748320227
428635108 539287311 589292327 621774700
194948420 803726506 2190289 86801425
722603496 904218678 260030219 294098611
618226992 3155020 978651375 1000000000
485311597 643945127 628977648 639974055
582200429 593994204 776849920 872692171
679461606 947412367 656274641 713020423
921364000 964009287 999526304 1000000000
649310247 339849946 114983662 187113525
382429360 26057895 83364537 172989500
974894104 169055967 863273626 864070731
164556175 962110988 444523870 495631128
212922973 734997833 118380425 129141654
226233109 797304150 993352849 1000000000
833817741 579942749 37527861 63829666
694604075 618172454 810610929 902358968
733187012 671163360 135357188 222503557
450949920 337585446 634736308 654538956
225460340 590304757 173807730 239805843
650015749 827623557 730059771 783214204
240778840 324070308 95353969 137664605
987104245 836059524 705635753 796639910
79671550 490076614 325222930 356429155
182163119 406213239 943934107 984096280
988277222 919505346 509605265 531412020
715309788 52116668 673132637 760144392
998455184 187003511 845721361 941030262
944215237 656778565 993195607 1000000000
394371524 298734939 509779847 512449073
773897554 197945225 776629514 845206380
619091655 321065936 602282821 630070466
577268747 225117086 162933678 194989230
770917228 44608177 679127626 742502057
617033817 656438320 648558887 648640526
985487394 820374021 273597136 278239258
826554018 575385483 895615747 898941996
732449676 306027920 123661743 171067920
612391678 633504398 731695006 779476039
81305474 850678660 408405975 468914001
355117406 760994899 480012995 533272070
415522727 665657126 911816037 962033930
892958600 799797421 117496674 180146150
307334170 620238278 680797977 747704832
559953773 130484147 148076072 201196770
164113826 362362092 717750056 813243183
723306849 159141108 809842719 908604249
103499272 350219128 450045473 506410978
945794084 399357926 430321662 484708333
736235568 918007083 148139933 224980435
475022213 862350765 522384582 586615050
106002628 569034425 743070984 796823630
847968717 526770450 111618241 137757295
617575814 703805214 101236799 133324271
281481045 682183436 689509064 722561887
832143549 553512678 521370653 528809268
761099408 700773874 241064443 332188799
286949346 708289135 872372725 880218222
641882665 317455977 469453066 502866419
788027208 564783185 609948191 672859829
517659304 673502743 224266828 239885928
532431515 33934870 197309738 270470201
641274075 609848989 841565797 904001226
870196660 741174772 462861192 542302880
507429281 368501158 765372962 799904577
975501077 986355892 935748170 1000000000
568437745 179536436 365008017 461031481
701372944 977059508 761250229 817662218
891537746 240687762 693211092 704239416
684284962 531695041 339180549 371150594
392577749 2437516 889917751 935555449
569654889 283896098 631203620 684361068
162461609 846372028 644793302 677333448
634436473 835463012 623496508 659569366
106736435 976096589 679618106 698268022
538743162 262600789 61202463 141721059
988482701 480540001 507085441 554797794
165875475 951642548 943368407 997656343
662734209 676607769 762437848 799999778
38424004 543177400 791651681 879885587
449594106 498351011 79699389 154515627
511896652 44105248 926326837 1000000000
300929828 772429339 566501704 610058765
229796019 827119300 144066805 154800935
135019391 737230535 919885349 1000000000
637169829 764895646 583551635 681027579
762274199 684422647 710905488 798503462
270667801 824237270 713893247 812160814
741785231 113478064 138911651 185576244
812560056 467500994 574359061 665608924
95439776 190579968 200481643 207845089
561647648 761684618 859929879 949351801
469181975 405803495 598552351 601230219
384873961 724516127 720300946 721484565
561205378 710192157 449294772 508215484
306736885 576259177 609540850 693473022
494958698 503468349 7434315 75659826
102255204 82535756 386046263 401930917
512142785 331055672 179575108 268156182
784853718 56800933 736010946 794743232
321995595 621281447 912382345 913025588
525295331 940703684 803394345 888187114
488012816 481173206 59397646 102172696
894877440 38418073 740130422 827561244
861546640 919859123 582600493 652299277
317547072 603491426 911343630 969002646
790346513 672797860 305695326 392141943
954095739 470162167 963376691 997718586
193442783 385425703 755922420 771765324
95267014 274908495 242408961 297530849
768686997 642111219 672438156 727437713
47857563 360132189 485432606 492500052
417645982 972381554 324514675 387448597
892029719 476660180 280523728 361111455
100522502 919218830 602630454 693989808
241046891 163343960 999245076 1000000000
760339006 136164706 164625640 235095767
307538353 394852525 34793687 104106211
656417925 403846217 447509716 474687580
790450514 62541034 844611410 896249002
819994283 547683414 424442317 456058742
900435313 800819186 45749267 119133138
30041546 121782010 269996591 311800000
999283369 604870238 513172816 516762836
592191522 192916225 749068593 765937978
914091651 262543429 940985191 946090242
402931915 964357813 417106243 474172325
50012883 646183853 328424391 359917373
166652065 230517879 698405084 793292512
100894768 710424260 157981413 173527625
239887464 348364250 26911621 57937746
916555235 258251034 87509089 139170556
860919565 419976928 734132454 779263391
983668358 738049952 866387541 938014815
991957577 743482075 755750495 850540961
52012106 272346827 401841880 450055405
491118646 666255988 26836061 94197171
952022285 366656556 633008745 662952808
680870239 905478164 589426382 627775739
498035539 250273060 614226954 614370005
940911405 493275783 432314266 458866119
871261175 247398334 389228595 431279554
735205953 473680604 537451629 552000818
302559816 197167051 636603525 720767634
554747439 331292368 409574385 498257793
719854329 187162159 872932282 963019906
355093808 422738741 357892624 383615077
534438876 104941893 824945398 825284293
615196513 919941346 121875724 136603197
694122893 902057518 495242765 522284183
274806307 836075571 333606817 419750887
312187466 490228863 13179240 33553250
365551032 481509266 670534301 714357078
80497624 445245244 714387454 767275867
807556108 653421709 675513516 687425544
39024323 878504346 176149578 271206722
445073118 55796662 285131124 359161141
363173042 241859206 197411937 277193044
426723252 349632613 217751812 286774384
178889325 523035839 875062851 880569709
191622783 746800330 517386606 558568458
641095830 863047858 131091544 184072746
943254905 659999260 863381784 927059975
710182171 813610410 961021156 972624959
597811843 429137752 520478817 594523227
91197269 531596034 412334829 428161100
603955726 608275075 453793200 481359944
838285186 245810295 431077215 485833478
682149338 425498594 354735382 405486741
240575456 121936906 963265929 1000000000
962085796 293283965 168209076 194124900
901690639 862481738 3521764 76957108
433212666 316168614 709026000 808668996
356909519 278304746 236237225 269922883
994577353 503925383 540213613 630287153
790187806 164976238 281953700 372235331
656603060 101359004 158309804 237876196
41310868 977374191 183377218 239695164
757602723 439703790 899171776 969947410
948302041 881855371 551403799 634763110
44568228 774888789 479870998 557114706
822844286 154731946 668041776 691826289
296527088 142451217 883801601 966017459
979267912 736355581 222243711 238188253
686805791 858835441 315513057 366045510
415528670 177201751 204781198 223299356
784121352 644768394 496611746 578951820
559440940 964876742 609119931 609232498
276924566 393833278 101437240 133659973
792613245 517035201 920316625 988964079
143173361 724843216 290384313 388230151
526992364 557913194 845827354 897073693
251939801 751471206 901952799 943710396
979167728 329484693 475879916 532208232
330746598 475887835 916927548 965445309
661292290 365071782 743300305 751676333
99765518 102227536 16385929 111035998
338359525 948211715 525235055 582277378
218683087 24430686 893095882 902227971
585375028 317316869 714938172 802730652
448581711 340285815 565562270 631996948
826272829 27364210 125493990 194339333
590155861 418200256 608194244 680616655
313550739 42629188 390303812 436845170
383089286 969954661 186042981 220195088
220289239 44028063 483765821 512009860
739061239 633476186 190378764 242275337
69694736 178548737 573740468 595938449
629729552 946847972 756923416 777178534
635002954 564796979 975674538 1000000000
130185366 255527377 377075456 429926571
967587181 475655175 763948269 780655271
263468746 249141014 77272641 146563284
4556412 951033488 552208932 564215402
797341278 609958739 715125705 746777112
606969341 223427069 787707738 885168422
640035391 831057664 949553442 961074614
901618504 756549302 434454753 441939150
815506962 543731332 247501131 309360316
279141871 185429430 784605210 812478290
40967690 653285489 786943173 804934851
232771905 782193369 871938329 889139345
67786676 894605712 302575767 332628048
831605130 385298491 279388026 350959682
916262627 654605019 951246698 993516451
849965492 21243464 505666847 566465646
942115823 908369385 595553651 642887629
472805570 609485567 747716162 767061144
551617760 856169001 35138317 123642650
381299067 142762296 304776797 392680529
585599677 864548938 26321286 55634178
569950513 850411280 58028078 139467693
262471398 568220500 405888148 478321024
723208189 259645410 84384270 135579701
529936753 114933765 256451081 326620735
874009969 320265256 359172190 411273159
898072364 925392501 760200262 856993496
414893741 931340035 158846435 250951013
678384809 798256758 467408500 560816165
981160451 65224755 186802913 208222615
162394254 312484413 2036365 35165778
950693774 825520456 97139615 111120404
346922296 892880413 45458185 95143319
589956622 767237836 828343813 888391436
287859812 960466461 821483683 912519149
656180102 318436633 647057917 704040474
414994670 745838371 561017006 603419160
713785883 813156246 723154718 741869114
858558241 37020160 979357144 1000000000
611610239 272950294 715723071 766256609
457312647 264925104 833653993 877590107
573157869 646562782 657894751 721315538
829586405 188199315 128187004 156739002
572730869 841133311 902086630 941087396
885991484 470981847 306939340 347369295
478529765 131929262 199035776 231351055
433343175 244003665 849875644 871284019
568229158 258012320 39107758 41795768
465620050 915425743 705810087 780251642
508417521 160934761 872617288 892211382
77275139 641924263 850565479 892234711
532017127 146692463 657203848 667934943
610166244 854861546 736727574 765176110
444622142 949626555 182367785 249535784
293005164 794384898 163333458 249421103
864918828 662979820 379979539 456557864
680849117 942190247 912829302 944493490
695563031 61073325 935488036 1000000000
827663234 510524095 734353536 737157661
482249655 234804157 804245132 816172810
176841638 857689017 156076862 164420929
100548834 49085544 953845933 978044958
322425582 62168971 762372102 796531231
785300537 350354363 467255231 477640907
807441620 537656547 166757832 256559540
969481175 717109489 263343797 293835306
637600108 198095371 339793741 376480808
546238802 161541639 544905539 627937193
703689515 455470698 845417577 939647074
991117983 445959356 227476661 313897143
267618715 513937884 473697258 543074124
717933234 698261622 880156888 967914154
791044284 287402439 641179336 730964490
567106179 518222975 395498284 490352063
670607044 2330110 368104516 376040617
395080892 589822316 77074968 90431706
702146253 486363466 898605951 924336270
392894167 508607372 726322360 816920896
187610075 953122968 751601955 811474526
285811749 725511358 869847466 948304525
730752763 931106834 591012986 685920421
77841801 750039978 978679967 1000000000
753867113 66244940 751130977 759159228
366100373 441374000 334950950 359872306
739605409 236546530 779897177 793078443
516945766 598867456 499392292 543608192
724231283 587463078 923986300 1000000000
519296526 196899742 127688745 131139123
375808830 623940550 166584788 251126850
321287668 543848920 59896009 107591705
779991389 962010034 113373725 128949128
629836655 442736760 769056499 792253493
821680059 283704354 854982013 874661495
615016705 134051929 940803311 967255707
449003187 447277586 416521331 480715204
765885698 462492932 864551870 946759001
631453705 191708169 865061294 954189192
490323503 673062984 158020049 171625040
875076338 950452179 215358614 238584543
801482820 338982619 881950885 976548073
595410656 214844588 649169542 731413227
926924781 912693978 781867464 870190145
677889115 215742177 231613714 291370734
792628210 360590336 64196081 121387961
728697791 193410799 417503302 427746713
213223649 513897872 447420095 503809567
891789884 354106854 859479471 947003940
745891904 711663441 977852644 1000000000
531434952 378165972 1992377 90182897
13992811 369606084 103235003 134638334
825271018 652415503 616851174 623167503
581993790 221254903 21196248 49863447
983730954 943952767 298180679 305446388
182731337 149782212 490948067 526972653
598484564 371191797 938450237 1000000000
671387126 42065139 755811270 846403918
470317731 319483026 35899441 65608375
418126257 206591653 461949609 517283559
115983629 120775102 804474710 822210344
43012345 116892706 739592137 824549603
545826914 219754473 274590988 289983935
9972497 799276954 630070846 694274419
869088982 706766247 85896694 136529465
663282582 719377314 857369865 934494076
863040928 197664851 34601651 86807310
770680479 650380906 315344202 345258909
997042847 439604089 509212767 604024021
964025877 234941707 692025693 733374342
582641418 423267857 174879667 180718795
285261555 809659247 52083643 89668324
792536907 994988044 797852510 831771140
310212154 439477214 248398962 347088274
563639637 897139641 531097992 552843404
896758415 352565318 262326737 332027197
71211037 389490357 837031697 849214870
525871855 760263400 888511543 934237631
542089765 620153743 511154560 564831922
720541514 110499996 579356462 601117684
519138360 685065059 389879744 472260047
846842885 472351286 475300501 528690956
127307719 475801902 558125755 622581555
385227321 779067112 106960271 120006899
909476131 51637154 884639906 933329446
595638586 205082387 532054577 553914694
462018834 399472657 138904222 164452857
735715034 406974588 357211118 443534309
137660094 693457097 910940497 933078637
695560157 302318532 451708696 520910195
724199244 947444174 227375317 322458406
781309603 452058140 590296544 624093730
391910735 883396263 275968799 333858780
522704562 741767558 342452001 398809675
60225799 690370825 236790249 251423463
113211654 856917520 18249855 74514975
558845803 874178372 31012155 36586190
93108725 24590791 609144065 643497373
704360471 354291390 134021455 144453581
456470888 496677197 949274686 955249384
957712557 286839867 785155726 830885340
818028475 961630268 724284312 778465554
351295670 392283939 518968564 580275659
242196255 788278510 805907405 842136726
105979121 852407831 18372821 72399779
600250418 70012922 51177860 67388062
509590843 423320290 18779805 114742802
259188830 533399903 581157250 599571229
464603488 961510156 250824907 301232192
846788982 76945564 853185741 923446589
57974663 699481293 654096999 655244239
106885308 182964684 3946021 49942840
468329727 716480681 414110458 486623672
519775946 480476019 979812964 1000000000
641177712 68342067 599998719 684722339
624114697 743655007 359222736 377096004
582871559 491299394 456977682 461713744
250186695 761490004 264339346 355679046
288223714 931154717 387140229 437448289
871144412 681663004 650784191 740121376
126100709 145708351 845773311 848665267
299345786 174848945 991641318 1000000000
19764312 511145073 88210483 147297708
471753823 117785254 613261511 694891220
638316816 912430484 804573219 843109771
274065861 324141449 534803355 557636980
229977115 381002983 510943671 573890673
170825051 981667515 266112383 363001547
143968025 343289808 544105925 632794018
970610017 892152276 49645001 76973767
306308655 864043825 296041145 379326573
620206278 338317846 426276807 432134140
952572475 778538676 139061151 228629678
357137531 826889185 464605307 521074022
848389290 605455725 829911943 921469312
645664649 932832872 689224175 711513885
424482992 63818780 928655131 965671520
904865997 106641265 958970694 980343095
97011686 953126369 850610560 858689500
13562826 80587664 10498221 23252662
484107454 155111311 652038611 697401367
263428731 599342487 743330341 780749563
960974428 624972738 576231669 659572862
237379429 88461109 540878558 634537677
39337854 71953530 126322501 185051430
918184934 870005665 738355736 778644872
979767812 457666845 864917546 868134205
258097505 310558785 777603630 825940400
839071100 873823918 409389337 455704482
237418233 477769826 625000669 628508106
797690979 438456886 500449463 560407893
457407355 777288365 881836491 917156819
49005559 305722027 111432081 182122172
870865951 503099681 586064963 603721834
25030863 926442791 148355332 186098181
211917342 266515845 547456383 600105040
997598986 181123506 597922579 664694798
882575258 684639194 726266883 818853881
414429510 926524056 936268710 955842205
842809036 28857128 161770241 216731622
555469230 467898026 165914936 190591770
652910554 203802941 74464748 94442549
807073147 440985846 797871813 810439291
167361800 419505927 100311202 166185170
614371802 905749212 199674402 283224545
847466620 907056447 273921943 306811726
677783685 681951099 465381246 553067087
705613657 599074583 438504004 506818359
179769409 408741152 74751806 136312301
513522999 56488906 232812971 301518261
332424046 772940120 29591864 95902465
419762726 669677065 903103748 947142612
940462873 962651031 90837582 121726600
419819892 699364066 756141454 816145253
99684962 615372949 14900270 38326975
663087042 814331926 974981574 980360480
557498515 195428320 619951698 643750440
588757873 11402743 257199490 329859511
87111451 910308025 15974033 48881444
291359863 542494404 137299344 226696571
232331230 762472738 916889768 974201673
295742129 873537196 912064594 918042530
55071511 384371669 285517526 299944377
515660404 341572318 545405492 641267377
775303259 559575964 248028589 343072045
600583999 855947589 816358510 851353882
184211462 2360927 490580824 543200110
969417112 532905030 88603556 138450358
937412025 883229031 282428823 310032222
46851754 276340245 53574327 88754606
300861967 92324405 174097124 228107217
548255762 42583503 987826786 1000000000
940493050 439071432 428346361 507077878
404879467 282831243 482972586 568151830
34604390 148607486 403381708 421032659
245846640 951041193 51640870 77936349
977915756 349937373 999867971 1000000000
154600385 986716531 839362653 908299041
789703208 2108601 562320066 596485728
295689490 645261708 921475688 973164597
819768495 418174887 973318918 1000000000
353084167 993397813 474004749 557893993
101091497 586295356 904428742 947005669
950979449 496563003 191346803 245887362
365615649 40266606 215007836 291537471
693323720 468900815 954765615 1000000000
682645009 125618286 686742433 751488998
763304273 155832084 107524080 197040150
766331862 914857849 836012886 861601357
90418064 478935876 134668762 197330430
726403823 619635347 982763534 1000000000
172541068 890230704 481374393 572102879
330575735 278341380 678183659 773091629
982038389 489866773 477035331 478261795
262213280 173101316 637629315 732104547
133436748 982809675 16079108 86354418
959149317 879967155 519960900 616940463
282900857 483006419 809574617 875174162
468075551 361460988 35378088 69443504
481008222 12658989 841828822 867373127
948604287 849914097 354318565 447763341
742068268 187559307 975817978 1000000000
109041146 219591749 194842964 211189548
15075037 322417155 111049953 131445586
585287032 982604490 975591775 978739716
850423122 832050395 799967125 864254537
548547141 603051693 998875571 1000000000
392004161 567548862 610011511 656321035
766491670 269851194 655780495 679587279
487882778 972862668 179896703 210255213
883292073 636657197 407784885 444478602
468805925 298470290 11285103 69328569
522410143 970921210 770958086 857670539
617521948 924077614 163436853 241965148
96772281 874495287 854465567 947485277
323107194 137271037 637999320 640608926
511470766 256112013 608088262 629671097
186414193 638849978 242813976 278653111
293763383 591610 164507705 227463256
652624367 76394921 125923859 132642236
998448388 385930020 916829094 956721083
841060510 898922561 339937641 397209440
509945797 637107658 868564570 966638229
193663342 291120226 517201949 532964238
66217886 862323367 301572174 343222407
28526153 512790985 39690581 47800928
564335548 694453050 744629271 800483284
159510485 717519503 82166751 148528206
958789841 161273411 223242303 237546837
403778405 225889856 983125606 1000000000
111112964 135673276 284332664 359225625
111529914 72231603 762037488 817349848
732230623 642719936 258529445 304174221
531390992 454074080 508852085 603925759
260654908 45627607 747399417 833558560
428697671 253481260 707741459 709702182
606126747 702888683 33715036 100533529
547441058 298404013 75400945 143275108
809420557 924551107 420099001 504916987
505785266 976289706 106659817 197231042
630367673 859623489 193601838 263135826
642585629 93895293 39180105 99183357
495893270 589010894 447564998 471940395
86666702 595951985 687578412 765913612
794736957 387534789 983295760 1000000000
552708797 415182187 599821733 641103422
363835778 677421561 227485840 257364455
988437981 711219992 770705792 799281178
315423778 535865462 947268871 969003301
366569190 145705135 679398199 756305080
467316699 380986854 931828837 964617249
705399348 947027770 845100915 910553628
611667281 296596974 883760929 904959728
689444342 359896389 580253053 637972993
129137923 893734126 345811401 424736477
79208661 240412918 425265496 436766571
143440513 981374310 793540117 831563003
662683243 919023569 555953409 636198227
613271555 101583608 897173430 976608652
952999132 585411164 136428416 177667067
412564741 222024977 227354312 283128921
103732865 992503569 528996689 614559715
417409178 293484148 116508824 146966231
758303124 757789259 671260287 732530701
675354657 116458039 64155106 160274363
357969938 637691428 714231410 800822807
581978505 591899620 263553567 334387597
398932055 86773309 467821852 559958171
985801170 684992247 942314657 1000000000
776249021 94247511 707650168 762559855
680190933 426374800 336025891 413331180
221547435 375976334 428434452 442259278
674968308 150439221 873464599 906363197
935601269 718840908 984528088 1000000000
190924853 463105032 196248017 274017626
145315298 581291513 508056200 515984877
62250681 228776150 145644679 172628911
69187870 567192723 418440882 430200758
91191590 397130767 648934790 658015550
259392301 329111635 319908556 334898219
977135854 349149792 170121950 188672836
32794694 414771376 975884801 1000000000
223170535 605317938 777383332 825017905
937280859 973277841 934197481 942631079
181522447 174329029 626746097 662760040
445565755 615135961 274507807 295717858
958532873 196772592 869842828 941389483
777720070 829117360 301001058 329503580
525649220 814126784 119206790 123556322
891368049 262338508 204614767 296658251
365866760 885233171 326706721 360141672
492954898 10789288 522323801 592874538
47897541 593963913 317954970 351690384
682757164 619787141 614735906 666171683
429634234 371950286 344742905 426929454
49895927 468125413 306652772 317338711
342733828 43018438 432940174 459489370
887580372 789097409 922856691 970916290
110996029 106767298 123122281 162757729
884854922 918147009 101942583 170595867
353667641 304378896 107344726 206882687
545136526 789547660 364317398 456277344
422851254 505382649 722442323 768486831
338602204 159186418 936855172 982775933
5589353 294349073 370496631 373847786
374682209 305007150 286094227 309302199
801176902 11076722 24497322 26137551
981391877 981114168 686966362 756697875
661026245 143015449 166561854 258582574
26101919 988558784 954072725 1000000000
811762051 283765934 848271405 912377965
737604389 616776460 197742710 227766755
803411966 120658104 660018848 661022524
653061282 493996730 443045771 444137906
505616831 404549242 659601130 697128380
751719560 14714021 591715085 676669884
423349489 534820556 314828459 397970874
331620005 114140459 413458235 485149314
370513341 560517240 551953399 615172619
540482337 808438019 753986365 826634158
619020767 811278112 923340202 980563886
487335511 992577317 441978376 534886400
325770295 463529952 672817678 751632907
293134973 513772168 898336230 914584494
675402807 400057881 433275955 511655816
899972555 828515707 66333564 96938056
307682824 464043219 55151102 86722029
51141849 24025904 537474621 612346336
631748461 864048878 147396743 151638807
557087874 475025591 727483025 805944571
590539428 255457416 338496074 373827610
157223328 304287139 739305750 743331336
647551073 146973243 10058853 30850021
798640306 437064481 657673791 711333692
809886003 914208113 107825823 190420947
77976317 91804420 981313153 1000000000
806534381 938769023 975487479 1000000000
963827045 897196250 271691830 279066055
38797095 261103129 315573848 332341114
662549903 928466836 852813868 864867954
502930056 963657301 731129059 756286938
140925375 103484948 774034258 821270691
864870127 427068449 249308606 325556933
675947217 100240791 963338650 1000000000
329885734 613924060 159012986 166967658
774923733 208770393 935062716 993568902
351996215 471960895 689740107 740504032
204148458 553772164 662553545 711550014
520242813 790089595 74739708 161690690
258338704 995985333 829162678 886214446
760456033 41876228 331962239 335820819
699292453 857959036 302539808 379523312
280892586 925534720 86607032 172302732
842754870 397541856 771259415 842398013
241129367 642853905 245691011 338809916
996616059 698292270 803093306 898593351
986769276 205504712 64016626 148166835
687401165 454056882 253337548 261518566
213648735 757694472 30398755 123240216
298471000 542387796 828093812 898513675
698910746 191883805 199365342 261215353
60154778 670447828 139721051 227086346
455665567 971424311 550909916 623394751
958486996 274867266 810945990 866117307
426394530 892256778 106169172 148358117
532214796 832470441 862640084 922973172
838895847 175920416 100556481 154485148
937863944 223995066 715320586 755575423
35675507 104033981 966274177 1000000000
785627541 621181761 482134321 506295511
745586321 810708786 379073150 383531683
134530563 577358754 833102274 846541159
914928718 677620930 243003049 306226803
197900358 442228691 541491924 639508241
345725134 375155602 479108899 519145988
427130899 122714937 121645827 196940194
186890195 156921280 376214006 420959078
319715731 69012534 35084003 48008559
374394437 95072914 640659772 654529531
923484392 648141746 866688080 889282653
589246860 236530291 197611032 215875230
168376378 523750377 188624932 241843200
600194818 481117831 355803680 453316690
89443387 304171233 332364818 336894447
857058805 127754531 583286704 644537847
647303001 703124636 627180050 652534227
958587962 45055344 363788193 434796568
705841358 584521435 370378482 437034663
939456547 215756960 390821609 472536916
833544118 503352545 282755580 380379410
447533985 168474573 896706681 903191806
452612695 732158649 203635038 252960376
249596506 118503874 31612529 52747889
297094676 242840704 165660028 194870576
754033793 449001168 597085758 678434381
224119156 870149039 786029920 843947016
921587378 766783402 710900818 798212719
989045098 869757732 379543749 422626441
728877701 934151068 675669811 680471775
363405273 516981824 724558063 806398849
994683073 143042892 138196071 180403325
397379495 494914833 693846267 718687680
990750344 43987433 347757143 376889732
570866465 755444520 539484509 565873546
878309896 468402049 239912433 301674772
432253918 846008825 662004771 739186720
866962469 283714650 882406965 934573694
694393331 49192191 342915342 382960110
104840415 619538406 103518458 120251395
888042505 866264436 681495398 719608649
993776727 221471339 661750767 700648021
645150783 865110708 853620690 861133012
894982193 326266471 361277858 417253748
121858863 626852520 84610148 178363020
106601104 506881452 805935977 859079596
791372682 325882149 154538979 177533600
211620860 986220465 261955227 290540059
196841227 475535814 589985509 592227231
721810897 556226014 32274459 112524408
754602420 553281513 74067905 142318581
498326790 469601691 42945778 50145899
850005365 177862585 357251843 437603655
964982765 987129701 488263622 516828616
629535183 673958132 942388472 1000000000
247919692 38551499 47194444 70703848
361804888 510898598 144783010 191781872
355006932 311617785 913879340 1000000000
278704262 495018638 283867071 339547228
541307106 628843568 335221965 429835155
106519624 560311019 75106124 94150755
511511258 838349555 812138360 892403461
373403102 450282541 515810611 551328986
476281408 157587940 313068693 318906023
552094027 412234693 118419710 121677631
576953405 122286833 446764068 505115976
505355417 215115878 626616595 713768207
997606557 622266678 320796134 360926354
838268258 753809646 57764022 148700852
340283197 913935712 715301955 759674983
790114903 283256892 889788183 943446771
697694792 601465393 857250648 910601486
43454757 613984593 455950059 520128483
464662850 699938454 604945789 650973906
681612590 401288085 892461095 961387841
524979364 916834496 834620035 929241765
469270300 471913899 993870989 1000000000
37725095 662525386 889975568 978523630
195961161 666792835 484235999 575310768
960810146 683660573 16822993 77895899
324187773 584374100 705774658 732855176
735272184 829281464 157448736 157981327
925246531 713762758 464711571 545051890
373050760 960182243 282687527 369404853
176545407 441631460 268118449 348975067
455741154 893124559 23565860 67380214
935343480 942985573 177393447 178852084
514865528 817120882 378127541 475094404
734726752 79007372 546944396 619899515
442546397 443108226 612804190 643012768
93276407 134868819 229697815 272441047
488263154 314275765 467554965 500173231
943170140 269984763 228412014 277078986
797769059 279672868 20158116 84997394
508821384 348402572 680466727 759742177
435693385 749062958 913684937 942437434
653583900 935069480 400617149 424846459
949347267 658131276 252432688 281993437
311779743 686161197 918585453 951155972
321697574 972587662 253768447 353363803
542445303 115063336 547798799 568633554
890290914 480162981 426806465 464053017
443535887 461050250 863595883 867939527
897304102 781522930 858561088 889391210
274812187 733196398 917275270 982887555
547724040 939714190 359319730 442255170
668382008 53064601 643982525 719380402
837793350 54334477 414030157 427229898
320819926 582596957 263927339 342926018
168881128 399020179 694393916 782280010
500421256 545418188 693900195 731828386
223944136 578525477 62498223 95732725
389362408 902550915 13195029 14021488
349273279 791614511 162184474 223914592
458877863 122833322 953965007 1000000000
836948107 832065211 928987708 1000000000
563163734 731883441 126706122 197928011
511042104 914296871 46192166 110364019
990510982 380895644 881053734 964252193
494952668 576600885 707544496 776572742
167266772 790364591 516883819 545434198
320112356 228862032 804562978 900163661
924827487 407166833 715228811 724398715
226045813 217093986 917941489 993675835
728810813 388127077 601401143 643695797
961442022 416661709 127123009 184987568
405389359 520230186 2010770 25118645
882496683 900395010 522743161 542155904
979997516 609247912 29052464 29197776
384719641 106052545 776870923 781632711
388947663 293067966 775326205 823713907
595319783 983239421 591195694 640328533
504843001 748486549 352832870 378949039
566251702 227896717 264267913 267910789
140919997 51053716 593577165 660482172
808132828 642972952 690699724 722091905
726465493 432498409 619320761 693334953
538437732 86410 727400610 765516730
43537849 514150166 67908497 108730981
817151873 199494460 636759046 656388768
388754645 127286201 995333263 1000000000
961960332 138101984 49068045 132208726
673655700 346013821 399299481 483793527
536854201 298174560 151573043 175561171
630149295 940524493 529706315 628249281
302594943 583819282 282210897 318296701
315101661 130006601 351984706 406081119
584091579 200271760 983969700 987366220
425729581 840209545 676924855 730651141
445789937 362527505 107915811 150207411
986192713 120448902 40897819 111222146
430273004 76582293 965048048 999853901
493287387 234265276 34972700 35744609
425528815 539285857 420323293 422304024
745096296 599480764 615046784 657812347
573795085 295853373 541945385 562385580
26130076 29621392 366331250 371730562
524183011 211235641 839669449 915397995
601771188 123073967 755565447 838388598
52668619 29595512 327012594 422023965
226492459 794809674 649002877 706358169
709163858 678458564 162662661 219344623
848227628 121496964 883253587 961984996
693716327 677267712 723713389 800258132
414554296 271134253 210960123 238929605
381151096 821079752 946295169 995181427
720588272 748179327 626119796 696227144
696273952 712203762 208040444 263649286
843094221 298839930 944920001 974862872
271897345 372057747 970095855 1000000000
542383396 360417616 440669895 513382737
533100254 539996340 929248611 1000000000
786119321 801581917 696866109 706684692
134811951 707494460 166882875 264934300
901757676 217130814 121332930 157147745
47365735 229960976 892939370 955951168
172764876 555127946 623388671 707735580
427727330 273866284 349788734 438961953
569258914 8672359 905172606 959505220
32136551 501286308 669117432 678996185
448690994 339972266 862913142 909259487
727793853 263454787 592634172 614980349
712924289 182463699 349863733 387725199
12802926 158124817 823509982 866362995
930683457 920484594 57739400 64156717
2628787 868004584 214142827 262516163
425681278 52877515 468389503 547410184
788498082 316375528 139363448 209209715
680247544 130647439 188244984 206458950
854696153 267271777 659209519 692495761
555891998 154335962 193544151 267536888
998137751 250287931 516206635 557899389
684721009 211085871 327599212 390516229
889881889 863279376 896818352 995906939
895776510 98966313 434900123 458016947
804871313 133440063 81809900 167863268
969967303 208698783 173491699 250577788
453240792 797707042 414920669 482526672
346158604 749032835 893919159 958344311
434884881 311222073 628238050 700654975
897002486 993915127 64817326 85373536
360697762 786741649 57105332 112048121
479817463 580387649 264238947 311609197
426141706 631479374 767119372 778154954
410032596 761378286 317184600 355314786
278311363 166905066 222320136 280887434
757951409 269029356 295453782 349465882
230793777 204461627 559406649 603013215
276238200 260944323 947287718 1000000000
609988531 940504708 717447950 763381071
323132347 373617969 29594371 104087766
796128392 734119690 976727947 997104211
537693873 245745631 783721056 810432431
426839966 428151312 433198390 433224353
396698362 640436117 285507010 322968245
984305839 331533591 816920361 861861314
431621541 245285120 947778666 1000000000
867779798 622771198 144151241 165654741
297397679 983661223 671721532 744787875
229404824 263371075 845825484 921258998
704629654 481928116 26261017 55059549
141826145 705218597 577538991 623984738
709488412 952303911 957083834 1000000000
637201427 523784186 893462529 914730984
466712068 128629194 432450699 530672972
830419418 558982264 454344989 527656098
38270272 97638351 137023224 211202370
140282926 643746694 927507428 968963017
102624691 943125583 978205996 1000000000
568525110 810767801 677337174 734336631
227838913 899263401 900531639 987649951
95186772 854875291 339046556 383561442
203596928 715222290 902583248 948185054
324271745 76315538 665541614 666054295
787873406 227789940 350593825 370263991
962341863 614795612 660077247 739569317
565113161 715530952 564918824 653894080
164139447 21191840 230095050 233823177
370867225 650507796 448301476 542489353
813290885 310645026 968504727 1000000000
81901308 515645078 931898713 998249504
723507229 925057430 583897852 680731970
835500331 233741917 111545442 189322536
335247811 241846575 609422162 690128997
878202670 689209170 852558935 937095985
779738856 618859144 50950378 104985056
390046516 299419272 644090105 691966668
385669874 90843562 824008315 876123306
150940456 106696783 690738791 731019734
261060769 478208200 967830183 975639114
121959602 376347448 899902689 941912827
94241513 459317942 953812819 994458723
426188435 419522066 917612968 1000000000
50671887 405931182 284018769 297603365
289245248 711616289 754194599 848264333
383079944 204062704 516277998 596675093
355515317 428604077 46736474 75648468
794359982 142773963 144671034 200572725
338089075 830797242 813795006 846529214
551384607 133093710 739713108 768228791
274113318 647784734 586851061 618763047
609372852 669510159 427879924 464869100
177554489 551299824 894249984 966969426
570152948 314186895 726027981 765360518
610862078 915943121 816808808 852801495
842022010 520165996 637946577 715985443
223870156 409869539 770522109 781165949
7627031 957867359 958115540 971358955
805739354 511158323 678424278 761628526
723482506 675528064 491729161 545181417
204321401 168673529 289156404 330733526
131664829 811564690 915479739 947668395
880175931 327925986 68105889 113573472
113391780 520451164 571589496 578227072
798684174 985865435 845295904 857966709
121265803 101649233 703109040 725820370
604446485 472795188 240335922 272576620
207888064 683867084 46331849 121788243
646774081 684458297 277889336 333057136
785493124 433062655 356239389 426761728
239095536 758734436 328769318 412633295
702475026 850009197 792291228 882061732
160427419 373262920 706848963 707852304
757767581 241960482 98742618 179188087
328803918 578718733 153995259 202508838
244937389 875775290 292064440 392032320
987886392 199539716 153874008 224979578
998687053 354106194 890666334 927246081
916312837 453929677 787395165 809027119
74661973 981883446 923440285 928049933
30211057 952039447 866915806 905901856
932598097 466802348 820280449 903757704
846231741 762336975 983041409 1000000000
801564663 406081111 166279209 204530260
589999871 969566136 583051159 664529411
299704558 732284177 187202754 198756425
68625811 138077521 977206698 988145589
799731354 877492338 764030120 800924623
281002828 493455926 823253807 847338002
441083399 680197564 184650931 247868357
103207053 240996329 557874200 595647803
391593088 315720890 689738406 700272685
613543098 304308292 236090369 287257291
792363205 963985046 244248386 265153001
316178903 401157301 273697479 355347861
652521643 109925208 708024423 735019797
246422973 597634656 435504298 510796591
468194407 815674528 641674723 689415968
368926662 555091070 522797279 529736124
59674059 420287923 500950354 577623940
573859649 489871457 745905535 756538122
358797968 65471980 96963990 105164130
161196936 191267780 658802435 664500154
653523432 859205513 577180397 650666471
182307532 952610038 367288961 428134789
599709439 453213875 204168527 212640334
188992344 321453358 26260656 73260149
524016987 111275308 629808937 637211379
726218474 875933831 813985116 847099694
235123731 539193541 16581882 31611124
509897252 33581864 693480898 751497526
884632967 474654925 777193238 827247296
195425410 926376960 914470532 991872561
454753116 911767877 487456032 516624268
628266036 413310423 307457587 355999524
613954590 708165798 518507922 606026588
503795795 504960360 964451373 980286496
639668106 141534439 669465664 757465700
168608003 73383200 337482807 388912153
547425008 836118674 564277189 660923341
437164832 627397329 882682180 955195248
339471704 96791894 508489511 568290792
274427942 822444406 351861443 424935092
865809461 16603603 880406835 947886495
348723345 892088145 164356195 164988039
33194193 391928056 72902229 104194495
948658413 405737297 327809358 402659635
861355794 804127462 284007090 377603129
551887965 586704587 286728026 370054316
130913891 142882400 525938761 613714888
716801579 105159591 124390190 168767011
386004908 568970579 789867248 840693460
917020886 177468146 708104507 758858697
661252824 392238582 545926890 633315641
2158143 887717546 36263553 123382229
212194871 642990377 72093951 171458070
458995129 968555092 118860323 173440527
924294317 268067721 978740366 995680935
136668409 479397206 831370725 886940436
100197367 736305309 162752139 205635029
964177470 686444146 222822992 310240618
173630484 398563261 435339258 454968627
949311511 232616518 387488816 412301622
358330619 315211921 657450518 668560644
451166004 539536039 388506845 395317031
948817142 829372481 74066123 103875388
573773888 951694623 456153703 475570401
190161333 758014 788339254 804598446
155315239 667600747 464199401 505221240
243691095 240457217 815442809 816382182
570536706 991701134 353833100 407352765
210609969 158717797 158625731 216742959
420529478 699911342 813482823 856234441
79109560 127874324 65046214 106373458
294995959 886090868 413090341 465725161
400925913 359206764 677924130 761095165
590893247 815044837 447504246 519491520
44542314 730517020 316390725 403712005
390967653 420761588 904701320 986046544
94450077 932033598 585135474 594394683
133102972 835111678 257844967 318705441
961850312 887174845 784696673 788291406
256571056 531234851 96793342 165449338
34141669 29588197 254646670 333156578
371552769 769926868 732877022 766411805
319777227 269760508 591573842 653027988
188378 216487451 463937893 524263760
488020160 940733420 485041178 530371118
400696110 616766494 508394002 542997300
472749331 144645712 662896017 715556648
996443282 605674705 513165937 598235200
794803827 705346235 425162295 438450729
664954293 118338161 988068569 1000000000
500123657 51878681 865846529 881143475
