286 1704
405920594 623059323 955971911 960247390
599071446 250425445 801587901 818558591
772423833 189411711 780967512 868353161
685981135 370157645 319571034 336189121
944180759 604926842 479457048 513142541
648211948 439050709 435167204 520177728
412982918 453318417 541348393 595063592
880826982 147034534 139261379 155748682
734599971 469470539 768872703 802788272
7583008 846407461 790539361 795293804
547307530 231626094 169643819 182347231
304519655 885627925 356035483 437846136
228852919 526385590 974119775 1000000000
289733850 36477036 899277190 939610679
52548431 812285263 103915965 184129725
328251342 265173282 392933129 438084510
464983837 732917511 22772241 111383556
750971633 134003504 988680736 1000000000
217368310 293476014 532962366 570177903
420794456 551643602 710991297 786998831
45303860 338395917 726942197 760450093
272320405 323156371 853176120 921826925
476708730 698109392 361791573 377454984
985621333 247607099 249525917 254307858
946205816 405728577 139505885 225834318
131468089 249308348 931418856 969356328
116600706 457865871 329152187 405012179
321886477 70928188 360791787 425153375
182222888 835660697 513624760 603251851
306120892 45377323 995594279 1000000000
504376711 765088996 770550626 829733949
555704010 283707414 500389329 547697915
944708194 688786078 552668752 650432429
37833856 837659714 739752354 794056486
14691708 449003121 955391807 960633788
334567800 356498125 769159360 867374646
666932046 924605725 506497447 563967530
988757232 277944473 17640773 87303183
381922846 888945207 351739516 369006573
363361704 906188974 336773824 393797107
235507150 395327213 360432300 369174747
569429634 702694664 815921229 848478607
312798601 347769005 644816169 693218611
12782501 116458412 273369203 315980512
3311481 242948290 138537363 198575667
284168408 42661053 559352651 594934958
189396095 407846363 531813724 609233273
904728393 790459812 119678577 203072773
781302754 23019094 84818036 162627141
762592389 618066065 876824346 941024926
500518135 195679958 497759045 519348336
578843400 506497032 417169537 490989187
970129647 886507441 7835514 44112545
998142948 994260123 475385433 528860067
945831391 200429665 694672288 740400734
753175133 824050860 798099849 867371534
973429548 56332200 814267270 844524347
432237966 466435747 353581475 374618939
296718179 962271291 526160298 539299502
701134486 543927647 542989002 550479958
18318210 379199298 875088077 883264578
207599303 178364877 775785820 794650432
790213689 42008505 839304189 922348332
802385410 610782372 207350129 269915563
771429617 158247675 30732639 84536567
245325118 709103511 844214658 942459530
669829191 329436537 810669917 852791827
201161556 584261840 192366945 234877100
729334614 784214116 674338649 674504122
355714052 485047611 768608706 867067755
531327680 25976812 737128695 822434032
604605544 372972392 800257218 842532910
100400196 160927930 298056664 354199091
919224337 59412610 222054146 268459384
978564689 573350945 380178637 469756352
595968312 865817760 246500342 285795588
39781750 670925809 65431834 105040574
738331247 974652430 23898591 96991729
112980972 271271385 633904254 665531233
934255971 131440473 393079612 476947713
365527287 367036948 13132984 27377259
618774054 322018514 711725397 722836483
893453167 632770616 597245910 681664802
13139111 420136197 537041159 610892950
880135032 747108380 147208801 241584836
550776779 306085089 764286435 766125143
444925090 407691441 827153300 887529575
482023176 243271150 172281407 208178034
517178568 643295375 959679538 966350204
759346451 789168593 861533770 917354418
790204061 182932551 467608292 510734603
669557523 861285450 192940867 207906680
870105754 405346188 787646219 854483969
402981039 813436258 263466752 314380841
474209482 362251179 979921451 1000000000
555200108 334915029 75050708 96422756
894389347 736865418 769068199 795394719
696882648 369769616 7206164 107037646
830210813 787460203 601841986 610649059
129474777 454302682 939578165 984160271
892409591 97546648 902807834 979121435
42656349 240093962 560309400 589594776
273030044 789338439 181765811 257054286
129205490 714256610 795765586 853891037
302435321 479980126 435783243 500083226
14011483 677964111 993457137 1000000000
616393952 263600584 92164460 123669519
236181571 554391063 692195928 786899775
913303825 387171922 667519068 699445443
737155241 616236962 164565698 232362382
519743084 238680699 518555379 536408000
752402788 426602173 253929615 270502020
848605753 314239633 889786892 961231691
349384156 465384838 473946596 495225144
480265682 823340515 86194079 150958847
603909208 200838377 354929192 355257213
37740733 306714659 717023806 756828361
328268458 114015077 418999826 479402672
980499696 25106306 289699487 387427334
785843053 854194506 170010728 185880409
811704473 655737507 18562217 92278933
488465529 231104468 57805461 76320940
80330967 82540955 268104418 285154532
584460277 21357347 810121005 870879106
767427510 392141919 743545237 798193516
725041401 701447637 713509025 761968685
445050590 886458222 537785377 591158178
960920940 583223405 310363621 311741542
303525769 466271106 132666634 190349054
166944367 261934344 196771828 256981583
724487884 273487274 865397131 906075675
986318090 849538979 82581522 173252477
549431647 647811705 840413986 856286223
640228381 335877426 861755832 958966795
410718823 260148389 384448500 390439238
195116991 140885417 845879893 929686009
904178465 986316670 238075494 328938283
259161883 101294877 692941458 703072236
279820114 72797924 684436698 698130145
227551416 875447853 722453260 798038769
655557014 499076826 39528021 73536865
709123140 162054379 881242035 925962869
974984667 728235804 329876794 384252340
714037236 521447941 509306528 605314863
93060608 763197961 450417176 456986988
65801584 766198453 203175731 222953827
709707965 980698265 927351106 1000000000
230798241 127432387 625808589 718571516
56876637 649167351 709772482 792624298
736744578 474495590 343591127 425436600
812377603 12512469 234502858 234933066
487157766 383457295 34543127 63118976
972835481 836779071 728817431 823728985
264477269 521452174 773103766 846885280
334708754 958801606 797595391 838857606
907363006 140877954 687726869 783105160
198058605 988267405 168788095 211845361
794732676 789108005 301449447 334079881
835465935 250365024 191102230 278643097
349852810 429382054 260971520 341472182
948608069 37863028 182473648 227551318
582272019 400665892 360257310 425846579
48636122 398983211 554556891 647807950
139118519 78030412 27037152 56348989
461413337 537169583 960196396 1000000000
51357389 667935873 540241860 611642612
492025373 959041176 970957284 996489495
602288155 736636788 686466775 739431075
565482240 911532191 681245855 703791163
431436442 777137748 701187971 712298927
481996212 350586812 139210992 171427120
363549483 884607592 141275713 227447995
982970499 286897860 556804904 626377853
350003944 596821733 427647491 518941140
533185241 964731674 902955903 917577659
323803671 650707623 672195493 719360749
636554482 467560640 482745293 519099118
371412056 448822386 455855357 542381464
694300035 442481437 104130630 142833307
496530998 779735506 66001178 73179665
590726022 137212378 546112088 563265501
586531565 196077340 204084640 235755468
24246366 185022703 990726749 993206652
292702730 199922358 243612205 265576697
705955859 170053046 371418773 468945060
482487935 151736998 323231431 358118141
140626996 986562982 588028093 655210700
568770235 569438137 736993070 803354547
333628001 149326979 816759663 835840616
875714517 37053824 284308423 358165572
985169728 837550633 647120075 724974811
987254897 819435777 780796925 830798808
770270992 254838003 250156179 341019182
769298254 455265717 378288993 382405980
800837313 331322666 331499435 395638149
217502549 185628822 674082254 691932226
784455103 466597646 34334860 89684062
189812352 499681190 13042430 88517590
835163120 44848582 916951801 955456757
328480765 116623853 525389905 581087654
840106759 849097096 594292567 673549050
842839720 972156288 675249475 726863450
128104677 764971465 19351597 67605636
135270293 650211216 744318283 754912001
275155547 421752018 825993507 891417022
933798924 164629192 382436028 467801340
595478451 134956518 48592170 142874127
444348267 170679059 338492192 411037781
421018344 635396960 303782913 380403286
525914858 508507573 457552447 527855835
427897473 897016560 889503147 967889183
930368630 777639646 123444799 204002135
884790216 173333749 119840562 179954775
936809835 172820953 656358314 741848782
555439014 759401759 762087375 769816401
782830706 780639515 134671939 206885698
313271877 696214065 616297538 650254964
256144941 654240775 54770939 92685920
8993215 10418568 38762433 48276151
928986249 747119966 665533646 752437705
777774962 88634483 814437032 865302142
625682941 321075803 559940219 564206706
394973502 708674047 66386981 158576037
194017920 970966824 749382611 757172518
346029322 955842029 276696314 297985035
647577185 274595006 587905456 669193865
912538610 76692098 631516340 685785107
189265972 777148622 81313590 149740694
980921191 195787941 247147808 254604928
613741630 81139228 428063523 429687762
27678878 648481668 346622124 427967965
704487389 49506710 583258290 680823102
846707339 446738834 331098376 369399433
438502059 799759637 30463165 33213240
795522550 87673480 632990246 698524247
501655089 241106032 201478843 240911155
689379038 861917172 643597259 733219605
983052817 881679456 195453638 210237355
151188892 720500005 500112205 536657987
397270626 295238067 937049955 1000000000
190851354 786055099 335673149 352172613
989123080 111652472 744962562 777848085
564784799 563558235 442190036 522643618
731399806 499653518 186293537 249928565
465337105 788508598 983722311 989563614
16614217 789864488 397493336 447040786
70024862 185487061 97385401 181463868
287226170 251602440 579083230 595481418
718466966 66095931 944437703 971784753
487494929 100709620 808361926 820816303
71051869 264665317 622666030 629272942
422340604 857979190 530156732 600563251
373226113 197240059 322819851 401762169
749417197 329004821 921213264 1000000000
326696090 822518538 708569178 737167122
963877882 187987925 911577837 973380095
10921949 137389524 883986851 921966898
750091458 408434007 937682482 941302938
227863104 891638818 837914372 872331737
321962717 113192395 38301295 112079530
594243159 127952017 641053414 646661114
237727632 251164124 27995431 53994880
531236781 81955110 344659781 371536528
480862005 291574447 312390561 391768782
693919687 376366964 137835129 138838000
64726375 465285982 689597906 768044985
281732411 461124358 404021318 450463965
699947325 105334553 21057906 103001054
170077943 851113473 22841054 89107547
729683916 41716329 926725302 935481111
591664462 163431335 416500730 434976773
958650565 68336170 603791297 688310101
666436560 670045835 118827975 126653402
923578672 837011132 45828293 134377016
235937381 222447133 10333437 99509838
947495020 705878168 415326412 495178702
596730483 641776750 45754162 113114729
257972756 149703529 643990984 709644303
135660880 199519848 738849448 777967632
945892591 276929048 995362519 1000000000
750227848 493696257 162138071 175975096
198811643 408260560 967967958 983376054
371580766 910762937 668858577 751420417
400121994 165239366 306480770 340517138
383651000 467552377 615364577 667558080
459598222 89846133 738075708 743430279
647161526 71302436 481996117 492447568
617139835 730442743 920805702 1000000000
861912780 3965540 794692449 824004971
725058763 754211197 569403118 667346162
224962666 435919512 904451692 924434283
884099269 785382840 216872434 228019630
442784542 741256065 479000056 529243142
992764528 933491002 589007633 687613216
32021828 714092494 226373594 320115078
97145923 892842339 74093231 165440163
62301328 551208523 56772363 92535499
849810050 976117800 305633891 320320666
666743385 523245963 718133558 728407976
769747173 632244504 65384105 148400307
943681820 396650710 613426519 684521886
117490627 559118903 786193244 800964479
692912255 572212551 510836630 607817161
677457911 664139238 779981267 836263944
787501195 478318666 803864703 893959533
872288170 953165810 267318912 346005685
404205752 622724157 45534703 74908689
685930956 570169870 821219800 907802104
866903380 395894321 602547882 638118219
979383103 56209565 777108431 870705726
501728939 641937129 923797971 925252910
303928983 414280677 46336080 93308047
886287295 348902893 11703494 109761442
411777198 825815784 725596479 743966251
643351246 634460053 739387758 801557869
242062003 257153308 418805297 472914820
554699298 795234753 441702797 502797911
946807566 236599233 34263449 90863079
720764729 59635333 556884433 630334020
939510899 86199425 567290778 624210952
927749568 803400231 330466042 414803702
687122342 186937446 731545795 801101787
899173202 883070569 187133232 257940472
731714742 80980248 416028599 441324277
464800626 479169299 496805997 504116986
424488803 866610849 929012702 1000000000
861946571 260551824 659668860 715076482
855688276 647727489 737065460 785073851
665742464 157251690 134598598 162010398
182927884 239232744 760457653 766413961
482894754 971949885 449673350 542924114
837725371 151454083 519592793 609270168
17994887 242638299 802092182 833384230
762445394 317053949 986015466 1000000000
970565349 67196318 474334075 531500555
636125203 930684787 472877393 566373081
994745891 274838356 818592960 841990450
164885590 541227043 59680878 114214746
751620662 597099975 429693510 438436535
627508578 219134983 965335770 997986221
595608391 913773284 588960040 687494484
918296232 435402247 386093946 403443265
673450125 594330934 367023143 400156852
170528767 380660721 927542841 1000000000
262533917 545338160 460060114 506700968
350243412 650882865 712986488 775182393
941046275 845844170 549820651 644058919
72320134 773798535 276244184 283104413
960745386 515521495 332675817 381842448
469636234 679194140 774976824 830681280
136547786 970572270 644031041 683859764
761793907 285644023 451511843 475093606
791992979 307340652 592419656 674150606
724599175 645338839 9877415 73246030
264674498 589442261 113512306 155853148
250995782 551477009 422705163 493423768
76264044 129515486 444461738 528500378
280556232 349600578 93266622 149738897
809674158 472006021 31917119 59309046
497545082 814341346 938887365 956278433
727580604 673927080 11826426 69089573
936909230 356259514 949653390 1000000000
680473438 14697618 613635651 633246152
742047824 320232511 651616733 702422807
477466095 711772867 29564223 127101165
822523316 657157436 636807110 672929939
254145105 67189022 180325584 214432233
75681970 290793006 559915591 594371368
131222646 291904915 784406652 846485909
279535478 708926671 182141443 236269841
595608970 488680167 644716090 658129765
662266426 763819765 765290597 798939097
908288403 934236328 428077425 442155398
104520029 269789448 495905880 516004460
732719804 315840905 725132033 736719286
371501706 873301722 496281955 512524836
83210303 820819422 811715567 816791450
102013238 896699879 782748171 846260457
464288039 426600239 158799255 170281484
443080176 282899276 964726991 1000000000
901511796 871662952 537700053 547432067
806707072 602943277 818354886 916886695
679272007 397009390 724175697 727898715
216536121 270271911 444343487 450840431
436600925 516197909 291163128 292598670
27534225 592664861 450472145 478013612
237646679 46465607 261581587 352975943
151851512 633020101 773628698 869171387
286330500 980367895 515965497 585625270
660675313 533470621 655675475 664991939
852287092 678352277 59885495 96018258
118697948 990219624 209531395 294088248
972626 772273723 849383119 938016874
691521129 912994837 578264197 628950262
212143879 650140811 18681377 85707688
619409690 234624874 418791819 459470173
365433749 383763245 313563293 369601227
82261755 993323602 939846551 946955450
4911973 180896894 906092027 928370042
120081989 458515424 252583500 349041947
596081814 897305610 675385380 713412705
578670748 333721148 368220297 396708832
483503980 865751381 499990490 518875285
105603391 3055137 32746728 52644143
597713433 775119352 197821533 290188690
642213782 972617828 401951311 465078075
472710382 345790513 713252163 778806322
763530806 104998349 252601032 294984250
294279174 731154336 469543884 476141078
838920839 879729029 860814258 931850890
42070043 199814405 744634626 774888967
852217762 538005260 168995907 209535648
349402983 259245543 497785529 538661466
172326767 47760947 183596476 271182904
58899333 363937611 857560070 902555047
47785169 895031215 301417985 315776114
574989404 575455518 602495410 603369953
80399231 820088443 168442283 175714266
60626016 871083303 876696026 890625297
960862238 504720313 90705332 124517459
641593520 726475825 459777212 468587174
869096204 852762861 267714705 304240820
466599957 644210464 350975995 406430264
971272851 694325530 712896621 736445699
600193719 747803603 368706581 462960026
225113496 919267379 559834175 605638864
853553498 767635342 46789867 81908243
311572681 413313222 529388735 602938859
144064781 846387422 186290880 197324448
210004362 269641430 414667188 428430550
102111907 969541959 858222079 938506672
205684644 679462655 615294350 676950226
420299349 943244109 154888368 217696861
684536807 813460956 292923772 378951164
474215129 36858292 300966377 328125682
330014168 277366919 733655357 828810075
308390970 437278569 463311364 516662986
768341273 578383446 894957036 943623044
452211602 604390588 727688183 790564057
192230699 632409886 478897527 567766055
571125389 591550916 730121850 799684762
509649712 466647008 236793294 276519567
316398954 270746798 759954251 803477779
794575901 374669328 729223738 754791468
532755160 290128305 755957257 811972986
761872570 132983558 147971176 224566861
175282116 820285326 727630678 743717205
714354099 379915021 426645857 435090167
476042444 820693812 355802235 398948398
426341026 305744997 741368474 766946377
16015034 103126733 921849325 931407462
135971121 302785994 774143573 825902906
3572417 223478220 228242399 320757255
46439553 240021995 871805703 947381045
879581682 479802284 100168585 141436935
246492691 768778280 311111420 407200987
849066004 182744118 362986210 415340664
429457337 513540648 4347880 84775191
637594715 792436224 712498656 731504225
507466563 584261709 938603413 997093478
475088541 397796629 427432020 480221560
280517185 990990842 622579459 638654725
462197094 853733698 515789202 554825548
11141686 339497864 576770886 591750501
990924189 215252095 824438 97060590
749709011 168928335 870475430 892050590
33696472 990609783 52332935 118703572
858655469 970974876 581590266 639495657
383691413 701007622 27507729 87189566
743804659 272725138 982879663 1000000000
658632608 161994718 364682892 373755457
685625371 936776419 109408005 150313329
291696175 317841948 230482078 323657379
125774185 844813975 66792498 123725979
387559705 502680807 711957558 715707689
322067130 473510901 1012968 18346242
773807315 329372124 205207864 271467290
956580235 104636981 895451471 898871162
228834209 998177981 125042451 135185430
147448802 78095212 898251666 940242878
987888795 294858277 906619451 936002757
811665527 678543351 256262576 352407130
506207371 338688373 283112868 297101583
206324415 7123667 82364968 90930681
960766757 604804577 399450842 440812351
962426876 279175267 862964385 863531453
693812155 227686353 8875398 42424394
481771380 127588656 100684797 107283777
891089810 903417956 312592753 399031048
827921729 750058923 142636927 153507422
516897039 414295711 760628377 823298631
345267694 297579030 965697665 1000000000
636212204 916564867 40913281 137027560
529998507 196974801 224434286 243171611
581653277 712981798 988277269 1000000000
651948184 420543979 688637176 723862187
519055820 961978069 699833662 723550887
776083089 176020982 114691913 189774037
508863091 20685836 238954928 312451089
903206632 766797382 634506473 709268225
789743780 472211579 20341546 78104904
337404283 818322517 151651443 221088567
882531394 254648142 954556488 1000000000
287853939 685712119 125547295 140428579
948282125 267207759 540005855 564465995
572978752 210787437 370637288 402444919
100433983 835539925 537758992 558646441
470549879 202444073 484368521 492699614
734315972 334220009 579411607 660993029
885303494 295064588 813981857 911513994
827340849 867237968 442249455 463844641
196347115 278514735 307870305 335751295
125021730 90674673 384968497 467655557
888788778 574876269 28194912 98314059
894646720 376397607 614084897 627735914
353259869 327817271 208285553 306191483
230791521 298614056 220666172 313450997
581846621 130001877 113352039 172692841
680141358 439240718 386026539 388352783
194133751 885706269 123122920 177055244
183817229 519684748 940747021 1000000000
861697541 897618562 674259042 725582097
116931331 46365921 698178287 721929474
512753516 690988868 360823653 432576007
918312625 475388095 540860172 548230394
746509677 827629707 168054761 191583441
673281399 327650500 189228076 230037403
875377298 997711458 625171947 709482560
500780822 974152372 404285826 421272088
888817879 198654740 998930800 1000000000
834829752 486084030 781581318 853170818
616906738 935088627 695402470 697672445
257606327 532054453 660270241 665504650
38309228 62180993 425052331 507658780
962056118 733211124 967612807 985558831
840669766 360258735 385254397 406554171
483501661 529307399 330999163 413039579
293451323 369291726 92707104 103011412
252139280 205024771 765335601 770583610
847805600 540923359 715615148 770442708
49552202 244131166 20016877 24496612
608294154 826404843 900310712 925434979
579880445 218718753 710920547 766642244
699059042 722390137 607301228 641515176
801732479 757935392 713354053 729066151
170018260 728157295 87901804 88568017
109159781 219876734 622938752 671529881
207532563 480766779 349221577 447586884
255785419 982935442 767242557 826642441
462945767 897180035 895933784 968443632
924115996 75471866 846038697 933296237
210747665 62170791 211015999 215301231
369693440 589473417 23580766 91272157
642335273 555663994 210090103 216520213
918332910 531386408 5347772 55194333
884561854 985522713 833532351 931403514
436493772 313805514 921189549 1000000000
514396031 910963769 866637539 923231252
806972215 625925994 549786261 592747480
862274165 393607903 251456058 328350130
44758797 461309400 348839937 366303802
712233052 927587659 225738102 258199153
454111278 353855212 219312230 246651125
333546961 306768829 60025489 148265882
472311715 965504579 530715980 532814785
500706347 150299880 816428556 851223165
965364800 630647113 16686507 31427554
503954456 755190652 812089698 812757916
82373338 476633248 252563481 335469439
316060265 625756442 444340914 513717095
466925598 792523342 791639679 803747701
687265283 509275015 939776671 980687612
442600816 412597394 447197409 463193849
625228564 711468860 19188781 46521828
998066987 433409194 282842729 359701670
165666747 209536226 680769995 694436942
176455141 147782764 499958778 567415730
434352607 982631365 560879817 610676231
661616679 170464575 236262766 249667327
240685932 14247289 169587991 225417138
719619707 595737360 984160199 1000000000
372232152 208468865 804096128 890892762
673645225 421429764 589184166 678290921
622429940 944244776 890678748 935767215
28366220 284646618 604555694 659722845
576524466 740418013 233155384 299197147
598467315 408240514 151512185 180550665
352272157 249325211 388821659 484534245
404988116 24765543 452994838 539403877
481700036 414292386 908252648 955851361
262082848 845610605 726592666 737948753
757625346 109717327 577632555 648710611
792020 123804661 156598147 228861086
7507284 552371080 599499519 663389921
364554289 39559277 230007090 259113716
729619244 706094502 808203757 853258821
942228579 396179019 299913375 394969976
330762608 802455750 140254268 221533229
849981313 667345796 7383641 83446736
709711799 674244813 527888129 535435515
562388534 698726809 146413866 245545485
824583197 932855262 949023437 988773671
340911194 284555963 190631322 240604486
296709843 196675615 726945220 780251619
685979023 888051534 529966398 566855461
814340431 467419155 309522489 387543230
945227403 869860401 713149611 786706539
923227912 59224181 266631638 327084549
69813453 470748970 209815536 287734206
500847124 765915416 752658490 838869507
496057206 722746076 260908137 318469297
945837557 64984922 201017430 232700279
927509855 423038886 500854453 570051903
284725561 17392637 380220983 414975336
694553483 105665719 204263425 243080654
747256310 353655791 606073897 612972941
381349063 29500978 555050414 636014173
684366483 823612183 952941343 988478691
801686310 374940261 171677812 231545593
546156865 109378475 33001811 93339185
902481026 393902575 599679286 684317206
4778135 198835470 596912032 598395390
526587175 463480964 390810756 481158245
776660130 630497174 823495941 900400857
323016480 473186276 848157761 878392116
991538636 828586566 265034819 281445170
30950887 714247432 330392466 351882862
956413202 446460488 793340780 892951429
626182475 969585167 134344645 195967727
415916943 253390933 584308106 679919811
176142108 511654569 41566807 108372304
495964329 454750341 111161544 130155946
125508835 174954873 396133819 473374538
268386427 667735195 356363553 420750136
515258008 915578785 704782267 766554391
688156713 736449948 289483576 352084179
949101655 409256820 167795054 191563066
620004539 211109338 439324187 506045864
895629448 869301329 374763954 393515659
857553956 967496526 216561105 305496351
308142109 786539932 432743719 460305827
353989941 828954219 104432400 162270057
913280281 451816242 933915216 944648671
15635331 639477737 878764383 926718722
245050362 216036719 264124908 347390926
183967421 76628358 594539060 680598056
776306728 468913698 359418656 402782770
269122065 666401342 350636070 441426401
996410090 902327139 106767368 121327841
684165306 337557620 745480564 778985934
966857587 516121787 157315377 247865363
726926535 64542046 350299736 431982012
119219981 626757536 370855076 470648854
613182926 799149442 246452403 313661499
177521547 519947407 348742575 420818036
305728211 629197517 298251497 362730999
407549989 490825830 919659839 1000000000
950693455 659870759 513480766 588257966
300632470 703689707 954203657 972523850
470118292 667115803 397389636 463418058
181529282 685733642 209387285 236373224
584388031 329215844 447275190 527457078
713265022 154076077 641400870 697638750
577056587 223568518 642731322 686622747
378652360 968531928 536069208 631079798
451155120 714312713 864205071 959284836
838007558 763445684 269732818 360637238
474381668 498747704 239875230 274721722
746324882 461351966 497807700 567759540
317524239 629677077 735777932 812441028
186692989 539855858 828719397 890861570
765409939 769578238 808851873 906250162
352932905 481252898 382984469 424619471
578934915 393558804 225984628 318005917
289449745 793722011 548599837 610806812
279659055 708012861 973598891 1000000000
150224098 675883863 173687140 188987141
91532173 236888420 767382174 844934781
96953669 179186472 192469061 270135773
787203877 310871958 925474978 982686334
78844707 342092487 307376057 402555674
376833157 668040228 295027474 337593807
841091643 592796465 707216024 749629776
319020362 458146804 178189620 241495189
298662196 545350978 576069931 624598446
587785351 62319032 661831563 692914063
737690587 899457035 729633915 803001759
600908775 612021640 353441731 361089090
466745075 684234619 741447889 827354164
398578016 479263591 824821940 842528176
179436562 939769405 855018084 904252710
937982323 387786211 695924984 794984172
956466370 778051577 609423929 681687282
579266400 2925322 383911166 395014288
597828219 249890134 617678848 707368812
29881773 654777941 677462427 718821689
268322626 80973570 701649127 760084187
128020964 446041950 653778737 707769722
485854594 514495698 931410452 1000000000
515317620 688305528 778092208 857031432
514696267 322347942 998452935 1000000000
335353037 806523035 714005988 809242416
448226469 456201123 454053122 526968082
79787327 415586380 824657222 917522084
606288309 568313787 741331208 755040124
632689546 789103478 491042708 567665273
809916862 920253469 896791877 923206472
568205263 920755804 210620661 236220443
421556035 869807418 805103677 820297696
823461041 958281909 75440309 111020254
281670461 811029128 888289431 916860895
817927705 902900538 358402245 369223480
43424600 209562496 23765637 99508237
703479322 577792207 300789952 328762260
532432845 93718563 107012615 174890714
525639347 444144196 920682829 994934022
103436290 541591339 446288609 453308233
551363855 206454809 966460585 990361307
696232847 989926006 724307146 773447607
112492 835762158 14300850 69259631
622645156 474770365 288069698 303076917
867437299 705056907 911285488 945947612
636754992 514444082 746841480 800943343
105198802 320255075 740542797 776582052
628731601 545034398 111897149 121251973
350239068 228817196 764722510 779060383
125899327 44159662 645831606 723095456
504576892 502131815 390603890 463221275
736413131 523338752 719779777 767915309
892460054 416496346 892705431 921752903
734373938 508934851 211832680 270186687
963697063 954524832 601646954 659734940
562105225 983617901 370033425 468776325
992648091 694492573 495567674 510818836
449710496 893374002 25450394 92924768
967418587 819775960 204589233 298419002
30198965 587429099 124476379 135259318
494272544 656828358 542449966 621976119
974198379 200341643 68546609 106455561
266044144 537714684 839320060 920663837
78669330 8566468 238785355 276253990
577602686 359765480 190325280 277400109
824170196 175420747 170724979 262597730
826409062 588880787 99698835 186281890
194474565 852697259 157908185 233312195
887828864 614383251 266536856 364026145
407051038 143030351 588740136 648330465
994381333 524468222 522897576 546378492
138977416 820348633 817174570 864043692
701335996 801915350 811872077 860053209
350882386 263048584 218389873 278154829
219004325 848549936 352913310 367285823
350824359 878793271 574443443 662307384
255449681 40766892 89256524 145292087
687834452 327341704 595545649 639461778
40045398 133047550 474407206 571702646
397401964 988255829 589756834 643259322
389902412 457065533 172545932 216524151
590392043 667209840 751739255 785353822
711688310 319884926 852802115 903625536
580400464 282483499 738127287 788918566
167927506 54710907 954562395 958625498
220241851 431472394 773055460 806772493
6057490 519244440 753721171 847550954
417865603 960002604 8538112 75972087
954422223 333747405 330311718 358990606
238101145 17913107 626487008 722163257
562315830 982949549 464732374 560352279
985210218 373097931 150769185 214865787
555054993 401807933 752746886 817553248
663768675 10113858 837686148 915771714
838204746 433780223 215398770 222266680
460255954 454816928 784470368 789435209
853305555 123240006 840559160 920567548
428126388 664877030 457713426 542488553
497612009 791997408 220397041 265386039
943871918 435294917 120836037 196909533
672956075 860417750 447564971 497459123
429713714 134545322 809697538 873188786
363225037 863725620 373064765 461921828
135358542 449741677 723744441 799182969
24636648 305848906 816671580 825876318
249575847 532335372 303353375 321825273
123044772 701390190 837219755 911582620
496604323 905444881 534767950 576936258
994724503 39625324 505390357 515939515
937895155 813916105 897389871 989856200
611527114 690915546 160665492 172681117
174317554 994345738 884766614 915875592
859243112 572211600 664788618 678143870
931418026 20439480 174392481 217358227
458496255 399732572 442194656 448349533
257190155 496692172 617689280 636609807
382865561 2686490 803859522 832176356
975430104 896680504 149728213 163937595
420151427 879944124 35824396 119739150
998832572 608838464 791231369 829326201
730596574 481994435 154866472 164087507
522676019 784900262 663281693 732731230
891583568 458479430 820849053 855778334
959154714 787670226 513655638 608088834
57564680 692200503 81410074 162641517
475116386 551240374 815345309 874249405
882442212 694566507 29065629 81606827
244280466 836529204 814914076 844091765
83566875 31625840 821123771 916457915
83077384 701905600 528292260 607118374
26384790 417530656 642560645 738458515
894575306 985599356 124357312 136739010
568083556 959213009 573813623 590994332
252250623 172534014 29311987 66093261
579621880 924238352 110319129 113266823
628276322 382477422 769822447 803261192
928883111 474221625 793805468 845369772
195122635 603712943 667299535 691519437
654674940 44941785 55919676 70689340
610821365 287031208 457202318 521404124
709853853 913345081 784212019 814056388
443578748 847284805 300820132 395973245
225587112 324248379 839258458 847125569
983434438 638068244 247025582 305341285
633313367 446246208 980985627 1000000000
593797286 381860820 465457317 511058625
369872105 4702832 123471830 150447013
299719149 91859312 808714537 892882603
856705470 887031552 140416296 196290879
889755526 962148161 677828667 730548838
400582429 403187046 839176152 876042143
279846629 810431207 49388597 138021176
571920715 452269476 776133820 831281439
511389276 268423148 591129319 655723198
553009882 911939377 804301762 884667095
617993511 797972838 222886974 293987296
149190869 823936820 406087427 433803002
240983375 286314201 649312841 737579238
762906794 756440674 935661192 964681553
95266262 190113870 181593315 234885980
368682163 847532089 745152000 821732430
381516939 358630508 80726245 156944485
371560476 431406893 292975906 334011145
514681311 593656053 355581080 433618770
652288659 454348779 497313137 535644251
799471846 791053002 810575462 885342224
128976775 843279836 256380358 352906957
482708245 700260944 247910352 275962266
679019509 148750169 849173663 911407551
844283927 355274856 304315260 331792075
635996285 561648420 863412720 914657293
250591567 96756607 843479409 872930537
321881679 772204193 935796863 974639843
789227746 819718668 157481115 158816355
281731113 884483777 792969379 865504145
47309771 723852927 834086067 865590513
517705403 812633051 172167148 220102653
382334840 358312810 456055538 506886456
524834393 134556920 282645488 346895189
473171490 316838312 398370338 461484818
851126442 994535400 815381716 846025872
981775346 340827417 125298248 189408010
275852231 308851995 824440818 860982119
6624416 299929058 118094228 209132311
551689757 910003692 814431576 910270434
495601306 143826942 464304797 500260160
540441901 270232329 950869706 1000000000
829874920 910854352 563455007 610945816
351282765 775893592 332013940 383197923
541546598 58260438 406114237 443117334
729248878 67634160 776109537 861447534
921467722 736308314 255898421 293793335
264891341 15500269 945148527 968392566
271578427 968733340 773426025 823352081
487359625 506452065 30539821 102479990
769878155 330019441 887170400 927507747
127463706 148184984 761646464 827304465
888813012 460661365 430742557 503590655
242373383 979193503 222883905 286474999
802786479 240678250 83963805 144701511
948577578 29024600 126480692 138242478
622819483 498863332 210678928 306798495
79833228 182471238 312229559 316616037
598306470 876744674 792849106 849043285
908659481 456302970 954292653 1000000000
983545319 100172813 899950691 983127617
442409408 816505674 898316020 915791362
488155870 285352420 294860735 302094335
61479075 193759417 733845200 822536572
916278991 887027388 396137064 424619210
4340841 464282914 361975300 447928469
99205967 828987254 73193119 138419548
787960633 749640979 614643731 647209703
409479608 376270212 823845084 881137541
848509480 93866886 645303338 672698999
265290150 976128768 618942368 688463600
51435480 370912929 994770838 1000000000
632519075 734174326 760098905 792372239
358668078 299844673 486848198 562973227
70274933 890996022 149878260 169268873
996258950 905239864 718844458 776288907
226736482 473815019 641082433 680349211
194376175 839014980 657382455 748759740
739008968 583405427 382027869 418173055
30154791 776243872 118670334 168872455
658893434 624301821 787836280 806250011
62667003 501250093 922477688 990891847
475551177 127692945 756453041 831230639
518943418 292349940 340325385 401054800
431340403 399661245 215093339 231837838
284973650 875704425 547421362 627240026
180099520 834443646 745574549 841933798
157756838 863816972 403092515 475702746
632879424 308776726 586054367 653229177
823789103 449612102 379947852 439695468
637244659 201721589 374864671 465277134
523452827 669551036 130391098 161386195
48355710 539389017 832254684 869015813
393105509 157210781 133402883 135822017
133908278 526318636 45838158 92407063
286934517 843969009 908844083 914913781
917805063 583065230 701489865 745363305
686655342 319328369 233851685 236932347
617177630 742681482 716968633 746517364
634390308 221965250 211998514 295976298
237235334 575912562 339665289 425282183
999060573 313214741 577929717 580914697
361183335 616016247 241458986 282345231
864446077 422368524 82368823 177629544
327654664 856518754 951434360 972219834
100386715 352526583 27807312 68566929
299434413 924508717 68672083 122011358
795003978 982418007 634122768 682600341
27642767 862903811 675433381 752110507
644006032 9921566 650332424 703219688
730940406 619348236 818735440 876515358
286262656 854240521 406100611 443163943
865099462 24873920 441936284 462654742
867982216 590937689 931918044 951064567
889155571 852038702 248481817 330890468
363120731 949196842 571259908 593998000
587692005 335502731 754304125 794182657
784427749 703929629 467203133 513308495
576080361 557761702 363965573 376225292
465902615 282085728 781964405 869547219
672770215 696308479 381002806 393616115
41603398 933148808 280527540 362589524
402116833 838559274 41240952 57901677
474760695 418269399 693077445 729205098
923587657 990815034 884131811 944813094
660145332 823455604 36135833 117052003
266647364 23994213 805136859 824640791
673046007 920129261 686843148 761569149
512094067 744930332 905264787 932962588
396888911 521968457 227828405 237527928
203539690 967886180 864847679 894314890
868350809 689786956 11351891 48873165
203315911 446098105 525952324 575852187
708668322 132014626 943605409 1000000000
633312664 956139362 976567742 976936464
963020545 818590354 88519386 146481706
562698396 990196731 10259566 80602562
961248094 848966790 990093889 1000000000
212299269 721978330 491912575 525560192
861830721 596143705 313545222 334185858
746921724 803596382 81563955 157907763
674516553 986207171 603307090 610103370
568773994 180094681 508113955 530904300
353762217 446551068 91694042 112484923
327593032 151952129 670772986 715864806
468440747 456401345 62236442 149544175
186185780 414785825 701183446 703187981
845944246 292489281 949710510 980439640
185895828 267806245 342725166 366647755
829618336 288337532 332956341 429183187
282721168 329974510 327044139 408613677
473404869 768255403 272279225 346503789
569724745 607784681 460559975 486000718
374223782 855659902 34437008 37547253
57523314 485706697 93320247 107842229
404341212 937683668 210526897 217789780
591784915 349609704 635404833 708137505
616570927 455793909 285649517 364187393
515207308 622404303 204978881 304697443
735346073 897094750 936945090 1000000000
496838150 221966901 832897566 839071801
392506292 30192354 699470349 717516188
568201512 594286844 845562794 907709931
919985121 72446297 645236323 720920266
63713063 195863822 195095183 201489216
291014405 134897608 724146596 754672141
944728480 649153070 256171013 352479335
281227924 384912321 293634658 322069817
5443808 171613859 896865207 909556256
685330561 275255619 60029675 84281230
299319468 164399041 757345176 848431104
915156918 702884366 857120835 928470153
296810505 465437019 161294053 218466636
687315697 532139956 375122913 413211661
131965254 70238934 950344587 1000000000
68165083 464096080 484382673 510722203
393479345 53521580 111139163 130001003
631615621 902670753 901038719 914171495
602880700 285359605 428345474 520555877
774219 340663355 492886503 558673438
380797256 168437831 657735040 749465417
900402595 337281664 653953473 657335426
377769594 606477200 529401886 551907349
421470287 446417494 14192677 104295485
190956988 338712325 837679226 923088378
531091503 155897424 383297494 482824807
870058291 136736470 817161121 838104059
789426009 400491723 90105292 125913161
653770557 79943961 182206492 212576981
738743592 750475268 243144439 244758951
70395749 691903794 560861760 609308175
760304198 493023012 1226010 69058182
916842146 147372478 218170949 287723569
88036921 58711251 801119559 890411207
601508163 958832719 161874726 241889170
841448291 690603396 484237942 548664205
288033398 491337740 72629265 87034646
873825164 971997166 458257432 492953877
470408997 525262841 495451533 559239119
276771231 898500464 304955643 323734772
719196512 623001675 479615651 547286921
24193985 510610676 39199517 113440401
917475625 320253715 376363905 427721754
704546646 9625913 524191799 572753379
565560397 983436868 554768001 612854059
620326740 718630986 141025690 183320146
210231440 942986967 543638449 621017818
461509650 12131800 725693218 766716333
458548940 211442270 236933627 237580929
360076465 323217056 842727165 865008413
345629897 906132390 568060133 570054731
120050274 497458733 155808012 197379611
125148111 799446684 836755738 863277335
509124234 623968537 208514016 267661895
333035283 800610061 24685799 52694275
582778797 749927743 647949433 674994630
609945347 447135515 995969185 1000000000
321443729 809924841 934625274 1000000000
56235415 58212734 677912135 723063318
348095309 73623170 87385617 128694018
660298689 232718444 795369808 859787416
355589774 437854844 366414565 425621155
255363626 696699111 703463469 718677196
962499250 770225634 33111668 44915702
834059507 969859630 799469719 871384735
226436155 774618759 878404321 960488142
71788966 330950623 587142912 636238379
806245401 963128333 138723575 223451243
429798311 389134282 132894915 212889840
202817689 876111646 459156423 540699832
426787376 682400040 830994318 899717280
432346920 391773688 743867194 747638743
363001580 579144632 613525264 660962116
630019292 949581556 566431182 634967974
963384337 833388123 749555478 759207758
913730259 500277135 667069261 705836027
910717870 781357539 89236406 104641605
588727284 450234755 628710678 651679230
391435530 702525848 676198113 770908051
109422486 971874065 834242767 844919002
295045143 494469320 152187036 240401823
479118647 454170259 941015620 949963255
598396966 697312741 956247472 1000000000
518577970 449572006 54583378 73523778
509023609 36902609 945294777 966202383
261933902 308681565 135284169 226945783
344410018 352129793 809643961 849133144
376280382 874837657 442175243 515300620
944009308 328038811 671828498 692071979
319269161 329346648 296042386 323406939
323410245 992833047 600096948 649384622
261000259 491842352 302409974 321465452
550174814 263007871 712996461 788024124
684177910 505153823 371473899 432945815
920796310 901029556 151521870 194418569
762707109 188359340 171649378 176552216
29694359 21360005 761884786 808096992
666190546 180287938 593694058 638138157
746975894 405462517 324051280 341824068
114162653 723403356 404652604 419763231
542411956 294366160 184962495 221873461
127201040 901487854 812997512 866910328
312214765 307589053 597123159 611187323
48602204 573856172 945307807 1000000000
347752896 883754475 380268378 396151776
20886161 227811948 690188109 784666375
695519558 200792205 368292643 373233592
604970890 627101439 795180064 846249855
661809871 516663134 60721838 65575992
77366433 894786023 4049564 101733534
384685217 474006135 931654858 980297960
400292359 710834374 777241568 840555217
201029415 297977298 116856263 159954421
49684643 938394931 245417311 262066900
502316206 242403335 953261543 953316450
661295719 158234120 613526798 629099808
413599558 482302063 990249524 1000000000
333600483 518768064 442171678 483192738
914629476 108802050 474502327 528785680
129404773 339476011 540681409 551755543
706043732 854207518 227534028 277568913
416553209 700868654 576614437 610130053
587946148 997455608 16712634 61046048
709830606 365157784 671843590 684327220
371176474 497040759 807064917 893637560
103140030 644958996 795997196 881532584
721663301 577364670 488705112 508785167
705930160 576364074 709416595 714315911
620381574 225986474 200875985 245040157
935170445 487991151 164134637 170059637
401268517 463828614 510577644 523971638
170408836 656995863 645750837 733009923
209494853 344065350 526943724 607464674
828802170 941294753 197670261 271929713
250153964 246004570 880192717 900484935
305726134 369728740 867557862 935252443
593709858 684485930 161426238 227540996
330053515 866526089 928067389 953071514
135908938 825500711 784276493 846108491
495638368 611559679 749360598 791454849
146090302 205773300 55415355 67829556
448258152 573912096 110995210 124759970
11419676 278529366 227605065 230133474
195900716 183492948 207754635 287235206
58736246 509939625 471716448 567320864
759640620 889270665 731111276 792658263
204925773 973210451 205360594 287331121
591221292 852468962 146180720 218256750
816109224 811396954 888392880 915865674
204892814 751744801 132197653 171138415
401519710 244267684 141003743 143134016
38697266 364602213 804377759 836506886
320860269 263605832 82206208 118473311
391683881 429484749 712163762 760595593
304471339 153490653 293398210 371418035
749464014 374965018 501724388 525804671
308512578 156948027 42177633 101633572
641975224 686836644 504852153 589847511
756698031 289291741 948389099 970783865
739476143 859715126 358771194 401811048
620173223 580399211 644177428 699015928
98777762 887823673 374273277 429662340
579982954 7723732 818677615 902173519
66274550 565641469 303593046 361460786
897818830 869521871 435971362 509223871
535808827 247326498 267865902 342531985
719121869 938299082 621261853 716659888
280567431 707663963 956543531 1000000000
926629000 364345652 987984839 1000000000
470830588 374236827 482969177 496252486
18253525 765604014 393004596 395143421
547008412 412110388 679781972 726462393
628174347 385619931 281672852 363908644
350741758 855405273 548147351 600513156
158714978 793896148 422055346 424264463
996842734 338331580 963326985 1000000000
302765610 660592874 210972053 290886166
877055648 656498873 596170133 609565950
285866693 572442187 575646476 582135148
318876240 274793382 606658806 619939002
160828423 248122841 814439030 858672524
274701461 678815278 939859221 962762797
44827831 555877342 189311988 224234208
256680380 816694439 994165885 1000000000
540776389 197356755 904919684 934307661
860129513 828881062 908538279 936683155
745270685 681928847 446696647 480810564
853941419 871229177 216956292 277233824
725248102 225307377 690582910 783967407
183443849 640099870 348780573 419408704
771883083 925824552 290480219 347353363
212674401 663955006 899080188 916386892
211987994 775059242 588168334 623892137
602789322 894077735 162948717 168774204
36357663 78750707 855989625 904152425
3896386 396627469 657322756 753633123
874654518 61039177 497547622 499097475
733502059 749130569 404541681 441747811
109192116 768478652 587490085 651690878
989145035 367191658 783215121 851289598
366532559 698694656 722456776 810106871
872101721 456833777 45824890 139307373
601167864 941891549 541935703 566777653
852401784 749922730 165947447 226324166
775276564 372920713 894976759 960961992
452407261 393874244 483825366 558329566
327490938 539833017 609222041 643974168
502205400 965553481 295271090 325897021
761725731 263185095 877956317 930313728
689445690 261156715 785709424 804171290
842859950 407729547 194263846 277436062
28291089 651772224 503624504 542118980
737661852 793837851 832821887 842534256
239776251 237941795 810478973 880468383
118532056 280886428 294825622 390648643
655222020 322143409 972422309 999282625
599626610 717248536 946053647 987852610
483546300 93496865 92293223 156244659
382689129 193114067 146256202 170684258
884406442 833540695 569242524 607761458
609009051 966402127 865733186 949621925
633139908 567082626 857525229 858131155
342430093 245584309 978942586 1000000000
106127328 21345141 727651484 745928690
831494596 322270737 693426519 780882435
347100486 417816714 679887113 767571000
651290069 703377845 668634458 700351659
814905943 410247309 128115610 131881273
66259654 164284658 125718855 210060424
360748183 5324217 454169678 454620609
150536176 931118332 188505703 226648209
810901648 146648607 28356818 37589333
569084325 610144818 449193778 531697377
726637734 328289800 68310584 164368311
95722053 860470740 467682866 549194801
282994153 964207187 508209570 607014571
969162242 588414125 308155746 352361702
591313471 385160589 988799840 1000000000
970099452 921284351 807822174 902076657
256525666 643858224 43573760 97076652
123423988 486847364 811758533 824765205
486256171 513474056 337821836 382866710
267173602 838173088 424076916 522301985
84640561 362157089 163435642 225594902
297330481 713741976 543888973 566737091
978948073 620518413 503867214 539105355
246554805 247839908 901514319 925962747
408272660 496125560 707233961 763363942
220549938 272313624 671139622 722865049
105338305 45415542 697928069 704780301
677103290 419335396 65994304 91946998
914644358 55466227 962661446 1000000000
36825324 527664227 201496220 224630599
499349980 477993549 26939478 123261817
879118934 586796523 486340713 581668213
658637495 750520598 695735118 703045399
144767530 816876717 513215112 559318467
440464842 316697684 267180657 283976273
365195946 934295385 183602493 281718367
707295530 567358873 252514568 302512549
496655360 182164489 712573860 772666072
642945333 968729800 748372897 748380048
732933134 248571052 476357226 499363788
639130459 924515621 887201352 933585753
870288360 489076892 516883506 566577870
623014031 896162485 99403200 154226040
426292916 621756926 692641610 708915196
615233302 225962821 4563537 33289998
703297 375933516 142339237 187810615
521249299 621282920 933119359 1000000000
300503173 149594634 893996952 993618417
382296138 1022834 502509047 538147202
719884548 268210045 204555794 229905798
705943120 998559759 529869020 542901178
312735684 274900456 623409210 631308053
229598636 718819243 589534105 679290340
590905222 595564569 753526711 808921436
531690418 778167794 963754276 997972261
287262755 467299176 480432754 517402438
169918324 229179034 41951637 87049331
811971428 290349701 990745970 1000000000
155744430 344724716 713692481 767742910
454281219 337987826 854450283 922244648
113383893 531579129 26577305 53884035
349642334 314848735 229483965 305222419
23034363 596573034 242727737 272963804
801658083 343708167 8408109 84282211
403453586 459195309 997324500 1000000000
629293705 257111186 13522927 101719136
980968616 528219689 521176819 574815710
444880067 102242556 479452474 493651399
863604296 468022611 412648246 483519048
17757912 685159575 304148709 390624045
966977352 547713741 371022918 415754401
233125721 415422285 348847705 377513770
957174266 736137021 983016233 1000000000
777884566 954903209 80374820 177362084
265370496 599875154 961280532 1000000000
151532027 823489851 152661616 200019770
843831783 664483707 751179812 759606094
36757280 670269215 570917291 585382411
830558749 360829625 588049097 657490360
823452878 767979040 153501598 249092657
822795169 660316038 210327366 230660662
475238803 229974933 554080975 626501397
511653918 483374924 487487081 548796892
508241407 179509970 997694161 1000000000
251479511 471878759 987952313 1000000000
285903026 658715395 269990712 285005420
874853612 565771287 479409738 555105359
561377723 594654839 138911494 149703477
462537107 852960036 506356290 581669482
644178460 897698970 362600302 438647158
963647095 159797992 759173998 779539062
614322230 104432962 70923391 152878637
114775991 548007740 5186165 28833912
770801128 778577105 933016052 1000000000
700175033 9450474 483098025 562409036
243779802 856882725 248845872 284371684
109512889 249438929 196999036 283707096
211828370 491317469 171474617 197376705
491386017 16571011 598280664 665659896
229031928 304723013 669966739 686891934
303186078 242578487 744698135 791155943
639075371 320932486 539747498 622995956
753865043 290242579 124882348 183666868
796118199 759295897 579982445 622871074
611944517 697734478 321692136 357953668
904182434 748843676 748242442 824165068
148378215 144598708 916404701 964282787
801211096 932702254 436849195 457422285
240735019 441551933 504671044 537690833
207659204 349707893 747421066 830727445
405420886 646606376 558371566 644283371
631866869 171498264 327521896 351066547
255798970 855402521 851823137 886934631
262229801 978517535 635796222 655934772
428925601 740458616 764053161 792718148
181672016 257973230 401511827 498786164
584012112 84223538 627530949 726152780
523301658 895285918 269687289 345803290
365994826 767887162 816241950 818735708
422482756 573989624 827185820 864164449
715227447 996983486 350611372 411733741
346643284 417100740 668408760 734712925
423133649 376584747 406551385 444271568
253392544 266825421 384934531 458410130
938705872 781523167 194803814 203760071
102173760 315048775 13513736 54829750
919972432 39596953 609894274 649625075
801389821 322151435 478270114 508566740
560428579 36115858 775449624 827872407
705047364 583248696 44780431 80112587
462422681 35329417 779899357 790257108
707348701 422597166 352457087 450391332
225085962 160128174 908628017 995814691
32674640 892650560 336030347 340121173
100574968 462416916 37565157 44493137
281603772 331566470 754596830 794847802
121342248 620728541 362336 25216566
332614423 871553876 140421247 146237641
487893002 280280163 566921303 595990328
558379237 822081136 390897324 392729325
399844623 59205440 799587316 825457948
728393388 87874419 708240578 806417363
925455593 289179611 868040068 934206582
308680698 23576547 448357259 537775296
101808003 141795999 862640100 890722557
961833787 447078350 317327611 350612911
30422888 114245412 488561479 571809426
612367282 443898755 398993914 455453009
878589855 339894669 313859517 317145973
819507652 610444758 277952836 343835604
424983535 45081662 930345208 984825841
798859483 605649832 766802658 860771278
673910365 445127390 645543472 705500934
274547117 552150655 444838676 526941347
424433182 83327191 199547475 263745590
612214956 559958908 515023656 523165762
872512026 145858242 273679953 350830345
6576424 383386421 146903298 183522266
372714263 168738195 91874621 102325139
907732416 423737445 234983142 300847324
553600011 770270533 182208012 186010449
209701391 653193932 5186205 28297992
199820814 881142007 52268353 89430289
501119457 933355258 590546142 646491864
284684302 80598793 687282488 715139163
916632326 255760719 645531264 649810628
637550206 560584930 462679517 515166887
493023537 437448586 240804307 316129192
395875494 582885102 904364297 941983545
266356089 382838893 180283904 207574788
80466185 423349223 276085539 332691161
217743026 371400244 766035601 787331583
895239596 13913620 958928780 972621553
87141129 487620109 967201319 987259784
417957495 470011802 77518378 145131818
276907797 767436608 741963553 802643129
267090786 803785561 873968636 943852732
408843676 946225700 966859749 1000000000
56191414 391664773 65967309 114988959
951156102 75941511 347084503 382319356
386091830 547794047 121763927 174090833
801560965 379295105 642596273 690324852
757240682 822265703 538622847 547305343
359619765 376553201 630530356 672022963
616535405 814656503 851236613 916330289
134703289 701334567 464674367 527381671
51557882 812392409 351655465 356412991
515823090 447410637 323431908 403462820
651223018 493016131 387305803 389609109
822358598 834094130 601382271 680121214
700347115 136468715 772927292 776562579
939514785 385354450 298088303 361390230
205975022 307172690 431398802 487799279
167154950 428837939 958688254 994204054
972352881 174282537 150850405 183629673
27259870 520474535 155887000 179446640
457199689 174153931 849004057 853646560
256931722 447433223 984451322 1000000000
307383307 643232150 224664136 235630069
592076330 124017389 808102300 863838523
174636534 751428868 133477733 230269752
573707163 496791453 409893198 492443391
657951223 749560346 200274296 213821096
702656951 847822437 27734583 117166701
65555369 727247519 230425574 286609416
149650225 678292099 328388629 384099826
226325785 558046774 51353539 61989819
312888168 241075240 71302269 144988427
559735916 302239612 740783288 792028289
887513786 800448855 755803331 801067340
180416658 689864823 565484710 574215929
183611892 334371400 546448531 629809559
468967559 317649939 974711732 1000000000
991549747 593704939 940880893 1000000000
647872463 109652389 682254483 727944916
702940948 413907378 653874248 735883886
101064858 967052116 498456148 516358730
625590459 760906862 776040422 795880605
681212923 108584429 222983561 297454336
560471997 64609981 594137853 671670901
728337037 612935848 309454458 357763525
688737287 109015178 254015211 272386695
321988931 456483239 567700791 575120314
184069682 618247341 914671309 969669373
143655763 341029620 907279598 984880223
96800439 565976269 62788865 125037418
552872413 631554233 644717703 730527272
266833692 899928228 771417084 804407007
720421549 39295112 76988830 91345398
812784583 188373934 608624980 663878747
59072818 827756369 945728759 1000000000
923912832 600782795 496904117 579322980
104901169 93852621 677721992 776349436
125196234 145173665 850460160 908781768
514408633 261060395 758199699 823453481
421642014 198418613 38966886 131048884
38140032 376781642 231249691 233353079
154801661 202336264 771148283 847152087
273587714 630804185 806340620 860083137
967872913 665980518 177209064 248026108
69658480 905193273 767819850 775448821
859266830 790609923 356899801 381272885
747195623 762910364 289441969 384361402
985327494 779866396 510486558 529285557
104635072 966073054 388369002 473886671
478426134 361766366 926556128 992560656
594886716 342537821 838327369 854278678
399981309 218791975 703947686 710660353
905560517 579904172 777562958 798857412
950150735 137019295 338586647 392127913
895635463 779383640 966248784 1000000000
622121334 764376954 214859656 246930068
789271983 549102453 486726612 497129524
678592886 178363892 666516930 706466989
467252920 654752133 935613790 960840528
561278313 446043893 627316096 664021509
769485236 495532388 56773146 107517483
677297396 65068482 126727154 198640061
272284264 83478583 278914415 337753037
627089267 163393268 832084475 912205316
430719466 373254517 989057942 1000000000
479260078 171670843 827190160 869859790
839889500 725428129 39747792 85749192
226966349 510308732 56540011 141835223
787150925 677532442 125343857 213328626
828129694 128213088 626227281 641350984
894764363 544356901 784106462 801075325
393984848 1404027 280584719 323943671
621795216 370290208 35368164 88365125
756370341 838649791 86339884 138971838
443987646 577858077 271125239 363732438
964325176 258709890 425713756 483454460
361402754 641561042 936793820 954631267
371927227 170268536 705460839 757737353
558010622 657718331 806027910 879787303
704854133 40636666 308677406 357381879
899730812 589207827 707853785 783552338
938204765 465161517 778765047 842626505
763941780 850255251 431309197 447533339
29845158 850759662 92406216 147157764
271541096 622043636 884615375 939160535
213493460 280943766 449384055 517814689
339081420 352644013 995143659 1000000000
359188543 865292514 445330250 516772108
433232858 265389188 739628221 753227636
822853658 805609440 636084818 692888268
801323869 855339152 455289508 471102302
691032461 587263118 47932353 90682749
323382972 582912647 850762860 943196398
273308874 19100757 959765667 997425203
434572838 840858649 805835185 890420164
45759365 384689480 297341024 307038280
278008839 864434350 365333428 408041882
934577577 675780859 109425947 131287202
716779341 51714845 494186802 511510436
967414883 933949432 932833501 936283337
955846013 235202205 400431621 423050257
407346803 315964313 542484369 596522358
255588596 264349856 639774123 727494080
16861101 43331885 319798254 337502967
741757088 535730556 454222320 462120358
738739758 410841676 718648775 811883851
594799640 993303941 949307737 997090938
164062463 857774586 728317645 790330114
709963158 903540378 781675093 843623713
463407286 576325795 757214320 780789189
472770087 127552943 160004448 206070399
462132821 736581193 562371382 627174656
410511139 216664724 32191691 94511360
638587943 995764010 647265943 745428026
433551304 530976727 989192201 1000000000
450857676 466209817 424279770 444223650
841073541 451926494 71857559 90580663
763488221 3039411 449014854 510242422
508885767 382221796 278985013 337593433
31692678 94032602 66007168 155264083
747616452 366125780 411125974 509639114
599615980 877136519 385178087 448146491
926662388 299369052 446355768 540635437
381184286 452444621 457649794 502767319
69869822 929253594 811454316 818481951
607521046 202353603 282800003 334254967
428587009 95747388 841740227 853589135
846049719 562762773 260308285 275201286
60377951 760431596 427721761 434218515
464123202 285803986 243868385 252576247
714712487 212181530 607297758 682050785
995468674 539091775 35850527 54644214
752069730 405618116 968366632 1000000000
158263301 825711032 266884128 269238964
116135990 274188099 416873204 474411058
230096071 503121784 647190279 741258698
776976393 328332845 45787531 132041454
440737994 659683078 404556722 486666565
608827044 437073846 364302705 380871450
683711935 694427407 322789213 377676517
474937929 503190656 275333358 343683620
573594389 252446354 214186734 222808620
402414517 454771639 28621391 124451933
428022419 217008121 284831112 288841231
169023182 116519185 547614406 585254024
351877774 519949592 448594294 532384407
927787964 359991050 514479482 608612547
701646786 695823169 537678861 598832083
888500530 161123207 44440860 91570220
942539263 444196401 450757062 545524743
998187494 705724415 431174183 467183596
530950120 161240952 685409291 703493489
998852953 261616005 49081455 130678335
60927102 225344843 360229710 401454406
381381447 780934261 345531352 400570257
183557997 509774131 363076882 412374278
864956291 347196288 146463646 187793283
56277331 490732347 503286937 580538057
872731505 61865147 757329104 809939390
24302652 895987562 386314315 398078179
156830723 22967139 287428391 352032272
933422158 727693752 330350482 423491806
140311576 195698307 710926203 738063091
517478324 844306174 893967602 922971454
549580623 873881374 929710324 1000000000
22552608 165439237 605554578 692283946
588247756 675293955 419541135 506266167
503704894 388305753 821326236 908769532
318852095 714669496 984381718 1000000000
566669714 484960866 5434818 66697010
180229239 265488983 217732099 246065752
701585237 226844879 330308643 348510422
642558741 258536683 655482254 752551863
633006580 489372727 186422799 198983295
553529696 23613319 562847102 634763914
850117666 49355378 360257894 443200333
997297399 283656195 804085755 831366722
307266752 804281700 847980 54308079
534546916 932073590 488280307 498777345
326227834 376292878 418195608 469170410
409836642 860952999 812996020 825151967
356063067 339344375 918794940 985939917
850311607 148978234 567663216 608574946
681224482 759048831 938076353 996068871
400321150 299268800 78437236 87440347
367093433 922447683 224494129 284364774
709042774 625421655 115378223 187469250
306543604 80765867 881181029 921989252
245429816 393624575 829696633 927094423
570342099 625860175 896422136 898909250
163340888 869370545 169886360 221500013
682079200 391421870 523264786 598314471
761681593 590344714 529827239 584518825
810710616 535001642 331060866 380345061
721796347 443771037 842239811 894428274
336140486 370620530 616825519 693472233
802763983 760781357 594814026 630370993
975826901 189331413 754908177 840931703
911869275 635744540 557469963 587617967
923911841 763085335 616508193 696833486
665536614 385915691 438868668 530948929
146670675 318478725 512328632 531251697
448883386 901449586 959520709 1000000000
26008949 374456981 431795220 453942001
48477375 591510319 305647608 397328499
756197907 798502987 298079669 383823546
15817856 29435496 902482418 927815286
624811726 846554344 756572268 805353672
740500919 476524282 542948862 555342536
232290950 108023518 190496634 278802841
473810789 950326254 310549542 378503144
836498461 928554811 402429831 438178029
151214199 101020527 267530539 332464867
350606144 312815945 725976569 824316364
145792905 971763268 888216299 891045640
159243861 596747122 475802127 520820650
824395889 314545089 561007625 642079349
728258536 973867953 451780162 507209853
637938264 290905970 362175026 414852521
524050369 906677260 788488705 864460417
555649748 801824704 903399637 972421321
107666987 678667841 116618086 171657576
442890748 148428523 924609334 925516946
530398570 898216697 884859015 955451601
564111619 93658014 196023197 204173488
316587511 851298131 946826342 1000000000
700379165 374527581 899735111 993035673
345643287 997048778 814721036 889989744
938070513 21488432 326897227 395891789
781299073 168743209 409715338 494895811
581745887 144781252 984834138 1000000000
758630488 861941220 741666154 825372684
87219298 333933519 769042375 809071003
9044576 658578127 220546594 304656051
391905108 677780183 65463412 80003516
449234656 907512760 45098711 134810381
888707939 248338345 410985259 425791395
629257860 31035398 576566825 586750908
364666645 58921065 189454314 201228424
857520384 789369960 957223916 1000000000
382787011 322577966 253795235 309542014
358134764 174717865 940659458 944463699
7023786 939264087 594970449 605493755
965885971 294778221 782765394 871339296
818527582 163695168 649764880 734283458
782796488 406714890 412658650 464983873
818844584 721220647 161700009 187158606
820654459 513166514 625715374 656555352
107285385 183058554 579440623 627192796
53198961 699890861 63354132 129462111
206920942 71421876 45782613 144160852
910393659 585560225 513460392 520110952
563144513 561524844 754457622 791549604
688038871 660742044 326892887 381059041
318723914 978929952 543754211 545854187
943261380 179886029 170237184 258197428
426322380 558158776 568386170 640790599
138783262 15675243 347561600 413497886
13973392 550140192 186668908 283213854
906120744 808531142 327358887 414770878
931950344 617815676 421357906 463647999
490093382 563427136 824375735 863637892
96290157 384093565 629448988 651460967
949057822 237349957 136147237 165468570
930623234 973375416 921925740 976306721
343863290 50201486 808997602 908906420
243238759 596235893 803894838 851971985
376101604 459080494 773499812 815870408
285482720 207482769 199793398 203093251
447040548 93724449 115010661 126735311
659881965 401558266 792165614 864934224
769272750 353450260 48972253 102625930
267881427 879130170 267329270 314251987
377648904 852156205 440844672 519978402
767348730 155768325 174839922 263150465
416956630 581835472 759586120 834979191
346188755 540736611 97211646 187088878
695169407 588639006 677007089 731773640
737767341 70827255 840510468 938209932
217006149 747123190 280217192 308554520
858396168 995570934 656280700 660632337
931453127 237948371 33266350 35028665
877719882 59545820 994834125 1000000000
363321736 963133103 709551660 775602924
1835146 773178725 406025331 423570317
547781984 165969429 541445108 589309598
575287228 707256134 900444109 918248710
261016386 48973874 138758641 226413428
426488005 143744990 142127440 152085648
733003313 684846763 18810801 69525306
964711109 981459606 365711224 439446799
486541398 715752930 477014778 548565487
904678757 169792593 338606343 417250844
188668750 109476435 235947279 279400411
91095375 547537943 472925149 555197940
329324958 132670635 939465531 948693937
486715941 744969511 970754909 1000000000
723225432 653140767 875672701 967017618
117221175 366884512 711884327 781660141
315764017 931474818 276040173 364278239
599798081 400578484 824061044 915552206
692132959 80855721 428371880 521648251
743970969 311795425 233178930 287893316
