76 331
574360804 868385852 384037322 478321502
922634353 829208508 345449366 353236211
871099670 852346163 948015672 1000000000
752352621 793810332 77709072 149706717
880954295 114607084 775898780 790758726
789623918 868525316 785211738 847821649
726263964 616308725 887455525 905323500
598691825 447008008 72036417 158786649
427676671 13092815 653069503 723187041
284523483 245901311 288597945 329724964
352046493 385972442 759617390 811365782
629876016 850336132 925895816 992636595
959084721 175956190 206797570 228733925
419510168 876803142 969529566 1000000000
451492273 520533958 883025830 888034499
614076328 185670556 43090435 49410112
629185931 670915647 750047526 823161941
268508974 699239771 795111157 840151699
872359108 234479636 429578442 459547202
505755287 309626839 451376453 464150545
471520147 741588644 750045242 784969334
845992839 995455535 905321917 956722184
505716488 331969878 815025498 852604518
568777494 779742199 859882100 880958372
419536343 175619996 398616840 406509198
816912633 954756840 82119780 125640147
151744480 146731994 324902542 367975650
173187087 560067942 773290551 833309361
866589480 645515962 586958886 613832129
83007182 905106113 301503022 349096445
208574915 721199249 719176884 797321768
256813121 732533021 818572800 906255260
310230107 258259625 304219463 384118101
882166226 883101037 503566808 510842500
993506781 248263683 237760534 317072083
587183211 655464649 265451252 314100574
700438728 308944251 764140274 800834789
625588175 381656050 966897192 968565945
457001023 356618269 688191552 768879523
990838765 788394264 563140778 598282369
945819320 635468478 947754868 1000000000
241847511 561521081 91404643 124921247
618143857 635648968 979631236 1000000000
866371063 304369270 298017300 350132664
4579225 899025902 721089762 804968955
970464655 771938517 39987862 73482319
365984120 413912858 358537459 431569462
957473355 587885414 994592734 1000000000
569480038 160885143 707587009 757938146
395710691 414120705 609132366 665318602
212404980 730680723 113550402 182824272
969573414 670823736 138472445 194461753
369102923 799806202 140697617 160539788
746941904 205079242 924064467 925298666
310469861 128584687 708436298 796784621
516063622 458477472 337229235 346781746
154598526 718386171 140025977 140208143
489391698 738634994 997927700 1000000000
471463369 743782823 691452011 738855920
973363819 529180405 505701641 545303647
914422618 410509617 39322637 49001938
973318733 203033945 804703223 814916660
637961954 616880949 120230481 120299029
901176004 956105346 476340811 535901802
807949737 128888212 295898945 325407432
382691704 199714973 88777887 146383287
738008949 905457279 57893138 89202798
448351824 598098442 534345378 567591808
778922702 88970560 771681191 811561430
638759458 287063830 995177430 1000000000
649826926 260012941 471098129 492269786
301421242 28296822 395370843 444268797
344259735 803266632 438071457 514830602
873442614 8728562 237325507 307212839
187014770 734930238 373586730 383023288
433794731 651479272 553692948 615673477
665115246 360835944 395781859 451888856
609488311 150901412 169386064 171618821
292228594 852653657 896189560 925269945
98149141 827824076 795857783 854738040
679161909 286136721 235556696 243873842
548126628 788380231 520932382 542794412
742518055 7224310 834189324 909852593
298060375 193637291 782466689 793561633
275697991 633760157 595940664 596081596
682377489 67384184 3270806 48574125
60452310 884646839 828564976 830420706
178003076 485405733 298612845 310978437
302337286 470818500 38273688 69305222
197000897 782937901 192979685 275111835
878615634 107951435 802220294 889397690
12407903 445361789 697237765 785777827
924481943 792017710 354039103 373637025
660845940 22406373 289442123 355299640
932823443 666581697 783734635 811365194
525678918 350459315 924965586 977466780
127249797 928031009 367255436 394071464
716410440 275170166 802184125 825199797
943351356 72948251 396906068 415833286
522590999 438079805 23382467 120553365
129684050 598488207 513905298 520270836
384823471 602323282 275997762 293152680
992695091 971692069 691129849 711011797
616763503 814842365 924738881 1000000000
426646177 718563550 745004240 781298147
291184451 891388533 770497360 796329832
594756930 386087080 483307903 574125107
388539624 543119989 237163098 301548020
686845480 701467810 433408417 451976718
932373525 529991728 898018618 908775979
621320722 195132191 34930891 52548070
618228264 200799549 957798457 1000000000
743073134 495449280 871650470 931754249
286214397 837460806 324200301 333817814
470988990 370583109 758360050 783977807
699301584 606520939 340987236 427728530
751007133 525817148 813049595 825227893
110890750 343648319 847096157 888100491
989117673 655963736 801886748 823776786
212208703 331165431 389219449 396770849
797640419 852672620 177036295 203952828
421103029 149530052 64667040 130773783
160272373 616572496 828614008 883805202
905867758 988148241 595895052 627300051
691273496 376087458 16272234 48540787
631325247 561470666 452344560 477077608
291349773 250442402 342158181 419650302
474777295 121602571 971877925 1000000000
818094065 831399102 305156188 328781860
752270017 998691343 833537855 840266199
884301732 167919708 916698537 993458586
157012280 174697857 62907046 88241345
53924576 77278444 996397806 1000000000
404659599 565086298 663552530 757394331
416911223 989977944 280447933 351690062
257240660 872145767 866552093 867689187
274353403 66461011 989454702 1000000000
660828136 537513294 195121744 280749601
497760831 800675966 101917447 120384626
857255091 938414918 570334008 629020220
436017873 633923945 740868682 837079438
954482258 1406798 732160796 801919409
668487391 429974681 69541332 86415991
404050643 979648496 171430049 262940690
898709007 264077025 672101342 766814700
395269906 629860490 499051010 586346352
340530213 196586295 789279747 877473831
417998086 967128591 751033991 753864418
672953089 659110690 43294511 143077768
290552687 790193082 159193886 243198727
184713560 937668764 518813031 618320484
319285243 884045556 615174442 676937345
986876576 926529366 332695423 405832264
425737274 882512616 219968683 234247725
458554607 518724265 898741125 916533318
928606447 454244359 939382696 950180874
209758959 966872497 208301771 298686614
870244270 481416738 770864892 812041670
935295315 381485671 452966643 543573133
664608666 710698063 351727920 411831080
606333827 682417745 64797869 159468841
881150415 797220522 109669642 205252704
88038619 433727653 126076119 137048777
909300040 71643038 425687773 515750199
765816207 695565386 122867425 220557117
209225028 740927934 472855976 484037562
30391519 10299179 135409433 197932481
664685885 427065887 851863011 877551279
529876358 345090903 197256552 274866855
325003988 243544239 625618209 680196218
884943835 405061763 949148380 1000000000
182393960 124546605 468638380 557098929
585957383 422963336 699054279 702747733
515010112 375971265 14849546 43252337
235194605 897656974 101415014 135762883
906631765 4503662 742981819 803440772
574075289 904151330 672646736 741634086
974853788 113718021 616832841 637397176
274213844 674713991 40500240 99326329
403852319 584511600 272048557 355786589
223133639 320703322 454226710 545149344
492855146 20539297 419503613 496828483
523709786 565445387 682455944 753079539
803687117 713943388 321491440 391192490
970531217 616882981 227492247 280505820
752925705 226120070 679555715 704537520
21795418 574153226 199730852 205707321
339541208 768029935 11227905 96851694
407615046 520470595 853534401 871021869
42366588 572667186 123574750 135696808
39516523 820573529 264673463 339357383
811167964 119289525 127964788 139345097
676111383 367419797 417488145 470180395
824281365 644474446 695062289 734851619
258797710 799095084 189993841 253764156
476570387 771791336 191298323 220998119
413913520 847391459 546218548 587893050
640142014 134865479 96309546 138430759
185832267 940017025 754716371 788693661
211871376 11839539 596821572 660588265
502229616 493952917 384043516 391100512
345376301 285669380 517767883 614148378
62561047 731543872 412048962 414345511
91323652 219908263 397654724 482093629
374160755 627856319 866108654 956060445
73144902 500702964 839996966 848803872
548669973 351382084 690740420 772492464
870325514 568278166 687012341 742333762
306893765 131118084 108908479 166439468
138205828 258230340 466236753 495496799
563729037 375972729 196896517 252053208
357726547 523693316 902874510 913638216
447639225 612917960 390880357 425333959
515653919 608478254 50649309 74544467
943137285 592445745 721077048 770405756
828038234 748187593 999417291 1000000000
673628043 657062174 172920963 178503447
748175545 154263103 471208753 520421438
140623878 829004636 264462780 318412821
259571593 432082933 105208069 152219727
405786499 21037875 138245562 191495497
26441319 503970454 242445786 242798913
893112456 589913320 829517688 832150057
348383631 44168114 924168193 1000000000
733795 89189165 17891932 89511322
363415599 287979973 451550421 532070104
135636375 68575858 382879464 414088285
8837388 327447519 344315959 407861129
12183994 541215042 472372157 563193980
354052875 626037423 666626689 764032181
891368424 170984199 515200668 546677949
359759849 871481187 460872979 466804176
725471289 847832423 523882319 613287827
390915807 798383028 108411428 133700931
12628203 765871639 823448163 836930788
710430466 315614958 57671040 128202013
78640789 643960664 536319740 623276807
155760071 200409776 210086161 270136531
714996071 69622682 401270082 438848506
146967449 315139914 459617051 490444746
327674682 296502640 455436590 519182073
294405078 815546757 703080689 776427226
715798822 515743882 746674572 823903584
251256872 100690297 106397319 203827808
879594514 737295775 92817958 129406443
954285774 689845970 902833029 959152253
278562485 320736087 802763880 887018418
493473747 868506849 901114815 960960488
553584356 314899468 767660351 839784321
472419371 82654406 105481534 124553649
397342669 150203338 124440539 223993116
493263955 686845090 800376792 895270191
222915046 300072976 812786655 821431939
149495706 71916331 847731482 856133113
699063367 503688915 673649419 686249945
758189737 172604436 435627448 495772891
914884661 350434023 438467736 519221207
236345797 985250128 309618671 365150479
918402696 686326531 606507584 670665427
414785096 651106340 766262149 833787797
300697909 596276032 965759088 1000000000
172390239 200409559 803459697 890061446
436448775 675393174 295060453 305627362
535172326 933187241 766382401 770740249
368023508 879812575 812750230 867520333
875708863 996539867 278355267 302190344
376965676 936209592 916121798 979739244
82437322 738600897 123271030 123559875
758010323 517628797 178940889 232192413
848155015 238772976 336399467 385331416
632269915 805932749 104384382 200026854
352551890 367385153 602445398 662234989
607229330 874476314 535346717 564926277
596406250 305050822 483001732 501047087
386078343 643918572 724124998 804762313
119539590 849572262 456617784 535106611
239937220 798024680 790299192 873189326
617120132 673014391 629830099 650576054
390855244 129814947 95599724 156549016
388571417 285034303 421435204 456661394
720329327 730701100 537361317 605580094
361778932 133380392 151088138 231179603
44461140 804693220 702348450 741409109
483910424 170959184 623670892 646785655
177741074 322013890 4315320 51599285
26199424 55652206 506255762 592233479
847385604 244324048 77009809 125081319
610749069 349866757 549362765 583372363
629721738 216574037 289307435 296287208
5937793 41083212 163607839 216087397
273637858 967642419 393723540 421699079
863557009 141368735 477271930 517997279
357509224 553219631 722129233 764202469
863469560 466199376 877391836 888560200
636880574 721279484 577526105 601068600
577662786 365348414 528026137 578868339
331008742 435751254 507823303 569258013
514279619 925979601 113820026 162708533
736560184 924566123 435986138 514794628
456648633 741404159 995898552 1000000000
646269561 603452155 554240480 647850505
583696432 6849948 850991887 947258861
643860591 864498597 649259760 680821249
845220884 41737822 431628863 456721197
542265483 144567044 261063606 341261717
318011115 321130248 74791608 163390855
707988801 338717998 311731676 386299365
619583139 770813814 895468309 940246358
229128929 538044694 750539270 804452419
616044416 300597810 652810430 696874292
164749172 236919656 793497225 870288784
462265930 777418840 32250540 39789234
756841570 522731394 49480277 107145391
255691610 828780690 305951421 325717358
134619341 532622248 273892526 318574890
994137384 598322229 173710600 228799393
455866511 424523176 776371759 816892287
738247145 981308246 735242626 753843617
212762203 463646153 822596900 830925945
612717214 200622420 486699068 548742955
466632960 848585465 421898537 465626355
502217200 890779300 661068386 683002947
909849824 557065978 549559569 568197418
796001217 323847759 425832704 434695586
109401927 546054896 630456234 660537038
850985725 156992560 607386880 633093724
141758398 807777699 201503475 252523417
40067181 182823290 721067397 760085932
817208164 375163393 959559346 1000000000
937618202 675146623 197548670 256913006
64134408 616384943 673106124 716965963
