233 1435
851185088 79081750 891437101 947975930
14502106 381693044 259148365 309058482
111432400 494928318 969118425 1000000000
208028949 130642636 553089015 582636051
387288938 676297842 533327180 578203114
136804352 774008835 884933473 930552603
232270327 514151699 922113938 999896649
502353816 531203211 945880581 1000000000
865246929 317621770 830767430 921143796
126734929 481981537 832321828 900728885
68856032 933842421 711372419 735206558
651892629 699858179 554698515 573073954
690190797 393233877 619359237 662994611
980441549 770145077 521456924 537555345
43963794 292037583 753862109 768191961
824796433 684311218 761099962 784054480
155408983 305599277 13357838 58759366
68174347 904774016 942135790 990730161
664071137 655657050 610752558 704216189
696877132 179895647 767943065 863249557
335795776 660595258 324039793 359812751
570927967 806578071 882807432 966631810
733102926 459085562 139213242 187615861
781533269 406384163 740875999 742957658
402851295 970187731 581246120 589567178
426566457 850471829 884299276 897558442
313095437 825551604 439476984 528558084
422344271 862672520 664206315 724993439
670518284 120523625 149732646 206033354
297700023 785167785 4716522 41767186
284472555 983793379 491418303 555983158
644904419 993789463 603618713 615064302
164611318 607312636 936609787 950557046
826869131 94920362 223641873 248223932
764544663 431528923 917144587 922443110
894729331 968057960 923792056 986739407
391090726 65044696 656614873 686326653
89891504 3999651 46554989 120324193
370322234 597183702 493500382 560520597
103087984 715547984 458367263 525403183
4077815 417257351 887764104 928360238
18066184 37703127 144782483 169805176
589592469 759660382 615702658 665608644
753434438 192133401 450711856 481483568
422852876 494498140 829390587 883161716
626989021 353864791 553812512 648359167
737863929 707332305 420556920 474857355
72361955 155365725 258368782 350646035
91712834 650520809 83304964 158432270
363150567 262595566 344873646 400641484
155122504 95958565 952108657 993332344
518137032 371567887 721114399 795643548
973405815 410491994 446292679 531367851
306344394 955492507 316598525 365594538
662348804 248627153 688036606 786006034
34326665 449322207 399076172 469852279
836492549 12705779 227414776 255688799
515820563 968906095 115589288 159080069
434308371 421267911 442498494 467860456
45098922 85271078 325565100 425280045
328566547 681911452 289788261 341493016
396752517 893412123 73096528 125256617
696159484 91767324 257125313 316636642
828791412 775127012 128202439 128929356
77626599 508786789 631838685 643412948
39638723 936047758 365140484 414101111
549902466 518573177 759608393 783340622
597179105 21221893 992057688 1000000000
827213179 289632048 935926299 1000000000
249571216 138283229 156259984 218504100
996232939 213718823 845690025 856468952
368571127 568478303 836749776 858017068
902489749 367913530 31082133 61783246
847497770 837346661 103899851 175315556
290360289 474399643 534770591 618628981
194883549 631935034 621481117 682799358
731068754 430673646 131112547 141721530
987610382 366383408 898322822 964525644
738151469 762972716 851327445 946864111
235000430 378085824 621056078 677535504
566445820 394362562 257803519 257941543
736941935 51540234 400467476 448368814
675406066 6326401 992888731 1000000000
782462320 482764471 726266843 778168608
478151427 459340146 942709792 948598538
197628518 697494469 187061690 222060325
787032358 557899691 746514278 846107675
983616664 488369500 228104558 253837523
76571980 770601416 202869246 249379023
507355498 580795990 907023631 951484891
732028885 137179818 611205322 646950621
998239072 603062123 92718101 155266679
184115060 481656304 46305080 125362264
695882307 456709349 287909063 344451409
688070997 197756212 265566423 339221010
629313430 858857148 171524475 234720537
163230074 95915976 218911795 306613976
745380673 351063764 656457182 709901671
614204060 659484233 805507358 819815627
88935624 694882914 440289111 467312769
461886638 259660061 706755518 714187624
557655434 328565552 188065306 218391340
509756475 568256804 201664314 300073625
279753332 488764057 609592302 702498440
967209106 731178584 171680120 216033083
938258069 691001940 177613867 273064536
502919658 487637948 674770461 744361481
292970394 666627852 722231520 726424791
260063638 550871487 187846623 232070118
175066151 63438082 94826435 114384339
37428409 110852600 613612397 694433393
853326318 505316566 421261155 453709982
205918692 395280816 420191451 473462955
771705318 781649220 20418195 23706783
344982620 250814854 412481486 425978574
101070305 545668715 176394771 226667694
336515366 429646598 706915183 737185661
525222434 498917907 223271110 268832675
933245621 973394303 706189114 713677864
97880864 489097454 46897896 121249900
655823768 740218660 438379094 507853637
947492431 39472010 329949650 339623867
455354752 641249608 360134560 441934605
921205813 118741031 91237876 190091861
942663459 768161298 627510140 712062526
309599789 191293566 987161401 1000000000
975026161 319668824 905894294 956013422
628272738 495459509 612954773 660760642
559490787 435059055 925920255 929675583
712587579 273197639 579319750 629143626
513726663 927279899 604121910 614387069
57567473 148071196 661429211 690284424
386687366 397092711 799087047 867977746
542243831 234923180 278651407 346435021
823078250 404818339 500533295 597242245
974769020 868656408 903388381 931673861
911087765 563164482 484501728 548923268
765067008 886031064 527827592 567427274
736387528 273276715 243831800 285097659
731172387 923826373 344181550 439710661
357967423 460545442 972844555 1000000000
362624902 108838054 252492135 325108906
283857293 543632910 977906969 1000000000
913521445 881323904 149335675 173594696
879560343 251414759 319160182 327197651
759071140 324685990 25552055 116800560
785539279 938596092 805712920 883366439
831504335 228722045 428286709 465106927
142043223 254637217 761626372 769227126
597291984 594627470 158309995 210586455
69357759 83898146 259526960 277131566
1494504 528627082 952490439 1000000000
491483086 594886846 34768713 101610406
971324913 660606858 393756670 413397008
847268163 728687876 871006428 879624319
553411122 379412686 300413405 395585750
667617411 945972864 620904810 720568305
471302434 934052683 334909858 416412650
211767404 57608897 424454611 485594789
234208273 743523510 149028060 219170204
805097564 987513709 482271632 566354409
569971948 502286071 907932928 930206339
629662263 601146600 683103255 779971081
636777158 339855242 54621225 102622468
673612943 527349055 468244918 506520110
89711627 190124290 931912679 941126460
761297589 959210103 645397498 685515316
340057510 816261255 423574919 488860936
152181383 689765344 407783537 465801328
897255837 97694501 528783263 605425801
147661044 143803072 888787623 905587550
951147180 373000178 50270615 89883804
94094839 602992666 151855028 152204527
741620289 154478090 156278274 174770254
476250575 847772907 766079310 767442201
281325970 754330986 60085652 119793383
930728289 162743300 952675441 1000000000
906686274 193612808 194883005 234661927
400685145 354629827 639678906 709331300
942271939 35055259 612749901 679966306
172995980 263329668 228814012 239635769
765891396 693067392 402737456 445856144
661494581 274942314 923430317 1000000000
425805155 100785376 285918025 384412973
975533681 287707103 78416125 127396767
441410691 158835970 343711157 426528234
985907601 440529491 316199740 396729730
99763284 879251305 410790763 476075999
325956601 271251425 115212772 187989697
72930649 237792541 63810573 136153425
1531344 332876714 140431475 155415296
374538055 490768284 845473131 904530153
898468266 802842174 572689159 643128570
808881741 95693087 946334934 983821196
926225783 536433418 71689531 98749528
143290157 475330034 719022464 752247158
420357983 365598550 363688828 386580184
228591399 642838419 919826861 1000000000
45647214 766870232 244585806 273034582
76984418 647417705 614575715 656888179
938793701 143337618 832442821 888667955
64030306 730090912 97174430 110713966
22834051 559426461 27248017 124490153
313444617 999399034 892495318 928256908
548623798 252595439 934060442 1000000000
837357782 333356747 446578603 515248477
860233312 77207112 78922141 157301579
451898251 343185833 125178572 148171675
766084984 337745719 444491976 509973275
171923998 626549110 124486419 126035604
216451702 257688950 430318887 468608525
766651250 350581742 824112698 887988330
460669229 323425331 299398096 350182990
529726773 112131180 673226285 753166771
515349975 328294321 901193425 944547176
271132161 188396892 40487415 72761631
736509516 831309941 517482608 547847041
794292321 232386254 193110406 239586973
403850444 606910376 96145311 152735039
329836162 157634832 243960583 252674150
556172548 781550346 600035541 607937516
801894119 408758565 598710577 683598236
244164418 66960813 915830879 934826089
144147356 431127614 356214203 445374841
484819269 944722507 441813279 491652992
830016547 902552281 399743320 439932880
39927281 43430202 901578886 912152349
23259425 731611341 455242559 469905991
433251388 890232348 280531867 289324282
751626763 112559075 389638318 424686182
348494363 630055319 891520992 901703038
282556185 531804638 457494790 495347921
189646337 288422467 341015720 395608142
598856285 571917597 644498369 730359569
418910403 305983912 946449247 965003741
621096172 96615046 803406163 831772196
102501909 457029502 241016910 257285349
583563928 504522018 826723533 862746002
852456448 399253973 155920058 214723121
42258888 799912829 209733172 216050074
675263485 739943967 9726777 106177090
771410393 24123316 311157880 317236481
992021910 165120316 236541843 330065327
316297297 288252389 883460811 887633060
227253084 897670763 831892765 865443865
282824611 279931770 992037941 1000000000
540865395 406213700 148551421 203392863
243765913 49399276 461115226 493564349
838474527 879962674 775147100 796774867
582387692 365068072 353663039 429049457
749137505 823042413 87187765 144543258
226599358 164869833 21400272 117153632
244991288 791180418 421263931 502240370
981426896 711247324 980757519 1000000000
111210028 880457525 902125491 994319656
84886706 627842073 851374870 913800936
922936111 699057441 507563404 515966213
15570501 815941605 374793405 440843775
345821128 815173460 936771535 1000000000
481241720 234107608 10442011 43525518
170289204 743303577 633782090 721865500
105663745 97185993 275696035 339622718
639979908 255431575 590196479 637155719
930801311 65589667 187324497 222464998
434603053 281403217 965073483 1000000000
173677283 234444911 496890746 535117460
750177786 577646973 341223778 416984270
433798517 238695219 809909847 891623973
804903832 230191308 194540818 237386678
127206821 170842422 554626291 591504565
170471913 338483651 873809248 934659643
251615342 349644673 421278869 434559358
286049401 165706561 366557420 422152178
175557677 971708306 541056219 547564217
36286944 265048531 999676262 1000000000
776096182 580432387 733268096 767878443
66241050 30506960 333960574 423461983
428505834 47665423 231861512 288727225
575926884 244108539 349778512 359992412
247127665 421468558 60659854 134758816
331445682 775217554 961590538 978778680
468770497 697781510 550164950 610956741
744647162 746795871 326098714 350944293
510177063 579515093 494954342 513725343
334766904 235722321 572176447 659790946
628778419 204589324 657211011 665696864
129858359 412172082 796858680 819985871
269393473 567330280 120012399 174746315
532182699 656482618 960813907 1000000000
832292075 609339579 65417074 123060101
245773435 292405162 792950535 843886386
629423636 806937005 219111310 228799602
222264805 368790944 401013403 473879425
18204949 248460581 788147909 882236086
776511654 256491999 831782658 836782710
8839976 895189418 531994245 576458400
595454512 986084714 773653686 820485328
468875490 160853576 866904413 932568811
136210611 900992393 275553773 309721904
685745618 64732256 722905344 744437934
271452763 625849858 718748349 722056512
598509854 244684118 458004752 479785393
114846954 412381064 150713206 158946120
666214146 570888382 212744952 221192176
742521385 307314274 861286710 923571064
936236004 150010468 49266070 141612554
242398355 557266625 275584469 299156754
293121123 498403681 553281077 624629624
918753550 593276384 986598859 988133082
744574048 618892876 676999499 682687069
275770933 962807589 166729101 230614191
850505058 294958580 115357126 208164820
598350435 177866318 128089050 163763020
964207886 743414751 720537388 817929394
908783652 1711417 371822153 443458549
175914981 557773188 475898765 484758145
899617473 253420790 52061481 128120840
278543808 22688280 165722385 249229036
973811951 847057711 156933282 245993985
933963112 836715266 301018565 314997613
123487484 890146164 516562336 563996444
101237846 999852276 850993410 938769574
848634546 761118262 151746537 231029634
712770677 322640329 503027167 554488910
410294407 525470477 94929322 108442322
503047297 287264377 379601524 410270655
878381833 889545076 820301864 891584325
174909046 754236320 365883026 432141379
70841606 708097306 53097196 60614656
446214214 879976499 115210519 199601379
674621295 66177558 781360322 802803490
333232048 575534215 386385761 469287165
801935375 167288355 606910961 632229483
464103629 547889640 478587608 527056791
599241903 259740256 489663746 525557025
621480856 578212737 692615367 756908363
262553543 477196082 591171238 605161414
626070118 367406220 233242611 315030157
653668195 977244484 347367814 348483418
89141126 856035317 152358016 179460592
130481817 949411445 568493204 601166978
522566689 585552738 572153642 644300904
156397120 183891284 979071604 1000000000
752711955 973236065 729346 37772283
129404997 555236341 11408156 13113094
457699195 798337974 624314457 629270629
873016804 867135823 160569860 213554569
567115730 49836521 856806723 886893294
109562848 163161594 964874809 1000000000
437435006 259856926 989288417 1000000000
438627629 863144917 689000602 760880247
329657648 919098737 747645049 802952099
613557241 665284277 576964449 675121632
507827815 489383845 513500504 566731749
935315934 233248483 347608760 357987133
219777379 144555890 628407889 669902439
412448926 848775744 999653190 1000000000
844054068 130009023 121251281 167877371
562933200 217890391 993247468 1000000000
184805149 388751346 719878739 771351045
581875603 620132789 335161957 352727407
490913150 104224178 216834848 289402840
206732311 984580494 48712613 140382579
909327320 633731321 212830591 288113912
836394626 291037105 304157976 347565779
876146558 393928298 872140447 930281387
947576938 676225799 913168924 1000000000
954599643 762100919 386510074 424603780
939489286 443844414 190836876 275936574
398536755 222402457 879540408 929231314
710300879 468142017 163907761 197108246
655383561 310946233 640457086 732660006
259232392 440043651 815183630 823091689
680303560 774752821 682993618 768607708
391324971 210333846 674614991 688084115
681843562 551736641 964839974 1000000000
964637833 878557387 557632634 626409126
209807545 737965102 800732453 810090456
693444804 245788509 409325859 476952401
474968927 79623602 449187443 491166659
131370503 549627911 752789185 757665531
643251754 810728471 297052673 301874081
97375658 308246332 135636646 226878856
223292864 979953237 103290887 135272591
349869184 395885867 587385849 674462041
37595933 659931705 780874908 815004983
894464677 143524044 824650132 886448385
551983891 93392710 273263466 286659917
653746737 544719607 652367736 728883394
726619493 271972802 93408693 151395689
891985248 915980106 731238264 808507425
616542499 599198001 146879674 245141289
407561516 839546407 274520264 292642426
774247531 730136235 969336208 1000000000
185348632 264607948 500617469 598870357
633134121 133646816 716916940 774883280
858695818 390337061 527959233 563001641
801616270 373577396 626244526 667015633
180351977 341712473 918023316 956610895
791845233 326234730 902861822 966502422
396720347 181901128 573230688 666108437
72941847 679911212 198062867 210424890
939045094 71747156 353881253 409881057
615881454 572889147 740020119 814339349
311857492 381875140 878070355 947182396
915871196 969272318 417494558 501396008
520080834 735359299 314739512 381701100
537712490 35006176 586177865 615903969
796202104 58202590 702335835 760844813
266343312 760135727 482872295 581656614
408215832 888828058 862136495 896887416
153009153 318884295 386419707 448976296
904187620 920087220 20805192 79345791
138145871 388270572 652824609 661854695
853020998 956960045 626136549 639372490
264886656 922816135 589192261 680056679
829489802 349373800 654236390 703561774
155372293 217282605 800129554 849943177
930616081 430598398 894219578 936192143
952640384 549573588 536507012 622126122
920385554 433572302 507283919 550226635
586126221 271294831 367413770 394615338
342263619 233828463 512724395 573929520
616643161 558357351 4985104 77532198
874582954 917262635 370235124 373980101
622002707 183511555 474119982 507370673
647324034 984371430 594305266 634464257
793318132 728168067 974527733 1000000000
188908534 309872829 927643375 941842237
768179878 20177592 513242612 608840269
917745119 844462214 339767554 433578573
272599279 293819346 146520034 210749010
466762004 5620257 369162777 461460913
955336748 484002408 699684182 717081825
997596078 74194279 659519415 749910963
903126234 605194117 115785363 183031734
721703065 514667890 717820175 764858858
792239718 348641384 386455386 396679612
933559645 835336194 47303744 105237178
176403934 611500498 60206687 72422258
37108222 406185134 341268478 355126740
394396361 491645276 177775277 249803140
191365986 727711086 907963228 986428448
185229166 990582734 820811884 907710694
120036179 122800206 45576882 98240542
740205871 634454450 416110590 434028235
494217669 941765292 104380511 179820193
618223666 577678763 312174463 349930532
243064364 437104635 494766137 528429696
686607601 932919960 427268435 523208165
470043391 28661040 990593044 1000000000
719073780 153025275 557481635 560713848
414927444 27241727 168489706 216133940
650535448 847727425 327890663 419788266
332529680 388640498 735458235 753456300
731136841 74572280 179603138 215226329
828212448 347710895 924016763 949615602
230882448 30505334 403514189 477732746
978042038 311698362 617499139 716114733
233385876 791250813 176372645 242828482
860295573 181945154 112642641 208051182
980587311 209804079 592458850 645419991
317905900 291241306 227831108 293002922
701842727 746345564 375522701 403494322
833024454 97120917 302603691 347465211
194243871 272246040 619317493 707373699
38933709 656404725 795536763 886357252
407276315 369212015 98414682 129857376
578085378 289417454 88199714 165913289
869815841 702107031 568413108 644694243
102888209 758249632 42784757 113328788
159052751 301525436 453891000 539144124
659264576 566850475 253554783 304059886
695157218 330829082 266060457 355503482
657390327 844838453 956242405 1000000000
253361486 394468645 591883350 632436935
536093320 84250036 740293038 794299724
400351189 344420493 187187778 197609935
626292294 349871068 823001178 896953827
345193791 697492543 148521621 154475205
983043419 435953118 135935740 198348192
851291227 288873984 226210821 288695990
748045134 848486839 990880131 1000000000
257049563 570287711 629659388 715604121
403502378 598456163 131911345 224926751
803927984 74775564 759419297 806157411
969426633 305013318 153691531 240239509
652319581 135185568 856444905 857420942
663209093 650411355 703560232 803244239
234623499 776119091 976613648 1000000000
197497364 44680072 973379634 991357551
120569765 730327143 947366675 970005570
300053281 807156198 605932175 611714254
11327898 192573353 451654032 527466564
448335292 644688838 365190120 367242730
833293748 718648477 951549386 991266616
787339649 178568429 444084410 486932452
697355126 958625272 329167696 386118621
40477474 483368499 630791841 655603063
643628622 545805146 124176825 135733045
551766044 290956212 887804266 954739599
447835435 429714391 45789447 46718215
353470971 957054369 264105762 302453310
431451104 162470375 570692147 582251915
519676228 894968553 630576149 642087871
899362119 752513178 798927933 892789888
785142223 693352333 637725889 669577194
821610211 25013549 836901104 844911084
508591293 464291991 979816440 1000000000
405232486 481623783 147412523 197473704
550802729 327132279 933173707 957651845
752682492 508558707 208322523 293302370
186763594 723036836 974238026 1000000000
75503630 328207514 947568919 980605428
392878407 555691490 582696946 671884719
871385517 595472357 243498494 270863964
832612326 186684361 20750281 87527717
752581605 239063533 798783864 894856291
836997769 140815614 208927964 256172353
551128060 869119232 197424124 279200317
226082153 623296863 414739436 498364196
431861142 805398431 454873493 490740421
253886855 471301601 343428723 347033352
310466009 231913191 380916762 435628377
690237932 251787456 984203219 1000000000
146809354 651525953 372435482 407961252
796223830 9578921 908446710 932414870
673322464 714479818 406686408 466911730
889551346 528571519 389270864 455428178
404827318 134322763 813096422 831017972
835578874 979719178 114034645 203456003
369293302 889142947 986973940 1000000000
224777520 57334074 285201725 337391186
37759459 819001567 62535483 84841386
61035120 730098501 798281189 889523202
550836277 911383241 307932245 315203963
15198909 26246438 856837203 879961186
570008812 904490814 420578826 442070774
952769187 143376008 645336092 693729847
620992535 641837112 809141020 868646183
149635014 349662867 105299911 198370839
322277823 403628622 857611571 923757080
53026074 504338438 984902544 1000000000
1775113 673339519 517632466 561270454
611786050 323290501 206689726 243948379
470398111 705850610 476824020 487694138
773644638 82770728 130430126 189106332
802096849 180083530 442542877 500588527
46590528 673054689 939898273 962837378
588914512 27473726 132778408 222055023
834955989 837104967 492340493 518382748
313552882 427026150 760274998 776377153
583784065 502969152 160017697 209632558
842618365 213167401 416815203 455355496
632568083 401261565 246202018 342363770
403970893 449060894 985242032 1000000000
411843261 307930833 526663414 546914404
769736317 841817222 919542715 974924964
752215080 802729312 940284714 1000000000
248205304 723119273 691452044 771880312
966651195 199659308 266224693 341380923
169804942 489434761 695110450 769902428
447758133 634583549 340908901 365591973
813522816 967261203 223687216 315363860
69511439 84081930 544121423 576964748
841484408 640662946 174461787 269272118
152509123 180631829 297711070 338237775
106276699 181830788 261533821 321294194
844913946 149374080 483874866 535605515
560956697 447199591 323231879 409125627
697690984 513649888 464927145 469241585
257190138 470077585 446741874 460542880
312486404 762453803 727591939 794778494
328753637 407435312 606642141 635451853
298129507 115083822 949899074 1000000000
812834179 123100621 808701171 826256304
708444714 941536059 638191031 674588186
451520981 573138109 665054500 734258464
480258258 610406123 467195947 488610178
44023434 975130530 388593557 426830741
599008604 945345102 285933176 346496047
125292397 464638240 13175877 64318215
390257774 273475305 279199424 339285655
248899546 65847448 658628385 689956232
306344992 809789797 604325854 615006921
814345570 636999529 701887244 734202417
494388554 11013057 347949554 412050658
564957265 712093927 674678934 763109379
847426902 8012106 178209516 205753948
906945110 407080055 804576439 860899448
701352822 833583267 290361363 318129778
115031005 297985060 975295840 1000000000
14032935 744663904 811840879 905879654
224883670 456692261 541003674 609745674
972574192 478119946 263832933 353158170
537504393 801421574 867341287 900882103
209259310 898718525 224852653 258930406
428324521 548108181 973549484 998931546
798681507 239257871 499472036 535717152
600381835 485161000 70640631 123720234
161154745 903940009 62015760 135213567
725814857 687625621 939778798 1000000000
88653925 739885336 927198642 1000000000
888923183 546917081 409585427 464504646
760586726 960460471 351089237 377912570
246997346 197070313 995326082 1000000000
116985503 464509039 694948743 774214789
307736667 116561095 80302811 129290419
59032415 962087510 282732198 357386439
768620131 234050587 289121997 364394078
178893100 27400781 103556500 121865892
818368690 555435128 490670737 585262839
483326750 925710670 355021490 426596012
198289887 464145297 929028285 946149682
248975090 9821249 99217159 99243110
240167726 966128772 616529470 657570193
254954517 745434479 497437316 570564195
119857694 86104237 163299166 182243942
374483491 573134683 473790925 539480819
816622857 485102842 779343788 869898596
651610983 482407708 243904993 322881186
359296533 937327468 803912912 858035098
286205096 427906892 464077891 509123392
645914865 747802564 623890870 648232793
359685053 258334274 578593407 582319741
916865969 983389682 573582901 651528015
487272511 595253070 810674425 811789154
910989906 296133482 179076933 267994235
750476975 760693602 424148236 499254696
964834684 229271194 674964610 701250723
454009736 641110004 444383013 445148655
570240266 113528919 565653242 631007779
610637574 536404807 275281300 324609150
494685169 80476040 881466098 899543290
671798534 771052339 689237423 723336835
596500899 300310430 155879789 192673025
119431841 571873757 768134774 833892872
431998804 728975116 163163006 169047539
29144420 263178849 559557276 622095243
921024542 886264673 118856289 138575758
870906236 788354751 629833054 634113957
579257636 697918131 729633444 796201186
314286386 528839907 287177669 340650943
594295760 844979601 28762746 58181666
495244432 331572670 942755389 948936846
116455135 559581755 161067575 235740214
605569207 504649114 459666190 481850128
98398731 864355939 6307385 80525627
701327499 638396523 617421773 660183218
658391461 340449601 953132248 1000000000
505284694 441319047 589650474 640333743
793848228 930904923 899368566 946098799
937626317 366790254 312109612 312630783
914642574 267635410 687060467 770964617
148719339 940148516 161051262 249042001
872358566 704191491 772012469 840726659
52609480 729073505 846961521 862643634
360761598 945229369 394880512 469294097
527546480 23689394 777001042 868645775
427220545 886998721 837439854 872606696
727122505 788327811 419787613 446297494
479866349 840549986 5547021 102227710
553748472 559521174 233544371 327045460
495333482 697616978 554839355 626650953
893680119 309013565 376593242 377321821
524820669 615036217 513660281 541997634
293725436 16860792 667246495 706617967
816104579 948817815 904250306 935259111
388859942 947164811 612924379 648643624
815716999 861894548 55831457 75664678
884722081 401981296 189805660 196550423
5623251 102466411 326592945 338504699
693466918 456384458 219704263 225023817
800717597 733392738 343280454 382367250
649682319 260122640 627510578 711084069
506134818 30329520 647582871 694391324
994924693 63243382 882608657 962969285
966708141 945171104 369485915 373721570
522546307 979254528 987136324 998371812
890454855 495148521 635365945 697242752
840188642 140552286 999452029 1000000000
487217625 149551517 130574627 210468164
220399450 33386159 243323956 310003908
132208747 619114043 740552186 814124184
101979569 553341455 293908767 321857658
137153721 253994855 587771615 605917394
214462068 849670545 816633235 819601050
237208381 757354465 647391357 686978567
396870249 21388712 958770210 999109629
640702018 410668516 402146120 452165991
348608714 612277905 335643535 337002031
927104241 994869418 177483466 181874769
39268920 174466730 784602549 793331294
314239539 357908711 139671572 159569062
995653367 310655377 659628726 738197159
877470130 599440551 661567678 675179439
478143777 577017642 873714682 961310310
110836669 567401681 556504509 654669226
966684016 475459504 378692904 412387180
753859524 828109215 372995587 395065845
641450101 465370189 402638033 436389724
876146316 203359229 549705882 622702604
92588626 514443397 964557886 1000000000
943881121 895864338 924245034 947438301
218069649 569652400 287040720 301625716
969494615 317669284 82618378 158093196
920635549 686594035 30387279 78315817
315990109 843889485 876616248 925848610
886322411 103733695 493831810 545123689
644934203 349342523 648215958 676103152
359822588 844617662 173610262 249840029
335321106 421558535 780666831 810446879
527386390 197386231 604427467 642937070
197896949 863025408 552391599 613709011
640251611 632940242 974682855 1000000000
204527590 948443337 21981425 64373556
493299936 368076639 240011519 255250245
299092135 878611444 453223538 473110572
151206391 80772759 684153504 705783335
54191475 801379015 422269526 449007698
118964749 545553324 858146440 939220057
153482919 251497994 302112030 382210258
433525083 326959951 590499926 673947007
667699133 715341239 703287528 782738056
6500190 304369189 49149918 95378432
914559884 817906447 767100008 788608320
357331829 856453511 672064443 732155527
724163366 392374389 873446748 961427147
427326512 852389848 286373028 338141336
715406275 922602795 691017608 696227714
612375162 51431272 145529525 209752317
193206992 915386485 725094601 759690842
288152638 495394403 932649424 994636851
999548863 645313412 725836826 798913881
908299540 556024915 351689141 414459981
110838473 133265077 36109043 107556771
458015114 327222386 857905381 916212221
770568611 258737518 839862146 910014908
85955760 482473010 532620758 538436594
418482297 36010261 476530561 500649748
890458847 891757518 154575598 192761794
189369537 296683630 41080169 48255505
770595934 332681345 632359742 727949449
136150010 616487589 442023872 471557386
229596061 363459700 60867222 103100253
661180597 386447884 360532472 395528093
491802195 656827137 502852331 512758868
542903738 671924267 23956547 35031329
221985319 297716214 539218817 622576505
674053222 228460975 121026811 208603055
972341720 706289206 860628055 956112590
731979466 662237165 265510920 355300877
840534171 37130430 382640634 409308234
175188715 428574477 253217961 307956405
213938908 566934967 664812395 744889775
562986053 711539377 439925387 440242827
82844000 760725681 637927850 725416424
353155479 293673369 531348617 602444821
140938710 477943208 508971346 545618569
707879822 321567432 369138592 429003732
307806455 636842669 624004321 693493025
948919168 532007430 11668733 43446864
612013652 591859723 425143632 488705880
412237984 444922276 72858381 142896054
534659762 210291691 735300662 812701039
473506068 821907513 404024350 457310678
620431226 922503876 67939209 147973973
501929742 843555722 759036502 768456017
311716218 621563644 830707452 883042322
828213064 879783090 577097507 671857153
310814818 496368076 26506310 27766891
249293883 971609013 288232108 349988959
155828702 911351995 76822719 157839392
474876560 683977934 858388760 943772823
722624046 721542481 33567036 128048060
810089777 377371654 383864686 403244323
871208005 364790602 603767569 699389164
53032619 934537915 946694820 1000000000
285535224 206176391 812687817 847650110
918636735 801983070 479349871 497322461
761702147 456810020 288446129 322494659
278412674 576544434 465752287 516037065
241417942 580867595 342969026 398488860
434030358 853626657 47462012 68003505
466120591 722546928 522773596 579523823
144987795 51163288 762249947 763827038
830552117 997978901 906631268 972545556
471930346 948156930 84296244 182302936
351087762 880604582 275196059 320585214
479608983 865014046 159950291 170735266
666586407 701262092 249444348 257805205
47463616 39864161 875840783 974358967
36296805 711265019 205274354 249683630
476714640 359738458 341359958 372705357
773231209 100121981 505634434 574583708
67227512 305143512 919868584 920346123
156331241 609910106 918068267 1000000000
229649966 320898619 727789442 758502410
224708403 790753281 675977878 767801572
434794006 467008484 37626045 73002236
835464366 896875160 513521166 568566849
760491025 25656978 504867798 560548970
242886261 41555767 616866940 667559987
861895293 994054706 397571228 454053930
639655676 455027383 753280111 833703424
992417516 964596139 751544768 796416509
844213865 64003389 669162380 731516762
463541210 989430265 895971325 904203167
607106688 698202541 723714501 786036385
904166787 411374922 978002775 1000000000
849663856 32714162 714653758 731494374
593323264 717259733 429685714 495436047
810032828 472267886 778468340 859712654
145692262 132839933 158435636 161029434
869119943 671037622 191980566 275355443
767270573 805360374 699669721 783126242
789809888 101534126 772250152 872092538
366341410 716079412 708084982 799929590
753838393 311079421 830927359 907487094
656057606 907603709 543571805 631325779
324860081 817093050 458228917 460119105
899594517 315140635 716417597 746943025
346235454 175122117 460168938 468378277
566863769 663633575 818201341 841342208
222007940 133106561 478495081 507593598
298611382 63262227 565358560 568211634
493581304 675361871 86675937 116093586
833965053 777081669 464974363 518158027
195514701 48065461 79653083 131469734
403657037 368592590 720109621 812268504
1786954 667774449 979164905 1000000000
422295866 874276314 129010993 181197078
758140686 834716269 461733910 527902765
23854196 406794891 604207754 636082767
474544451 211893424 34988966 36544738
690168481 741244153 430008654 472926729
928017312 867924915 680211500 710586740
494597915 374186042 909793092 974026751
421472961 107380267 320835341 375882102
823443385 117224156 743678490 833790985
688442415 361271336 530729839 531148000
604349803 134694769 807573957 897527364
610316212 835283114 333619466 389690267
75397307 590884749 774433195 794899508
386543469 452938125 934400346 975000357
9855196 924636744 726525843 824587119
548609788 620633775 130260022 139723672
566960722 833459322 170386147 268608978
472506993 243871654 862699949 913978127
777020909 343098837 207894485 301076258
611383318 365025107 957985846 1000000000
194639216 473189566 694532344 756953982
54724552 367510130 58661965 76371285
733958124 760711845 736657707 811968183
434944111 301638752 883504681 956052489
902441058 683363267 247460754 298650886
557488411 212037800 46751913 51823258
303718412 39488039 951181512 971500870
301783298 867305926 967285710 975196414
128298094 605527064 625009801 632931957
54925626 551441118 74285803 143062591
479232871 779725710 376254824 469859133
948904445 19785789 571559674 610231793
809569138 398259139 13473477 97765204
631170984 960831548 314854788 405240189
335905655 280301698 436242937 534738890
298343125 178565540 329881505 419909420
715900625 98637866 124195078 195515897
377828011 593740676 269004743 330243204
713656245 181410975 712949239 718198041
46238746 750085037 598089901 697390418
839094837 174778275 428805512 492885522
690401968 292391033 489444928 551634767
972308320 597600060 237891145 251382471
16161812 285862136 182326586 183550580
440570203 98582237 511152758 607589611
743412 576114430 323038068 341276849
305485742 644767852 915931378 961358519
843572424 430210709 672072394 722393149
969654379 374222222 252796262 291345094
304127410 30500111 714627962 789849702
757255123 715746447 665768622 671077006
760410455 31180643 366483975 441736380
818230543 679526700 713696494 800354683
853764444 989254875 363479946 437123724
987258381 662196365 224242528 320002444
768746341 421062606 925998006 943117224
93025700 220218345 235286831 279213896
38860657 785540141 821113977 901680655
227930903 399646949 503939305 541385054
65407205 475140889 169239669 205451053
60538668 200693242 386970894 459790171
363738362 469244705 937948620 1000000000
834280869 661775965 684889916 708272080
159048196 649052942 338830541 342311966
143838766 164807407 437705737 519499322
841995485 568491910 637229840 696105856
876562329 149640293 158699928 255954245
253713675 283708754 684830906 771955291
503414824 996763529 883354059 967065531
327889037 365618725 327799483 352775792
864734946 796378046 112136397 192035759
720508428 855876279 932457167 1000000000
179630983 977602500 508666768 563180945
470193033 295772658 711574783 785787990
219318755 854919424 925166495 927264282
5352299 515008414 754830285 792951512
242013969 478561923 111526557 130146367
321931115 892950120 46859510 59160911
542381307 980366021 477642258 560210788
542172149 483306026 589279289 667579130
191659092 118696640 811059958 847022906
241969350 33754645 377740907 382929828
489769022 806877265 341054688 396716829
9157972 560829325 810062469 901099331
461059534 691109048 171289777 205897614
516837160 272326524 33218539 55321769
852394037 250432027 910654588 961573323
775316640 604026278 259734260 298612584
448906048 878992307 949662132 1000000000
351146159 949032488 701552291 778602708
434477791 149065266 761658505 825706832
222675930 715885158 196924423 237753454
832046639 884168943 732202859 763127053
347071316 955197924 355603029 408308168
343999940 406744016 681740305 733550170
131882166 915080981 322892127 350168823
928764385 257566074 81911067 113451437
148292255 101327525 346063962 419880813
907624652 550891844 436105381 534489993
15249583 183657397 124725548 128879133
775525981 97550960 70877021 135787223
933964655 638756324 574478095 587226671
40483542 627156944 91592495 104162027
562043595 926274176 484707024 538412060
575928966 418209027 859324993 860708956
147911676 237716741 381989829 393466699
236442581 947642945 500609075 547858083
80704897 97464961 11517746 12849666
193457638 275233442 401468020 444464030
425820011 238494205 342065456 413011656
801866288 393083720 189447828 213098017
135873545 628906903 314049436 318317709
287173333 767470007 160675178 242881267
471704721 363346769 770697976 834824200
432100034 352618601 238670587 295864699
756775021 142969524 90383421 105992017
341042681 751260781 643326858 720306287
823116075 508273573 213295767 263544161
75173760 559179304 13917469 34281513
375736336 259085781 294040707 319466924
317165496 980479238 367493261 436320070
431105752 33465543 282475919 284646645
384006831 715588609 898388840 966876084
736519162 724270523 931756073 932522091
268976963 535331035 316076543 400441305
42331970 341091921 897732 7769640
897271952 699380862 932729620 947884850
480178669 70851851 991972083 1000000000
674472435 194307121 293932706 393740896
465878932 302181161 807613335 858914818
718370612 15682516 38354243 118742920
954428691 660046293 162201325 257813371
560837839 903258529 455727195 480050409
614514372 844592734 165463084 212454721
856705226 244657120 484401467 540094213
974092728 625206632 744406667 771520495
420616006 915850519 55510614 147655137
530824275 927378859 226800776 279484389
314611298 425309039 637080530 732987300
505809382 14585645 374556533 446044752
1520084 109594213 864258975 915232631
126626449 235587777 305128533 316103928
328177543 593243155 327138592 375126188
736596695 486624882 958350030 1000000000
840646568 811274815 539189582 569217366
383438374 413317497 568169475 595447759
44856772 925250478 189716060 190712192
436556188 451508338 512758059 564570691
410099120 623997782 55527818 111550924
97014457 233637527 952621486 1000000000
957482878 169029849 121253660 216654784
702077025 180582624 755061336 810307950
330280826 806543047 905313922 973435273
431229006 651936810 947207677 1000000000
848492050 956896872 941652013 1000000000
869837425 239223146 12231483 17794863
491358402 287985712 974746660 974952815
391183293 701650 999217934 1000000000
665759219 174629106 571051267 622910311
998789710 722945965 895733396 917969255
721526787 410591092 860851165 946173441
589283269 236463735 906299640 957387069
663660420 328048207 494106468 573855304
252740300 74960049 678644520 728890183
547824195 828729141 948400439 1000000000
632407509 199829281 319043117 372793007
296883344 500712307 169712118 182887528
547612147 970283768 885122652 955788430
788143854 792938693 400149790 446187407
940180641 895890118 373183092 411858759
311215395 208157404 497805722 590222794
240769002 845030563 97455941 196254210
565941995 525063606 573032074 668283026
851397619 772588761 626237269 646508483
222691256 73027246 207607804 259054066
148044247 664924741 355075256 362255892
696301959 29449619 579951383 679669960
552748208 610217376 133067001 188929267
892271362 139992740 596654095 662545971
623850063 419538445 113442193 200101791
847912418 456857143 387256792 411112545
573848125 743220987 25989748 85439639
366251603 93756940 391848843 416417732
534291856 464273321 508084934 519415830
864733782 260431392 244714715 271912927
710019487 220810752 359798164 408658187
519944425 706346758 856168161 905232148
1214374 463555264 611904107 661518417
894888475 843959163 741351118 787480417
661835341 700244682 651811953 705008238
769177984 662375569 533157604 591976845
995979596 527860163 785901673 882777733
684703238 266979040 261071234 342484080
469124640 185235303 361006298 433947172
686235142 119776113 647616328 673335992
64061181 152044599 630878803 675349883
95466195 215983955 897982359 980036353
648774653 571574385 653913901 681229434
928819982 149431714 98246982 125006592
851961254 292280189 151776958 184854640
204437456 232047478 720937582 820014960
319778329 314487447 417311545 436328661
480842400 362495722 360381359 432624174
99519329 869855334 467098174 490118695
710542870 478024687 612240502 673062276
350624562 844852564 78078959 108038022
785141 99649967 796017992 880356347
362628035 54722720 196794525 222867246
705012698 303844937 810220499 859183576
262316377 426293806 99814473 173874682
770511861 858935103 836627170 841095915
55962367 930064849 912896195 1000000000
67901582 391630352 483165692 530316581
513911743 839927611 928230166 947682357
937545605 796180272 744979185 797224187
733193125 150874778 486035531 555747791
676483978 785642444 652957676 672683877
905969853 254318094 487256691 579891532
106173635 620541643 366788026 392672797
994091409 825933792 281858175 321235671
425221185 135691167 190301000 223333094
798136758 455004703 78524949 98100740
870802632 957220148 290051659 299031153
827489360 626750930 490819828 583486151
843776588 750655409 534392585 559728923
201393263 644087703 409759060 444383942
907139912 646696714 517449956 599733934
175324807 306493457 933188234 1000000000
366298622 358796701 74980918 170656923
12508148 325762718 355357378 379637283
874744309 350444645 363337234 391286156
382626461 803360446 810217937 856484252
878397764 315909372 428709940 484345251
820540052 155085116 14306185 71517308
663580788 470098923 538045500 557933729
780469488 702604449 743572184 778754446
249897173 999731517 12011973 48564831
407601918 957248951 333600739 404686745
422480014 784601829 669714820 748150656
325069511 100687569 174978731 205729607
447069485 962743797 259668279 300280412
422892198 468389426 612921885 631035616
118106188 503088949 406896731 478401492
310271266 838611265 246864710 258713098
215935689 511531775 780995458 800540905
599757532 459981451 423175878 514272322
637836644 286432151 180013135 193888155
576259124 237110355 881007422 962142675
89670591 132823839 484379148 490300709
588914204 806262102 4158147 87885278
688601834 171595101 412155898 509342266
621232496 300881190 18083365 111076270
226629679 560506976 741016914 775889362
208794851 286618312 255545792 354728363
84857733 539978528 762147134 806482992
254433453 186954650 674641706 683002674
714429742 228307925 327039494 410411086
545264135 806809577 293881085 312258486
762619902 825313635 688256763 726981960
316716696 449286538 2521573 101312376
63460484 348410611 336827437 404326186
815390775 941409778 939263112 985715346
935596980 434620733 246055553 316720218
785066565 527367948 855306787 935934351
413942345 415955690 620545760 625029410
116460496 322360808 792246507 812323261
627979878 861266154 276412699 332286146
237890476 783589801 628408775 644329812
154945963 909161439 892017391 947839652
551677024 14069729 936549512 941671914
84798456 33334435 972756672 995772440
45506412 560921347 478446546 505734150
251326329 935201506 128912126 182835482
689315488 663094780 111612970 129438350
467777034 948953312 137108864 219770379
507563899 392028250 432085151 498337169
386235217 25978466 177080168 180457698
888874529 43995956 709397174 755650493
973519581 861298314 142502367 240573281
320870772 358039 663454292 695075190
665154080 542539996 378621988 435684830
504967982 713021536 855462868 915625167
920905433 704136542 668658208 689114677
214671810 633547285 593858462 676825005
145522176 959452338 920923437 1000000000
610743546 819220852 961009167 995252633
709270638 744127244 200107698 243151342
425740521 897073485 987903373 1000000000
926148180 219458515 705082240 728153727
140295270 140642456 415301192 432168582
261912477 86129029 20317377 106592347
711095519 586512475 92949460 146309352
52951286 360820821 67271610 129937671
188069533 874457367 547296171 621315185
754541694 187232625 346490215 394729666
763527013 466719087 452743989 456815153
95094686 663070727 537608625 602184795
689870443 12402289 305754161 385562222
651326070 36309211 872176595 943683896
397632662 570781977 680446789 680993141
338248638 457566243 856410638 895868235
934866153 735730407 154332680 245120704
371221157 203888928 432152613 439174259
153605494 150870026 858067414 875066981
533321131 734583993 536469199 627511107
527838628 151374321 312951530 360837055
369491525 305649725 695972052 701321404
174117360 964272159 532168855 589224679
848401255 751189726 419853359 461913543
833731460 704143079 691408586 733007830
433493117 595103639 161748688 191600329
444963533 823948216 369489286 414039216
126160314 476369831 97873587 104308848
615826238 960546061 187911630 274356997
648127240 161800412 435555286 515972321
276462799 998741957 73462951 159574881
488434478 706169121 766516575 778822088
645624750 97392338 789427072 836221227
248503553 575979076 633982286 672340294
379243858 201010023 960385111 1000000000
325006224 180886313 67585855 116185414
380025022 240536804 607354893 683414824
745474122 24212228 56865046 131915646
44521457 239595409 403110874 438833288
690624364 16748504 527450807 543082410
200693237 848135165 404452231 421613056
528150757 705856637 643404428 717919846
52786203 177861683 480530264 548273947
74056212 323745533 586458270 654866700
283161276 89933866 366893828 449846949
274573387 248237140 63104152 126405647
867132390 77204821 566113293 638192410
948586630 650182685 54316771 63162482
868783238 350953825 851305093 863631769
450383617 918333133 538646384 572322068
834128227 918413455 29929040 84885699
596837573 252524446 752397791 764856477
852394614 357440558 205867531 265009588
256514077 994893562 21580773 31878711
245357063 750828903 470347471 560120694
648143818 594125288 23870460 76928867
232113208 881193376 666848941 759768767
17793509 100740089 1685224 54710049
997355667 673395951 5982121 12375365
145438715 4829204 86836810 127545103
677954048 229754898 644124742 644248211
440624668 424126519 389783731 430180155
538758028 42136917 723294128 748921960
363893151 594786860 561797917 624018086
295137174 739077437 128673421 228387337
998704391 455146701 726521832 814620284
780204041 291574566 688326714 763687532
697166878 134640594 608583125 662169216
553549648 393092166 512095515 559548592
361892224 835926051 559801213 561893615
44339419 789869422 583478754 669578572
205727220 72740492 443779990 456969370
51063495 854125492 430753781 478616843
529178003 354376599 590558511 655216804
898245451 622198186 323932323 338110268
959259181 269885838 256854248 312553876
343596879 107473377 590362039 649580937
159073016 898015127 807416918 808342357
457396954 293775732 334898281 353531934
453908841 120485381 679373778 764662662
2528040 840198270 28687951 42850280
251242283 622116763 725727917 747540541
368853277 79175606 226887572 272706434
412351062 466028406 279447971 340870533
27461402 787675605 880837717 955188439
957331609 429060674 949595804 1000000000
55453685 342775393 36018318 56484998
96721374 765506853 989653663 1000000000
607856147 238050392 688571043 760326718
400256608 197532957 660918346 733905690
720969692 722337930 369514389 409156269
469662952 796859139 362296925 397173180
762169432 833400104 687203351 727427600
146175699 473047482 66510468 75441226
433336820 864482641 182404374 255026092
479206179 481904835 536331642 596630277
598322850 430560511 137867314 189045887
920272926 941427922 388868215 432936877
762601483 733989249 318570941 327218754
404160735 927421553 190191699 198786812
999201040 956407036 141071650 191108654
724314598 594464360 410106030 434897680
940458977 460206764 48327470 142995901
405363406 444969504 635516880 728175293
668238100 419765328 641391465 683290679
570210350 209372399 640401966 702152562
829561283 912322285 485668644 507696977
713594411 334503285 526415806 583388345
168396649 739100319 670364887 731705091
971989826 261050448 413863709 417774802
235899864 635772231 493744110 560489059
272305117 180167162 801063146 890028862
960390427 603028010 649814533 664938480
425399370 656759983 794129319 852810694
949188980 53662391 572032826 604091309
349884119 1820842 565204536 598564299
946618086 684430069 696441085 788254556
215368041 994158440 180621791 215287647
620092266 129828213 701253093 753538763
177494620 695063954 543980209 562001972
486721070 792589212 808379014 895135612
48836467 366044639 927573605 955021865
763105973 969380834 840239393 856647208
694578771 925398721 182329600 222227795
602538884 291440583 769859700 816295218
888307319 203825663 637278588 690131776
513043764 475684912 718151611 755173562
550135208 88727001 298387222 325033881
718362850 774075816 792157275 827696295
138224791 567541674 754963081 757327223
16169628 933851948 820036958 838262053
689504067 549446830 276764107 326658038
20597282 603549473 500605977 572751793
140527634 800541748 206934163 222191276
344583730 539065641 112182844 132305042
886708723 647375887 858877892 944689238
182144519 685081157 911346160 986746916
811219387 983296991 105814974 125542143
698567903 98288645 708331791 801600014
428066901 907671874 227717619 266532686
705304464 702210657 723465121 782907133
774037184 933639571 809230227 831687886
488191697 365367355 300701746 322801407
605303780 310096839 52815306 62824678
93825276 559742721 130441036 176505792
781278492 59026435 465382445 544490361
753976853 744221176 729670488 753412552
150310051 502956972 579318356 637327990
355299804 360063849 843604541 855873389
932052230 110775231 716263301 740476513
549815963 329310904 1349757 53365327
164822503 338222808 682223104 728004579
482292365 37233246 962372157 1000000000
915310762 817259505 963308756 971730772
879036616 922111286 353425050 438809207
470773642 405407502 116287122 168665792
699127650 11817403 519020736 560323576
583765813 831741444 530999996 599363244
868583061 801005336 777737252 796240636
154105421 914976237 411104724 423187101
525822718 30040431 468199192 562994631
154765204 620908699 36057260 66753086
214692161 223167752 814608120 824386841
482794119 542935009 306139439 316612523
968310418 83337403 576238981 615868720
501845202 314567435 280937859 295934303
94627216 990088500 776249589 831597743
260808796 562102295 180954007 279459722
396463041 423715665 365787315 447300851
38754165 445091078 180054472 186374293
365046878 559397687 172228577 247650329
524347618 513742526 325129167 344773315
742409293 829845644 477848846 497517556
580589412 159993541 636329463 731931366
925991038 195922946 806122485 855401272
915748189 699763638 983870425 1000000000
712093346 587060449 933091401 999642509
66221845 478877921 949730121 967456425
416593696 857389155 981927721 1000000000
705570940 80310327 623344374 663261817
157988303 368302404 920346783 977933173
903723928 384199243 567655008 591524943
687828693 47592870 535053444 562651729
736068554 882458586 272236688 288174162
21868787 729798595 556025961 570716079
265128300 761197357 870225383 939585614
901889505 248515009 649202733 660928725
121961861 341540380 70836533 132010178
573117668 430908645 790031909 808872236
241205601 996415027 652015666 748265811
695676976 282344616 793645370 886048752
523484189 814552165 746495383 769128745
297959505 372233708 24572998 119925960
797613786 248037304 992811025 1000000000
914639420 738085374 276160697 330723317
401278587 147995097 399268582 421628361
320386614 501746757 845238432 918951020
843324004 432718228 171922471 199415685
248837498 46801599 779965053 780050026
561723102 363440121 470845899 522063090
744225674 111593096 852513996 873794584
626877150 843864230 728435087 779725794
276661852 918429147 969147764 1000000000
171058404 905655907 77599108 166523660
969382312 596085216 509599062 608274639
42179744 708137631 904109329 912855343
560814243 6280705 970219383 1000000000
788954401 273472644 463882631 521531567
699974249 339229699 770000484 837009251
946033106 710149696 891286236 928620238
90107228 477984173 836821328 934619609
543726162 217780248 197099246 201310699
379582836 733303091 754462926 801877771
175209979 880877275 329284921 386510561
187279909 777893830 790638260 876049774
486770734 321154180 508249221 583183072
122202724 900605076 2736588 80495804
206508827 777167434 461226636 461433038
37686525 861377234 41495534 139534252
710657027 569190297 996430086 1000000000
785222105 934063939 829306165 913229795
573193346 29523479 440355336 457925891
788151728 467593604 744832715 817905106
504443415 690349301 445732000 515247943
190040981 724648250 230488249 244143960
908007594 851541035 853149374 929937300
501466437 969510536 830095071 896571747
527666363 620047116 893061730 956933694
963147715 147237667 708379623 749872122
800339248 808607389 814655361 878767273
467465548 761590492 469741654 496243509
12244289 5902821 286736396 293988495
36837968 721825465 49791690 128792827
62948986 982078977 331619872 393232883
196735838 260182759 344371465 406697985
797435606 464597820 399769463 490138056
841886627 534427295 820825126 890538327
806683111 725177968 738376032 762025307
620996167 223072371 207852275 248257143
265271793 316027330 188657994 240080494
379192159 724437117 268634098 298613234
112759678 932013136 367717801 435426479
205376558 501515835 208888476 285326804
96398557 662587673 648255745 660611678
942936577 210440600 286057996 307991653
352546820 77512313 916421071 971137014
229689715 829688855 950355168 986866016
949322228 462005124 398368330 431277608
45876109 511509783 637527798 692243665
888199250 66717722 178249772 206039940
921787673 824858444 899119797 991843831
614390380 628329509 531702893 574720715
477633513 925375627 837329630 926445806
360213759 810857852 223594422 271070926
780640601 492014183 217235836 269004652
588023140 748240568 667086682 711905208
739562380 207017081 550785194 639364442
737645614 644937927 176457450 176603049
133812578 368234958 93543052 169847708
302089127 71259970 711170661 723003324
156244394 722709757 325912202 398991943
838231711 908393851 881811257 904426340
922404678 959793292 891520969 925917269
812177079 524334989 738071104 739358059
749405147 384719228 847697646 907198744
137319679 448639360 71674396 124280597
294206511 735473502 716436044 727666640
114660106 734016219 409713742 471473161
198186592 814430125 217471834 248082959
737705571 629748269 378991203 412022015
409637163 955654280 108239222 169547146
595373467 416449925 178029691 271264052
410986378 850251587 652612356 746378877
69339588 655549094 504143660 553276114
207781560 541137422 889288310 977374995
597091149 659326763 899540256 975296542
659723122 979323758 578740294 656326980
238717000 4162277 324020955 419192577
143598515 363633065 401979942 421475743
863213372 739453008 88587625 161937571
949159984 302133713 580983355 607401377
337813849 491193817 521528602 570747113
300020150 312105460 129500305 203210008
353432339 39672329 583562035 603973817
763062567 750262629 839639726 921931683
93631544 906567200 243645132 292239787
285615111 547385030 739974677 804357237
862515119 573054917 831087986 917143052
273620550 708069652 136325933 225346785
407077010 766419008 209628216 227907948
931185969 831513162 400612018 467688198
45051610 161967749 714340061 787793203
365740257 789456998 568086956 623469757
339665454 467597693 599662748 643036351
31112458 915179729 448870355 530099496
617365295 687825278 496935297 522561569
120113801 786216550 566364379 569480469
572497587 824077354 412209303 428609371
906130955 242167817 579696502 637357702
201316592 936922509 747325327 770462867
954036640 935959152 506851021 604714831
214343598 244314136 910378439 965648611
94898469 574945999 908474894 980316744
404805761 583824160 421080588 440357000
522860056 292895927 984095424 993436423
960374720 234094290 186325531 264335971
849795624 994240556 694827762 794254040
326646663 61865635 420122629 456606675
401867747 913457827 365028873 423148706
988444444 561547106 701004782 766555804
938757532 139184826 405851723 443369428
703867432 199663079 390407463 440300902
955470952 418372199 374238798 377543170
803109769 338780422 905928026 934975938
895598543 240923803 771696290 835159515
825062779 492677370 652485600 697322120
411628819 185853786 393416329 408845762
242181217 319056497 725527793 822482822
658093327 738827030 49961797 56790138
