324 1959
562673907 870315359 718572305 733535874
922590230 982495440 917589254 969796885
138902039 787736011 750532103 790912547
158376873 247028139 486398471 508520645
11356398 825417259 246281405 274305493
931257657 636177457 651538434 701333955
440832542 993037435 456193894 486037680
472916139 948816188 548131137 606238983
425645987 286130202 922095356 926152494
594894171 589960812 455155800 552166380
434651872 17942668 674458293 773858696
448581497 448577148 308664262 356025641
397156140 99889165 603599809 675436140
405911378 795275474 626610516 696604542
934169285 992018531 913132380 981540396
296664769 417017075 608969999 611148794
430625635 494046572 491117385 508606955
614065165 313135521 325313155 397187995
909709734 861165601 398568279 426905414
570970715 9195410 190405835 268015820
939095733 932359674 502266560 520656855
13420943 213935443 82038746 178898547
25976388 467967840 91838922 174363168
767221517 103012471 132290900 227284429
265558433 839049175 92756416 158575663
716400093 711622845 431059333 439766171
18249362 71131401 555426507 562137470
676409530 668818188 628814468 664169083
549408569 657822528 524921619 616837896
818017619 621566680 309791841 355273027
245729417 781391318 84631942 122552731
270288824 886429563 556611171 598885530
389296768 413090037 542185944 634261057
31429967 710169065 647301785 649330846
720665867 790944193 174591044 274384871
629824463 917420005 867462869 946857533
601238657 846342992 444467195 489828241
114497755 566801851 149492900 222197368
669887622 959760913 500509865 560422358
614893610 17091547 201360668 231597932
324465562 609791539 299193297 395031113
126208351 109817940 521467894 607377690
659279502 392892515 69103740 118788555
792574226 284615758 286854938 310427239
241914681 146904777 74882010 134880520
464464861 914509573 916850531 1000000000
363667509 10088213 778022415 816502883
844155903 205442706 617960237 676215662
443871653 300719680 652442017 686112684
370706227 482003601 457020968 464363419
993062619 892814883 400022427 446110961
73584031 179308779 643394746 695215102
324700505 436212894 146530035 229088213
308301481 633602330 39591031 74010116
421890733 631861331 877845027 928974828
300165134 849105538 194811018 267265401
522684205 939580951 585197958 675960502
638591089 83784883 485419284 534948056
491407006 609600670 298446123 397940342
882102414 506207956 603281717 649893002
934799719 844965788 777733149 852566710
976820391 182132974 108921188 183702440
657131320 98352294 854434574 884882089
865144057 362245774 336544926 345792714
379224290 975167487 640442253 738894890
738014504 419322412 719581503 738638093
99027679 888915392 345633917 353478632
905752001 65100375 437374636 483476324
23923097 699392088 980120471 1000000000
270181100 483130810 277737771 316810710
106534613 508351993 913524784 922517902
855806286 627404697 791446810 875488297
225780260 115079717 234422113 264186642
574786649 812208310 35293296 37012948
236135933 413925492 58583284 96429188
87830834 483863944 352689399 426892765
75934996 675371454 304029385 308439296
620997950 339337932 403403396 485988392
23974617 148225156 322245809 397768714
629406993 181035137 979539590 1000000000
967018360 894999167 987680627 1000000000
926887552 554488624 688471812 711371908
165737696 216121984 196783246 214383946
983295915 881682393 396585471 458173635
316301528 806627823 635215933 708646278
695125122 99591041 322720709 351855644
398191467 899422993 258278194 263712184
673693848 474912468 196812090 248726727
84659486 917405968 64027876 160709819
138887891 33590626 586075096 652848826
686161420 597884598 793330041 849873124
840379759 190641712 160636004 234123878
391959691 590727959 125678332 183108904
476570264 656148993 423869356 473502503
900885165 826049114 422596930 488038150
346890423 820882353 344434323 422688756
926112518 458074081 734115859 775392186
773444844 790792730 461912142 520878751
836942902 365642034 630399158 729312798
872001823 527369618 599207215 652585124
916240523 591514396 571236580 629056658
133309474 450013916 414949217 433449882
935563013 414944496 51550848 111944177
366583686 765041187 413549910 509689034
362382489 846320764 340803545 378553558
990477041 845602493 331715164 358599699
916172211 544545216 513331026 528702525
159184312 652527724 518810065 584088549
82005244 825269179 199564283 229578667
742358001 600939537 425589061 490504207
738605368 620684857 753446308 832204495
991022689 478601122 463917376 498513927
164999063 807921991 608252147 649533977
368299042 253270785 11529990 100581195
635774113 930261689 1952532 41351564
450229691 240561495 237435932 269311437
40902370 160697059 260654036 305502114
252733714 829066923 750858090 829211628
427731806 341384288 115780458 130937984
308496693 369655817 643206546 707251875
891636377 775177246 838922652 903029837
938709873 502805688 276617937 278166352
264616405 297112875 99958932 139569933
357588076 507038419 121583556 130028220
518063824 301426712 789208428 886651328
636169767 633920215 574794040 618393199
340535292 613614715 62167215 111661969
55492594 251339019 151440934 155360159
572443173 605021868 90336038 122169606
669414463 38681943 556121521 567771409
181434510 740537071 658231823 695879978
286830164 197480402 188776348 220317106
930991418 843395683 748923606 817641172
155020926 437277048 372377938 445309114
625409875 780299445 209211543 255443794
337580170 728886911 172895940 222922915
634412171 433751256 634257590 658352820
459826331 795271612 742078415 771754960
447633792 410412957 746601761 834177588
447815258 733440797 455708052 466120782
32969212 231338480 875324192 876431581
1164198 680509239 147524649 156848412
380787770 165660845 205776466 250065817
379202231 298342427 857830838 877494866
967781320 79415533 351138592 424101088
272833809 574442358 440259735 538522309
718542726 248287210 891192904 962671759
995614320 278578132 426205246 480793646
606317834 734921637 728582744 805815499
56817793 836736502 626074182 649645127
376733944 923366561 775507562 816341909
2002769 88159334 286345108 353612769
375043384 596257519 209826500 302407413
593582005 185479217 998503532 1000000000
135738213 199822546 251686858 330728481
761378851 609834253 980674366 1000000000
405610835 718069597 682873954 761214089
70715901 587511265 25559438 119259892
431003039 888328932 354710273 396462781
895315017 566063264 115155479 150058632
798280419 675512140 649811011 708324370
601692063 113317069 384945790 408116790
975868832 209043281 197355681 288759704
645883263 450530207 215005378 229077297
208061875 561848648 509501861 513527714
232038841 913825253 513310395 516202667
656867143 697153899 81736809 95995337
994687829 679080127 48853525 146892547
654664055 7899757 198396372 268158420
273259188 88382339 620791964 695852655
229614067 42811648 537336986 563459034
50944768 79801124 218875166 312802768
214057451 587279214 64266792 142745415
443798224 526252461 529189975 591268374
534288374 501111046 883320840 905023957
252155309 447153532 425744021 523941403
129406032 660853616 608252890 680645985
123431264 497703097 641542314 665790553
37648323 157022217 401157238 431909150
375299176 850931439 919173782 982888033
914060859 171298733 271878785 363372676
488796747 873660397 304748205 311779553
240704860 808966804 538760787 550104041
111975206 940489941 909817987 917420414
724904865 751050976 851947512 909969131
85319292 955780516 954034091 1000000000
43071335 670689798 547370021 590282320
227093635 146195616 253147292 317052092
787989314 58010560 159352301 193969609
886319179 234851147 800271453 808538107
400721743 554549376 563013392 637520917
178798655 807294329 58118916 71356763
355705807 772708870 801948988 842182510
75868272 243925498 677989243 725165347
305898852 440689722 976494437 1000000000
811203827 163668818 685816642 695310924
469908687 780152366 969847020 1000000000
27010275 132052349 481204375 487989243
955415490 270655318 53730909 91870636
946190268 37944822 716692924 750659743
864140490 36189238 300345376 347670042
182182409 570053365 770637636 806114857
291104027 354030608 593596526 685498551
780962572 497078857 29625699 47949926
551169942 674390233 862459145 924028755
588770643 703404605 391487523 462327930
445132127 781143324 742677572 841800317
424127807 21464016 995256874 1000000000
633120651 4935317 782209502 846475599
814169287 349255508 689159309 736307260
727956650 926052439 452362431 531558202
747758943 149890564 932741332 957178559
835062210 250018041 822890994 919409791
196760472 622924833 829067449 868807716
696997996 974473425 893902531 915683357
999890713 509276325 894740826 966445443
464886677 330521508 810571105 908726781
812560455 791110859 378730392 417293246
123915161 967970937 709007816 773467330
399492098 118910721 523046406 541409344
811159127 143241980 472088621 520710009
501135587 216051660 478932549 486307635
807269748 388926550 147067143 183194696
512553826 118862582 704863185 782448565
856607500 87112306 701466110 708910274
91641452 948573893 216658113 262072721
11316678 474369221 762392436 797613926
83180654 287865388 800433571 889111909
975577104 442326099 890464777 950256453
732059440 396168813 636125741 723090763
915139401 10906532 321290451 349480960
5448190 901027472 227807676 249357484
740397779 301641617 258193971 278002032
535325735 556022772 836140280 846676619
36403917 350298565 879745282 904894274
28563590 312725026 56110844 88989978
841693474 818376374 780852331 875557597
358752621 161824486 840100287 915161402
2144760 590164197 631538027 695460433
24149076 841655521 719367130 803485103
665188532 926896351 327464676 333594187
73171469 346866211 848289685 894550625
191935180 78216879 511380710 530005956
287260499 929309251 597255097 658168894
675515111 15244250 847584246 888636184
140100569 58791490 932028976 979179313
570671114 583667233 334916304 367440813
26370184 353829670 116136425 157784370
117841585 829863243 228349776 325918879
60251230 93578710 259322617 292675532
655044322 249432288 389646655 470472006
380466410 721052922 270068336 319350871
75038185 921468269 802526138 813684453
169448148 337893634 944801224 977271732
830827570 244836873 199983432 217189417
239273128 546538434 970878760 1000000000
19883404 460169736 414542363 480886679
941034850 237643790 862149922 945398028
369797506 873005756 876141085 963470884
229239242 267746778 202141098 229487073
771515402 379859888 796061514 799590941
309638634 390050059 801411332 896805176
38105279 244844977 130246361 186965021
77516068 165498857 722451156 793692925
732649436 110535750 530929289 610010394
363678973 501697778 634674885 663621466
226335440 43720794 654525841 724052025
98616241 792247698 5262839 8178613
97602138 757108933 19132548 71506049
615722667 357929487 125628280 176755274
472471164 97620451 386695550 424098699
755946118 961642153 964090830 1000000000
383138097 561649526 866090345 910090116
181252367 891285021 492609654 567779121
413734460 90266915 721343604 796384356
634104575 185874925 137644880 220837642
685137756 506763186 534265171 570865908
900861010 61554378 927854378 970937710
113765989 332108259 77855286 147421980
62925177 364477888 529279990 541138406
734429309 74392003 67390324 71896831
382878202 561958326 812581753 859681964
367046439 558205141 858681630 883755338
858925740 269435618 234799409 272674940
965425647 307478752 611804676 623308054
531845864 653574537 13317130 79092568
429229995 490534377 153251770 176818855
436978755 551301618 767067036 828888253
296011609 841353707 574411425 634653506
225409432 766749706 939701336 940078220
803173245 6740063 675337261 718878730
299221090 72220026 871720424 905518735
147037205 898681855 500227973 591506337
499705031 364680783 297254460 352388561
394821303 187911613 473937954 550121614
409625755 725862650 171933272 184035554
391922617 446258371 583272235 587992139
175626688 654053971 507998593 522570882
387997556 588311836 218304274 300737531
481786669 301021491 202849612 204928881
583847610 57689130 180665891 271290748
298888 572111699 391903787 419751580
428403704 829862335 549100092 585375011
375129691 843635918 917527964 951951734
699110875 250472641 758096627 830004185
270712940 136454320 774593690 869250751
451461905 411972618 113012333 197204916
510227869 239984804 834405807 913471878
620792925 695007960 793525109 830143309
82054202 418725008 363357206 442298813
280287921 834889690 963430495 1000000000
307026377 953964730 913707410 971567426
853137173 309722799 614246051 617292902
911300599 712283447 970190584 988633000
634459157 507286998 186227374 282397502
370126741 607376668 540411188 556180881
707298786 530686587 184322226 246711494
52123755 996547899 795800829 870096994
553000604 864908821 312044687 327228836
350399744 344784488 972680983 1000000000
829783636 115226451 399642325 460263202
206669698 194115747 821936138 854135853
200934337 67851269 722535270 733599242
730488991 901811559 858057240 924903236
650486407 244948518 424211949 433849906
13913932 638656307 842723867 904469933
507001158 254246276 142039548 179526549
616303382 394652116 816924797 817083588
950258061 483854572 618808532 680146087
999180097 855571736 105957781 119790374
894362037 199035777 875900218 905696518
762108897 302840459 760651210 766184538
893440422 202970166 784582266 837488332
238705573 726617300 424167622 494491589
430921253 484353810 404873494 474828303
318666601 711662762 215328327 277994047
703250391 188006810 773832314 842212287
310748012 471533316 517604049 583494622
858948709 197063142 258732996 262630001
340868164 284936913 259254280 311450459
900932057 47062722 880817659 918089580
917973694 268698154 328755229 342303759
449311613 759983156 975342439 989272438
362384739 655827469 649039238 715284558
518227892 963197452 906421301 942244283
992173270 39878572 332884760 336322074
231973301 105020799 297047225 374757129
779337344 574560171 197557169 249509862
547625407 208110489 73030962 81016848
107939394 623070744 91525902 115909390
388839172 500986365 39455263 43438659
44971234 405719246 631535560 669588548
329979875 394183282 354607183 403378364
888010478 725560091 277472473 355914406
693631222 333308226 365574784 369854906
323046953 288383189 97545793 129262111
364720042 108932086 179211269 263501883
521202165 510351138 208848733 238184622
731677158 454078515 308633569 399328430
457260033 317858191 835904839 913135422
535943763 234471746 823835721 905816120
548391516 744692559 234196882 311652919
307631809 692413111 937494226 973314209
568944610 127805296 71788945 163630054
604632240 804928985 760018095 835130801
914553008 636919581 235242528 320914371
81290429 861298890 268099236 359369630
274250369 921571201 573648576 620931709
50799558 589988946 745719196 819201047
146768223 838295877 142471835 190348028
451700955 664482758 316046745 345095404
382155728 616671746 916279479 980852693
290593480 218759621 927680270 1000000000
965297202 129059024 520180182 569426914
636851469 498930706 797542294 865037171
767132640 40262485 915487658 1000000000
984353774 944395495 652319872 652894949
990765354 389533946 298162188 327882454
126195625 192354035 364297648 439658939
278494058 458376125 765594043 770842560
167475413 50425265 982061911 1000000000
846647115 715982423 430212652 490572210
757778498 294326029 864660139 892398666
60819097 51651904 102827920 196013100
631195210 420371745 903913707 977248620
453207298 781556326 674910894 757678179
244577929 22453308 123021794 159984876
804404825 629705957 287299364 320421568
859079295 226858999 511341868 545058876
981855177 962949665 382833828 419232648
447362298 229506412 814451848 865623526
413123927 474927425 389591434 406584993
267774915 469902375 294390023 326835774
718465619 874480594 853309542 934046713
685453118 171108843 182698239 261684094
114387414 670692401 544438889 627504357
189146719 71969585 807178004 822987241
793845159 648897214 753276327 778489255
242716532 914571555 348615154 356704788
675357465 230161225 548339732 579367724
648575120 37916045 878688769 889357929
433862582 210571631 426098889 503134929
881583916 743784221 36870316 39003876
8252054 385257807 389650304 453574133
131243811 949882922 271162663 350233775
158835266 363857570 134900849 223930965
594081182 987648729 393763721 476563459
111194667 519023806 40829095 80876169
195775808 963229962 278885335 280781322
465888347 9529017 419245932 506390528
593783079 811395884 659185707 729386310
543828998 857483335 277408963 306433339
642517387 385420045 882118698 978706672
88964636 346509867 453896936 461570122
716181861 686612598 991288538 1000000000
55262574 204324804 810385349 827196540
212592679 907990605 341619790 404708620
115778045 590274782 405800284 476043929
230903507 468168595 580435344 633684131
833559324 993335458 331967748 422079642
737680698 564423046 354883206 399197629
938407312 134538511 13345103 106551968
733919418 963560522 149964274 196279862
411983484 416310206 291149469 367633336
582271470 845562425 913841259 979029654
995318372 979304056 737354315 782414918
179457564 996337704 696133032 748472867
92131354 555286286 218949853 292400796
330329469 996730602 836293853 843322717
630536339 538574421 2897942 6717903
182710391 536036629 499181881 572611872
265135964 113032003 342146505 376248063
899706531 535230991 138754875 177069234
672059536 894797561 695063670 783185328
407821133 892552997 642472507 675298483
160877428 799735824 948077571 981473298
452343526 975124634 505080252 511191519
725519800 78719779 842879421 936353195
834498254 701998368 325904956 356966806
21386031 439782843 832177143 891701547
452090135 430879416 518970792 563923757
682266231 609396532 180195145 255246585
119178634 446418480 733558934 815896317
887572432 530693378 672282815 674452166
710823124 22608856 200969969 214967738
605374638 539909961 839402068 881805778
741525116 73028547 38615303 67530962
17754405 467737175 709594455 770355144
152922590 324849104 316708684 344725280
256320628 44109070 722731259 814045150
270652916 484540211 323377571 400113725
505404363 602137065 162161726 180836809
506248974 34091941 304167986 319122091
954665353 400157697 772549932 815660702
129166382 520926812 263497902 349658648
988101179 191452388 536603412 600761287
284866431 163108789 70160277 103744762
59763344 845447259 773376745 819648736
303668892 92992137 285298550 365423641
644315030 420863021 525229398 589795187
123959516 117839736 258005279 303399867
820903994 508319645 781922920 853248252
273897259 187164442 16283156 86347517
747385075 412996496 257802149 266535047
131575910 60904237 311561273 359334083
890886762 728179395 614923893 687970921
742325191 782232667 865687607 909800010
381583955 883245676 405924641 456222407
908377800 349360676 26866502 61421408
49153211 862692848 910696296 988175119
198285468 276143762 772153176 812178490
434102561 586156500 162318265 253098044
68229492 844933723 290060340 383711770
678993828 777505048 641214583 704892307
741386017 374488110 729369172 813840379
878734928 800084205 616235835 635901970
500075975 508727053 850815272 874384408
274859991 301720241 32738393 73023471
443291833 677684719 252707215 268914412
175972724 137367559 460717097 489347709
611528812 3435843 946776962 1000000000
201269198 426899041 609915614 639153803
84994905 817728256 483570432 549112383
722658143 472360011 723202820 822977942
878838614 271880320 197797046 208328120
51477213 469252603 72743444 140619342
418085019 113931387 886850475 971803321
934380673 769522848 435148467 492614983
989375970 681221234 167072544 259950422
862191825 526203501 296290562 389614182
240580704 457481421 726415095 800142197
514731578 42927503 201696221 252960107
819709884 284978445 963785690 1000000000
856806258 73945715 294949775 320341497
402312353 845369161 137045399 155218889
76968649 860058218 395043892 445452088
239069614 534291308 506696749 583369005
679455212 325877597 846780261 887617411
375844334 117053916 220259739 250580070
856725870 643514545 470886976 537173960
189449661 536412408 849087491 946747480
960901225 246810993 793737288 793822318
668119045 803346720 539055516 596054264
739135170 821076057 868270747 915658640
670998628 240632442 812823371 863075178
283625164 674948275 863085028 938245424
952760092 626231384 800075218 888094730
10089495 320827847 823254304 880691645
725988162 60491445 229867786 284222648
976499266 611928157 513161117 528936926
671471490 658689667 546595430 600481946
814983527 372389692 815322697 872652152
444082909 645529090 79388365 122391000
30146778 51146866 949339746 987966312
802463973 966222676 684487634 751459110
150731329 525401187 784435601 870603391
431752123 59522896 479937213 496856487
909494111 81902746 253565600 274723716
249182787 576105540 791394352 843185546
28455906 198052507 653005212 684663623
802152315 239487235 862726372 947116303
779779613 532047964 173621150 233254439
904606526 368006254 193230565 207264110
590587704 773655585 582506935 643480609
890948571 716282026 939918738 971477166
879843937 362541015 858127720 913617955
17858106 3793043 759895680 770035186
137791752 552475117 844546978 914361411
710513804 7915215 592367036 619246619
868285958 908094502 18582822 97903161
287546388 105251019 161097291 166698660
246194885 208440363 195193046 274524132
80896783 465217967 263272230 331866305
502539736 705967899 790039704 849001730
426576558 811726430 194607932 251505141
28874990 788818283 29109516 66556096
163218291 672218812 92338947 148724041
997888815 161125884 781646129 790569706
690076594 447337540 269392721 302869437
623540068 406220268 522889475 542986579
334924297 858741943 6486710 83755839
315113952 265451393 235928523 260969825
723960881 837830450 367159849 375337866
801542219 262441751 595931735 656281306
426424883 58222646 572439544 642855572
619939894 679855513 55005212 107160704
120745555 880103700 285422452 316277242
355890340 626996566 691685827 716021357
637259392 762224696 20267907 115715330
13878350 152204092 56690039 61997874
753221356 245968813 319099194 386043942
765189371 182363201 823011383 845909388
341639092 548884179 450341216 459684050
917842936 625150065 739810480 782385413
502759957 139830708 367386794 392250218
311063513 30930543 78164803 84743369
862918732 317515310 538054227 553256341
662837286 1682390 115104055 137313055
729380585 255804268 178654717 237693079
846297272 688689490 438882585 508593990
673486696 143113719 32297488 106183607
533623494 535242553 267846523 318494574
248320650 950415835 264235818 295422187
458618185 628192814 104794710 151894915
545637661 15546438 601271800 635020742
414712247 652337997 263007300 314071391
379488156 201661807 238696900 241924074
26535378 935702031 620488521 697068353
836221919 533201893 585732720 586683849
293623795 847250040 788725769 860467539
694590001 428630631 717837794 786588723
70452039 640549319 348657816 372665466
285254956 11979845 36464246 76672770
586517010 80494955 266886761 318900326
586228416 851705169 195242060 248845060
714898609 115666075 810655266 871973341
438469716 594239501 85714825 149802975
724546954 529180970 646171023 741792409
589010684 548672877 996437918 1000000000
405902037 105643484 567547802 620355602
202864924 480994968 189740299 231317669
895446658 292029402 853435360 853749814
995444586 649158707 133572612 146678795
273086915 860930532 260734109 303771423
380020056 839418545 274392746 370689899
839795572 164530464 771780482 825273449
932064136 335377641 459167784 509504262
191895109 39329426 605951674 639154085
222354603 669852504 863413329 877737744
739207559 413078897 918629509 1000000000
537581411 840690390 330487784 373363806
223902740 659597227 532889498 544617916
530977830 773111494 413826294 420512018
679293331 94775293 199686827 243251095
638541168 266581053 926886229 942961551
88679994 24606354 718404932 795848122
633841853 688272560 512088996 533338634
575365176 101241784 717438745 726865961
773620835 278100735 881341046 920635657
615135852 243304515 791914093 814859824
514672922 655215046 108072651 157932689
852906438 615729764 278661152 354786759
61781250 916508560 498280514 523018882
300956752 176811491 131607014 193841680
515427955 376136285 35879586 98096296
660128840 389939467 26036329 106568218
676503586 471869966 627368553 720148835
299986805 603485020 336853953 385866094
92806463 666688304 234277976 259562415
583468647 467809917 422978732 473025728
156333788 859413395 894552336 992493459
318341404 241138834 526952568 539035671
619666343 74301141 378018572 427914959
331147352 365684528 889318517 899766635
965172409 393573342 682797892 751440096
750817703 199102432 776089231 831848888
553799931 370813678 780586741 863388965
626762699 260980794 149745297 246358142
14507933 433283633 601257197 696385301
840245733 809948656 868784076 967476077
272460229 220455740 619165690 636201863
991162854 607660077 657853245 692985594
949595016 89877895 65406497 147415538
44990383 140066983 416728601 472734654
868044996 806115939 888445355 903719034
964404433 234681170 720586602 820447398
536154854 551734788 533422422 569002091
815396854 179322218 358869385 390731015
261360418 760561433 116768589 189212652
688979627 612514673 653161378 723017430
104343397 567971442 219729624 243498448
977348602 131515871 432641308 450296585
469430878 513226105 637586952 707934942
299258036 52428187 22830715 88717280
631677613 754904129 373527707 461404003
746093565 251278438 491671525 504241242
491614464 898936340 438863959 498433050
702044028 313031152 238638739 253232928
886159148 599330238 657533468 699625924
737328336 912183369 601602865 658735613
590436097 523703652 155124575 222576244
120007804 573670873 286817842 359082906
80478640 54462942 546053582 634482061
774890577 883438177 588976577 682856068
639797166 537189120 325489895 344899174
851657778 591447845 50811217 133945206
277412006 928916811 715121359 729924603
953830514 903271050 160834537 259642750
333133559 847484959 92830624 148760695
840269588 801966434 731357583 798246857
376220935 238475407 217685980 276178025
782353192 460807731 280937639 356021763
9855606 719088159 116931365 137767391
506738991 27637304 692855111 744792421
763646525 680561401 338934166 431699398
220839781 555475511 910587696 992547826
135422619 524096057 132720808 165513981
683020893 989939837 591993627 626793393
599116704 277202481 209945912 224575919
423764794 329503466 182641398 225380343
215573024 261490756 670391609 707625410
91205991 439559977 128073248 172209099
594838677 319473233 215382355 267354077
361859090 2662603 240693316 292085167
671064292 803673151 395025526 447051007
146356957 581109314 455672845 542498176
466785225 139921745 443087752 447623552
430527485 742224679 174380901 201851868
551299196 352787797 964233251 994346411
404673018 240043488 247300006 307948098
769792756 229703828 477868771 511196544
319655862 312287492 258002045 289336981
847330919 173593057 663269459 688553556
317646466 767212536 44434584 68383842
364393673 89924485 983438516 992732148
871420428 121200106 151091074 194811655
401731941 702673138 602438873 653870013
359289322 954897894 982296649 1000000000
114024824 842585653 462716232 467601823
208950330 699624567 643188386 714733503
328907398 927801614 309338171 409314734
209222536 6155696 503269439 589817113
754647538 294171173 184641691 265475673
54993242 850741180 902216854 982771117
667708850 43105946 78554172 152129010
666731825 448981686 920025542 980367071
20894933 857251199 511008259 587384029
585443477 328304674 852970214 903820654
852106082 125369221 145437461 204165381
652655324 857577299 614496783 687738087
122515448 354714160 54682891 92602998
618316334 186656677 458306558 490853850
732885995 984451982 895838171 974779291
243604479 473678295 503975161 519175483
751094532 258717286 685438405 745683097
884622351 508621368 514939451 614043333
969947603 883532909 467494048 544663694
749290618 162934689 456201143 499327253
905572614 188634521 481718021 538869333
8398718 894690868 517066965 573078198
983376120 711693737 125058408 154172749
225008482 818044205 380881563 397191725
313177568 151770628 669339799 731555668
7659687 996543136 143582702 221389847
855541657 427693232 78654802 156001501
84053119 93874206 500017209 567528193
639032845 487465398 744028600 837603733
765060219 882724589 999479 58643768
382411740 943598374 902433062 950987159
255846968 379212195 670718385 750136007
476325994 445702654 305364433 363208007
902530546 770170809 75049072 152305672
151309934 834512839 125061429 165752329
239610318 220762218 580896777 632879547
104009291 977196974 837994503 863051417
897589779 213586946 755864543 802366018
69241081 295234296 359730561 359843165
979809434 246938100 200793355 287154321
860921464 588938756 142389924 236087158
523856187 757146891 507404677 536007950
548527270 273184495 545219834 577045306
751872588 717211892 749076763 826452993
114201318 911392656 45600364 126724720
607504390 225403387 663810646 668412831
943437265 333964847 733232626 736553858
88835112 352438883 618775573 620958132
727218034 796327934 735777370 793130497
796964365 631417184 138061321 233598735
534157943 190226036 777403284 843216373
488575646 623340951 11865071 105071209
716510593 31391143 732574677 775001993
190384382 365987174 790195894 884684687
773724058 436151094 982794757 1000000000
542819769 726082736 261976797 326153115
436269247 939344850 128909801 137400330
445930399 801150499 200288084 262791431
550629103 592387249 626250162 720506421
926509278 740037708 739199869 777607900
388753066 349276370 176213391 232578539
31085659 79120317 519411604 533033655
641871769 940114088 339937331 373142539
131622976 246745694 664204139 706929615
208743956 677677425 346196047 412163773
945119729 597793746 792391688 845882045
449551704 449019304 246163186 318691630
663749239 768102979 649995750 699423142
317662164 152832412 271976353 307385649
395076131 513629390 512775194 610242503
124629038 316759266 266894370 305139112
418926996 747709797 895880313 975689676
989377248 114363092 705135582 742276396
836379880 783967434 463744149 553631352
635365964 40694128 249220997 262855669
579798018 826203136 520646679 596344527
199192562 177341436 293939505 308016232
904306469 975008207 835172302 899240556
291721567 812007285 368108176 423758650
869029713 755256420 559806888 620922237
953310418 932335969 510956729 590081138
154799785 663137419 204749604 236391349
380255094 218777752 317581619 381091907
363047411 148405513 967238298 985979924
8573175 240565795 746918411 838077940
126568290 883742265 582094951 642996709
27288499 904741072 71402387 71588499
915989661 941393140 618159866 683443335
888338585 553078953 38028804 130777802
497836317 322714606 468827213 565443109
237120226 152483202 851673963 886074128
153104746 808606088 220925301 238794838
656864262 973771115 206182641 294209592
727104190 877848248 558105086 650837152
900545045 95829356 300612246 304607808
894696719 187844866 911863828 972669864
394580854 644751226 80339765 178104088
297277738 813737102 314899321 364627255
793927421 353954265 106349799 107654401
254402045 647057670 419630203 481585635
315003027 719634620 716275819 808266853
136946069 125626777 574138234 670523514
765685058 273705059 719363822 800880330
8997096 382876002 538994631 569206959
258522150 956991249 698364686 786319576
962986780 938851244 12559151 68152347
869117217 776090811 282352732 352410237
766431552 997704578 491712239 534780652
468334616 584583598 437066940 451416965
334144016 310875207 277431763 279635341
911108045 437176718 880794104 914325279
518815491 605078613 33840453 69466585
904471100 773485745 495434213 540231427
74358023 608147241 121301968 212563493
310689597 571689716 538754025 613440581
80154486 190726141 224228045 282883831
634886236 365106789 90853932 139598418
974908048 154713988 528408926 538047449
594005608 440675141 41314610 85743020
982365846 607478291 272270865 341854697
985909119 909701664 439764820 499643643
498460425 25018844 41254066 60523035
660298011 589151825 715633247 812548241
312487176 581643726 505991320 592558073
461416918 498881540 425505191 510534772
622412145 170014929 371934666 452626689
443908832 279753035 633790157 668454058
129714388 209124286 401554518 458360501
508715727 526053366 19086150 93266083
139636621 424429710 52423171 72746033
511114294 132624925 154185719 185496629
904157754 710264551 334359752 410912209
740051957 441391433 147790995 226628451
953507564 464520689 572215940 591960692
530876533 24734401 827973715 894053680
421521365 555261670 833236016 915989237
872737608 463885803 208665228 223967505
580506891 422145620 47350866 110805244
905660673 420892755 610236521 692861249
100678981 87734269 740689136 765104105
463556867 383710094 979369147 1000000000
169735893 7995804 355275455 436620095
377177826 948987306 269967886 334268609
136086230 977987163 54391050 106601248
387985482 149398322 876228409 908335638
624928808 794562466 666850585 729556590
247947803 304584681 387239068 424267625
781432095 796713418 156668889 192283403
6378162 876485612 374012168 392617522
195242687 655495769 362914303 395867467
42070230 240251910 545275301 641491911
332271484 409965805 725345532 815495802
573249661 208595437 790659570 884430501
903087351 534066810 869307799 923454177
521729311 255915822 546779078 570149326
617327476 992746863 732975041 782633930
781724494 502359854 810091078 861623578
303414911 636651829 807718471 855533888
768635909 312723817 403068402 476513464
721223640 593309823 547770551 561270183
330787150 354871400 556071874 558292668
650457565 629231487 349711707 447562322
424752175 100221633 978622407 1000000000
79993595 280530477 537095484 634837930
155672070 503804262 716166089 759008918
294302454 873917520 635307785 659807212
550913839 524613203 962313104 1000000000
297838118 154608644 100500481 193058960
196049556 666136044 143890973 202366540
559554155 347689293 755606356 803584695
850200536 534572875 420102330 493334506
544105125 123700281 224383633 272003397
155743352 329126602 316324495 357133886
559787736 443994823 897624253 913007162
509960581 16650547 275408756 304250165
496762773 981241315 725918833 797276780
447122562 689213830 931773804 977061769
954534863 210199679 599440889 640298396
358538391 832222887 476368739 508088803
286330932 36119288 244569603 340790734
609211265 774414191 230301995 317979453
793772614 238340246 516586325 590111093
822960486 493443669 995310831 1000000000
741170648 198627606 322835769 366116476
938326422 619166730 223345778 234776150
755383720 998866557 667937218 709398890
689205483 114902535 736320358 816066404
663254042 823172286 464481565 506285478
35565872 236567812 264899599 332023053
399064634 461126695 423287787 457560691
859316443 421955545 449129355 531342927
650245823 38752200 529907254 573120290
631121277 418306883 187303408 201891778
414143007 879953780 642662377 721027765
285103136 230892022 196683393 266751082
674925809 183363996 831046886 832781711
748636209 169059608 736221734 781576386
901064835 311894669 942218718 1000000000
918085871 495953707 58119504 121468700
431797131 214960349 380171946 408129569
15027145 599803039 182601012 273481233
219729633 559595874 858132454 953492724
689829142 556607622 214632930 225522132
889967873 121726627 26984154 52098388
835833870 522083476 488467589 582071898
536464476 9007506 724702971 742420183
932166920 331731750 907602914 911030769
960783866 327735546 700852519 755815152
176801393 400869109 844498282 921362065
855304685 402892441 272113925 335461952
298649319 489911659 140800002 174716709
545390014 990599171 357227300 440740109
727068681 727801215 495838768 529241018
302135207 585109951 894901092 968098698
172450545 862419150 316619843 355528889
867016679 102113830 756981062 763727227
930781133 654471587 677800122 767598227
7957856 644356055 748353938 761165565
946830549 826996848 308146300 381386357
373186101 248721696 205741959 209896977
35018862 748446584 339404895 421992933
949305893 360355220 495818520 527952744
145801525 994581093 438204828 497333558
935425142 391187792 89514622 106961536
305172323 727227545 148673593 187892339
262974508 825209724 254984034 277375193
145032807 106964379 706068938 768914987
586965789 463241828 382548645 477229134
399999153 252220288 19575461 118251098
604082140 841473773 416286256 502496216
506925824 29377104 261442984 333735468
763746580 682841115 234455098 307334779
753531952 602415703 379669493 383190363
722738555 886742843 338394756 343231551
756999705 489224484 130323813 191506438
889942442 220127114 493286251 557398118
818844992 338285258 807634505 859837320
319270190 358873239 928755458 1000000000
903808400 333051154 999173528 1000000000
161413457 323996005 66990321 97011897
623147845 699008300 695370916 696431844
977951631 557244140 253916472 332736573
752517756 134448375 413995043 494571315
381787221 604245706 328833475 369896191
520602213 134307699 485112896 516943549
536406724 822473273 546670384 558131101
968951603 666002378 285380741 328716687
491211176 770121890 368292807 447271211
305389572 540238729 487631777 545450279
276568381 186548504 614414382 638024725
673206242 523238310 387166274 401416670
606157392 723477585 698434264 776678454
373501417 981790384 435919559 490497365
708773534 677981095 958973259 1000000000
946416538 502153247 76322514 87604577
308611742 1282451 66815816 143475457
170334899 968126054 201122973 300924823
814928313 91922934 364787199 438251784
501060008 727583517 961857954 1000000000
17415034 987142661 540652366 542159232
618661258 426125660 652892668 699047040
367669803 727873620 749473737 755061363
487854775 887852149 205072789 207687705
422004647 495945604 232145361 248567749
305811591 3614327 99976422 177394885
495684063 911635651 913116808 986909074
7068956 19018844 253374218 272974322
182884388 414700950 184477419 220770241
100755348 194818354 874577555 909007061
238583900 774200173 201001926 205123756
51084324 155674753 651882116 677009572
153810812 471157406 554324968 650799015
994625207 222170001 792761370 845719940
766338809 421600148 828821577 907328060
594562502 840144262 147724993 158420388
399523313 11284370 216190509 229826787
495716749 253154769 326687020 423061361
36637998 826035159 812520719 891883970
959632151 383394299 538557337 539386979
287268841 617279576 63711191 82238038
112079541 533537267 276562678 354339437
367546808 915117988 19973601 115013131
742902458 548192844 168928964 236131729
826185158 802011043 786208111 817649061
277857910 922266107 891468816 953542498
763829866 14856104 299907933 388477084
442826425 640316891 133771288 151880019
814704906 969682219 624415651 629956635
139891177 603504435 4722207 101778513
704829033 657598022 564170603 629304432
786735698 511524610 536291263 625146491
799702633 541201726 493572393 505671056
187917164 748778868 122082941 204395921
720320874 839265606 147073307 155399798
791819359 437556153 252850070 276402822
219977822 703939460 301532646 341927262
91019613 13210914 296162513 317887441
60760072 2935056 77839936 97735658
143729486 894870466 571034575 648404104
292833955 769901601 648915850 685467589
515035599 165944721 42065266 121554559
130922672 557844524 104355941 203887491
585594841 744385167 270381444 352080004
724158574 178469189 642121334 671909927
723275919 747802377 680773859 681890664
409341188 797521052 671275763 679759805
86482203 16896229 441806995 504005631
537307923 576516605 848977984 944998107
982119016 345851533 552971628 603666021
857767900 592569935 796271890 887968286
186457165 330655360 716355422 767699415
648388890 582961358 210812170 275687797
252127774 329833586 448035126 523765935
940169744 501444212 510824668 545367478
562447070 88079339 541330384 579999225
470424804 605462013 293602588 334102242
42455584 548842835 729485970 755650084
212758887 7009021 82035903 112066196
974106737 381090062 741529943 745936449
942894716 872575186 473415538 503541518
71365898 695056744 294293770 302867778
277641433 279377992 308568855 343213846
644011376 985476496 786105429 876131298
831400710 395937790 685559496 746316978
176031210 70477574 968052700 1000000000
131678011 664308565 105685076 131919523
54590480 620894112 633302725 702295486
668745622 818164625 123146758 221575858
789265388 164553189 294924653 299665691
556999714 92280539 768643440 864005078
786993861 618679726 279824180 329413552
247772225 584502465 838542337 844804092
618212148 727598528 352041424 388255921
174972862 7037316 674870458 741922428
260494609 523650266 416475942 495878133
285931455 23209635 744110215 794202986
421700084 534404383 953030090 999023564
120544572 884681872 639377337 710953694
141743007 286635254 938847213 1000000000
155362799 724722329 864506008 885879544
175287590 889244389 66827403 78110294
178172541 503777042 982419299 1000000000
337129836 461680512 605473027 689924684
691406376 253690243 485148604 564996878
799707198 736241164 437602479 509366193
851836165 539554074 961763032 970644668
267346852 12618066 692708028 783253049
380408665 439116305 142423910 228583839
183676798 955467828 667168041 676448782
753797544 447680457 884586018 953795331
876596216 355066038 453526063 491300824
175074065 312997726 700003555 766575456
160967436 391659657 482093812 537850302
295928418 279940688 226074950 235962533
832084979 851338717 486610393 583725260
681084818 21164698 745943935 764209897
760096277 908282263 410920475 502604306
342613433 300251133 313751154 393597775
612718733 607944224 837854997 910734292
709218371 203175131 807465987 820007306
203493086 609126409 2111120 28401561
326149967 504816306 970340728 1000000000
990170773 826621418 144998722 153127369
992116791 26006831 327554463 342905649
858853992 939709788 96223050 169846739
457985034 114916777 395073872 473362151
479487176 224055483 276747917 367735106
115821456 392390865 369887716 447790129
386416859 356402896 149194670 155397868
742697102 4946536 902817140 950405918
159551406 162720039 319714601 389465864
245809511 4190663 981194545 1000000000
743498229 587327821 473819960 553958329
282221649 662197854 860966081 898586040
350963059 367715089 950241897 1000000000
897061584 441539655 76152677 136348829
209511314 356887165 313703519 340764143
81043010 951295445 321059173 408748335
669098114 833535367 282732340 302456518
869094258 638359584 215531294 263309253
520050638 543082362 629285877 666622057
873446430 385321994 661703156 735049984
998094173 197435630 636875519 666011997
567430610 585921318 678988427 681643149
356927487 733082874 318929774 345028821
997456102 662836535 84322152 106071277
676305334 109492183 414609104 432902693
558161583 693101960 234552060 283408900
672884705 675788234 225833716 227441473
381894426 911058324 59672994 79367865
821686935 160091465 347924878 373191478
383406070 457662115 513727241 555017923
79159812 178398617 25339363 123947246
343377687 397116815 416364749 420919386
602378975 521249353 693146815 708563049
99703705 789171604 350477914 354814438
721032379 518920162 622310746 652418622
66280505 217210137 811011401 895884039
752322404 466762997 851256827 890122147
900040796 721412395 909192372 984876569
811610569 805354352 689590980 785609573
280413046 747339232 331014603 422395662
551112999 745231337 97309882 150867799
542388619 299328617 421854008 436665009
846236200 722643977 325043039 343129835
287664378 541422809 560856749 647312670
965823569 777693697 145268817 162264795
50868258 259568530 656572779 666439149
901756584 677434350 628523951 706411983
44286680 712397806 924425864 1000000000
622255493 589912974 295877476 364484779
834134403 955264259 120086469 162556066
38795199 160875390 286026734 334026719
221248077 366517115 93552182 140336785
578672417 633082034 464188011 491430607
935871701 85440146 749930424 768323457
149782716 123237903 474042681 502872784
348272335 814956482 657300417 710057811
399339339 617750049 557426209 585760679
742186606 742612259 242300571 311374564
700790034 189032340 495087153 504803268
619831061 708590677 903366030 939825988
186502775 379005477 991063366 1000000000
289825567 908832545 419181783 433801653
547041185 31988993 834002121 913562839
278029957 71653993 540657722 597826501
381584432 701107878 868006710 947641059
413526467 252894518 335062407 407828294
957632902 456077638 64748143 68106551
302995112 42925717 65963918 122208746
3685135 292630195 664126479 730907690
735446390 457653369 466722120 522104907
459727079 628508859 110388211 206227847
915296697 91365172 992415207 1000000000
15433072 987620727 645045283 738675076
463421856 910967 429491144 463534200
686503134 415193101 361948498 388820068
79350468 53979564 786072296 840483755
149587921 5421583 818861275 822750082
546321802 998595146 719790333 721147743
390411462 11990083 521876602 614047750
650020031 545520512 569108589 611301610
55571732 105134839 236483175 321789378
395248697 646833857 18581531 56512420
663380211 811293206 178340295 263393047
931197078 627113389 652156535 690422937
600245909 785723098 850975811 901495113
650564215 968231497 694576343 760199908
557552953 131424597 852498503 877391200
467459023 142366977 894434199 980500436
39132043 660621266 106498201 154807148
982593493 935160888 575901373 599969364
681442357 575818311 149603845 156796127
234256442 739801019 835159775 906409857
89108726 249199599 837924314 924761056
262302586 707917877 290818663 317699457
439202143 903456020 131765282 148639292
697570566 922971667 781067005 824505160
564098801 913933902 213532399 305664610
300926169 661621664 25538480 59009423
795124916 256199930 356167229 410298785
299774778 782187653 393187104 457475579
168535156 210061439 434680473 463125944
859310219 858524850 982927111 1000000000
973797193 11535708 457740805 513983321
551486148 536869185 771819757 808470033
830770325 770506440 471136306 484628149
975444498 267250662 861478251 919602956
71171848 989398386 695073349 787240214
223337 798694683 864096125 892165892
392930678 411498780 371384682 407655641
853182247 868618902 396686670 462940726
249137116 287404019 693785825 700268680
519032442 276164595 912772536 964567238
566419676 156987337 713970143 764320607
77385719 843919851 311759099 392938793
6708400 718202233 843588148 928097249
234856136 809541753 811126846 907905269
404689709 582891597 658271686 709449950
357229412 239020011 621287921 623272443
968364227 560977926 193575521 252438921
719901761 678069829 7680872 43395432
672578721 567348293 647277073 673950802
921137980 142847987 465151963 530087838
285973442 155816230 876289743 965611513
247164558 24350271 449000270 527930842
794799263 375335474 88926892 101335828
11999151 633393115 247000027 299486708
784105380 191301478 74395195 98127731
316782418 405186876 693514906 788942347
387776302 286416018 733436392 825648848
908229100 983947669 224863267 257926908
144439516 514714180 502911309 571235339
152201915 429706601 459917820 470335717
3645218 645417575 81099959 94640870
389137052 795627336 241865009 336214601
736628090 302108737 918886147 988648163
282476751 504318945 42190442 131596019
708425016 322331318 121605015 193598760
228858557 212253686 335576858 358543082
738548150 282433921 173406269 209740062
270063598 962938676 383172968 479679714
476951588 582800508 924385745 997774236
118592732 903666417 46096923 53460435
992575759 163585936 173629391 270560492
410709799 421020662 742127483 803673900
987448016 671937211 843683770 885375171
144824802 983010664 446559141 486402072
104362505 351798616 292852835 332832621
918528507 825435351 417552552 516524899
346624617 694782395 172161615 254786165
505124066 237461759 759823158 773285080
828862124 527514247 832114945 913358312
344509460 46002073 268524086 367541921
608573132 589137193 840689210 881012848
720102984 230452592 353627917 436789777
363009422 771330415 299254000 331094534
820768622 460151284 690903380 779402238
534392310 962921927 648742048 697091914
21502031 228643772 430846179 489345757
563646688 469427139 973955947 1000000000
421356822 786368214 924187156 943924737
351022405 313316015 889150874 948203774
57511518 101935597 133692617 136517928
700733967 278718153 332404150 378318090
673203287 101593104 276541098 302904441
197299102 594702039 77793343 80748155
612298351 123590534 470009232 539773980
13285866 733321309 866609845 867928201
918885262 451469429 554834528 638647594
964852173 502497619 64289026 65893539
408604530 148418394 786879208 849194217
554284357 177048672 367853910 414959119
482657754 492249017 705962735 730418612
482856387 821941422 921774099 1000000000
329976550 765883738 807585560 854306052
177132024 228565335 241695398 266766868
70205140 984655746 911938812 919340460
668056178 265041537 418382394 450395066
378875254 117467168 654792036 672177510
683911370 439120933 427841270 470178202
887130327 769652681 562817512 633845466
554005785 117151527 520724177 546439092
963978059 877314600 357751769 428552830
921689390 709666155 212005767 291904973
301838589 794326703 683767594 727012544
540913706 443763562 66339740 131355212
396875911 412547437 182899878 221441495
337062160 634525352 365495514 415652831
634759076 445978092 346232785 415571748
562133577 788750626 189022344 287457144
507015402 521305960 84335210 149371934
922208080 230454894 303044253 344528086
830114370 35019279 27635862 39290519
914547079 132118257 781809294 876861827
886117428 775736274 968440785 1000000000
63856405 252399119 478025183 513098900
675579148 784667684 847268669 861430631
455937634 383415935 645659703 687353950
664044176 413716408 820918871 879684977
47236373 482369713 535684821 634156743
118070029 118229852 947166007 973920589
205758088 309896370 21593850 67526138
826600758 175440145 285343605 292980818
231489952 336642674 92027474 161313843
324110114 483158410 838931178 926215193
510683199 852060420 677430003 762142702
493900536 968642799 755493839 824027448
479375326 792624254 769197574 864314839
581913102 596157146 51339190 134416869
153436142 56693926 873393740 907048742
833530063 763265436 769694967 796230376
12947122 105614786 276338587 346000270
292482200 573046606 317846323 378494782
20836946 558774712 931081806 933525610
974891201 286246133 395829548 405414348
790439397 184903813 485398682 536699380
682513737 248414705 270347026 282978983
275645563 810867608 708095203 793337961
690697038 826905683 968729487 1000000000
904013543 180012121 2038739 85177126
791398379 891427405 861744831 934970945
157973225 930198978 795437716 828488009
162173552 488310163 653979172 661795463
998759795 61525316 136403945 192454467
494988451 54070511 383877699 451174273
289213938 170962792 687686056 716129101
809678279 920262040 27212547 81144822
919583370 928644345 318510232 345612040
762777785 30561119 20367630 29078261
950078872 379329350 600014680 687078594
219898054 685440707 857366052 872277951
677916999 1583316 607054519 639398616
63727561 447075290 624268952 700039958
78659087 54326255 389778157 434620757
52378414 464231542 146869244 187430874
749514759 922965624 566110785 585972826
107653902 90796196 169089844 220298009
34740753 328022000 830738857 840324804
565252276 580786064 227064243 290524423
858072046 979343913 594711065 640616450
112483068 746568093 166699476 211601942
694566016 172310118 460102038 500371605
786101980 666874343 259945682 266954658
328599687 123398137 261692846 331253576
531356389 169607535 902696480 940158061
787327351 627324570 906333463 993078887
904704334 138796235 55490395 70821576
353224915 161613748 717421144 791455833
504110767 569314358 471425735 523195600
777291321 606395450 730046409 824016538
251841457 753727617 643536661 674199800
356948142 196814338 284344750 327789840
962530122 638465001 56995491 148778970
249729042 976262640 38824395 40339039
748871637 766724169 306508129 368938205
304279106 215970767 330310432 384597392
460954774 771488123 348224712 443875083
489346629 204854335 9256723 26211156
591451311 867434694 836740569 903629745
386835870 195625250 85481659 148536054
31382036 752860183 113690784 164076060
810178135 627260221 579762475 601634391
5817454 181694674 798625156 815215975
797428344 93587858 336808404 393407493
328676183 359607040 227238205 291291512
308997499 254574058 298878725 387424744
508685768 801366418 242206459 267803834
320593333 191726474 76253184 163237147
994634109 594260977 226567058 258393103
393045018 156874014 749433075 818083838
801267414 727462819 605423391 628800389
700403783 731437355 78495571 98638040
664350701 98626300 87372342 170177138
466925359 646479333 690210646 778155311
296605344 490886889 730230653 788358419
713319765 696662647 126541042 132955515
851342099 219786329 160299595 214774092
468165860 621568580 976875573 1000000000
219739343 268952512 100766136 118337944
680194392 984517577 813096648 862173881
918121895 880682296 802139645 862003681
510389725 138832787 667002723 689458673
276263433 422960941 248353526 329120007
160132487 181223823 783930351 801646006
401303510 198320034 54003066 121157636
388430972 729833612 916034299 968095499
768346658 798877590 68483903 85157895
637354463 297300192 188568538 217732683
787390805 983174563 457383660 490801332
956400246 876137117 197669246 270638311
935233091 809190481 428178893 507742360
876938206 578555539 460268302 536065605
626576612 886965849 569077660 570865709
23327613 603704192 886546690 926891924
856593295 161502414 213777839 246867331
546834650 995820970 290694122 331347288
31841612 589090389 873533740 936411982
741996518 25942857 993409641 1000000000
785384461 926201830 642474214 652302378
259958234 9161700 980901405 996855025
930287079 556231184 111241201 141270686
449054907 486531947 775947309 782925242
412452739 522656746 443982034 497567177
69965873 477359267 304063928 331277300
201617100 150315072 142917769 197925446
862810127 458903777 943283803 1000000000
16489999 31781718 237578022 321520000
952458397 244767848 939222816 946513272
432561713 334580487 899374265 927271248
98712160 64002106 336434891 340308954
528585638 443801750 466326092 560454901
348328456 327870726 937482127 1000000000
663331038 305472050 985266001 1000000000
455964014 514531557 934104324 1000000000
732650890 808769128 89780649 188537441
662208358 648414445 854655864 936143826
333667851 460600384 918664595 995789593
308835213 908168729 99639604 160232498
122124716 109360337 159765004 231373798
514266158 258504000 613384642 643239248
606614132 70434722 858824360 951999427
955082503 333921917 52455245 56893563
493747077 522449540 322218611 339556018
151180882 46838603 231194121 322508617
433010410 509251247 603946603 648533470
186323604 833587440 970641518 988341362
784926271 149324889 573990373 672813719
169910955 739610210 426791525 475788300
34778522 941821879 158357760 235585336
611369850 785943871 262804785 354624903
602741407 275765437 891343172 955461097
601478610 978722228 426565918 446226233
18802297 456376148 314368427 407201684
102479676 704527392 147625445 243496921
881470868 251006775 619359763 675384143
585903905 89746543 759251089 763268298
532245385 704591424 398538724 458653883
916994514 320035949 796209633 823764443
652079629 866128490 335392432 337639440
548684667 111173476 956476528 1000000000
472654467 263036475 318458198 372511043
795490132 932582334 341090405 415142963
150389887 211270095 840137200 861807988
567253628 957415613 307377661 321751257
225888037 975407160 386501216 391596682
778852141 958915535 379058043 382436735
965440240 441346375 362550715 448881253
119441796 381995540 481438014 540675446
510646964 634663377 906598719 946292556
656255951 823753117 954782281 1000000000
714022141 656989827 822463142 903901816
552775004 613895087 130439031 179213882
782124670 365927979 853344835 935921717
4878369 497660470 943201782 949493432
674032973 433396979 420751042 487862144
446050857 548243324 461476144 480676943
900611879 289822716 281124894 309834690
849776213 738587345 479284753 571005808
841067478 31074187 395168064 483979126
824982410 945772212 317945432 399266815
960301106 646209398 798874224 847177864
763917839 191824117 399085276 451458323
245234605 684399489 119796663 126540186
132230110 542419900 226549298 250682886
328281895 514659310 409894705 490702976
776226054 473462134 98875914 101367445
413958873 406092994 867258493 955737416
841339610 183744099 625325973 652523703
909570702 655134174 950290223 1000000000
544177668 222191603 225147131 315992209
998973889 781986066 677580319 732702231
658107531 130588631 736806103 741683757
212853265 3285430 964735190 1000000000
670002356 167731641 449075084 491444726
428015959 28814979 303195965 314345251
40563897 710267597 545399840 644070724
695232751 758532038 909843612 961804329
811042065 219566784 225650058 252449649
573595945 475459637 268630879 323950232
787006838 305549122 721466423 796159710
640477253 971159147 897910617 917719649
539604623 855816041 611497629 707482791
893774795 636468474 791888158 812544941
959852207 564120327 596250717 675339988
726916711 571155348 542821363 542906084
651076695 623414495 514186062 542247613
727041070 549721633 938181978 1000000000
448137289 415706466 743728199 753630592
663204983 951597084 967401413 973783386
585832761 616311097 869031877 915290340
623992468 932194242 130476455 180219277
791482142 891481513 421787955 503476961
914374221 848173032 977143223 1000000000
798846084 484115076 903749534 959881957
438432481 209352728 475955398 555834762
73798978 679242567 606134877 627728448
309278410 871250886 134098874 219487737
386691523 632985422 591906296 642211756
898472262 567344108 11010221 53340007
572137739 688371997 688375225 711665438
823605365 288241586 849895139 924438024
363030518 815432036 350376341 360285627
169664574 905473444 772020227 858347993
917016937 502851585 705507244 767931162
958366673 142887255 677086458 771809192
850046551 917636534 944844141 976604775
634039464 435235282 482745656 499420968
921694324 596341057 344468019 401219737
842476761 860662825 477207111 507228976
325882818 873667178 967347677 1000000000
742076343 211662895 575677674 588143490
665826183 517744195 712450073 762498400
592761510 861469789 629718705 729076489
981583630 495555135 618523412 711135044
383199485 58860099 7010895 78007382
361835828 271425483 174758039 203769014
174769279 441455897 899832802 959551837
610058751 430055470 30264209 121780391
607128363 130297674 849317384 909584910
954339205 99496737 72331588 147151235
139189569 877755880 668611907 726607654
390376228 161067016 63650182 86652395
544160025 169554689 410268385 449797470
895927742 125851621 118711071 167011922
179976442 308240123 343314602 434534139
211052430 525592066 449533138 451935538
700957027 310626769 652206132 707208953
230622965 186823499 834113587 846706137
750525263 472420427 683417820 729869582
499262652 35276244 175783449 225539280
388279502 285807214 262852202 302315830
482489492 961054522 367170650 458618389
966254199 368178684 751674124 769770626
751585455 685503773 220515245 288496223
360654874 65231479 255191456 258138095
327960513 425384899 834732853 882436114
543354166 130744796 986308434 1000000000
150024863 942331650 368402734 462629711
548351289 136571999 600759170 611408600
892685047 608735495 203994835 277382541
186875275 275121794 882640562 883998061
498701747 855845924 737286543 801649783
185777493 89015806 161823621 232047845
86795713 965527956 431437522 524069157
753022453 424306296 249038033 334856897
632265563 843861924 643154266 734642424
985138826 6687424 164936474 218232066
220683434 944207693 332752942 346700525
475155114 935646165 178577555 252808873
683642424 952012682 693254088 698838220
333167744 652060123 644823227 662632177
187404997 518281292 107469307 125081959
623091794 589119404 154145524 195786495
632060533 346474635 66841151 69278280
937454746 702470608 123614398 188799118
754095540 415348851 467797869 470319482
408970188 209628348 742118305 816594423
193033580 30116100 564433170 644986035
356042695 493182753 508138075 544728281
121411033 304622287 788369117 793728929
778060599 16821961 180782173 241916517
117257394 764897158 879682556 951976816
562885138 891157596 186518983 193045492
222429571 337422061 978473342 1000000000
342096511 683566540 954690990 991342882
748479933 686143227 231687659 264099915
535657335 243170165 775277177 794610307
242928426 138661640 575954508 578325798
190584181 567252193 848948741 907893120
883887740 28941216 10185287 33222912
351041938 893162389 848683468 907167478
198614791 665775564 325629226 354973101
481156260 305627808 934161492 961912952
816882244 294454450 404662204 431342876
268708467 650946633 364531542 419201977
225779141 953477540 78204164 105458473
18863865 62002886 443172968 523651612
532222158 565136455 416542703 492903175
316700924 824827532 329157141 417934603
178482471 819881558 979148636 1000000000
499455888 171705693 858385819 942157127
355488180 979741247 888693896 986769717
670004519 445726079 875859967 974163105
290390600 198772117 47725444 98309664
221468317 293620445 313694248 333359198
118699264 41483674 332195454 346299087
507153025 206045120 234013817 317392707
428943576 654805142 309729988 311511554
94441927 940963120 793855984 830502714
316674206 999193054 284555041 306580791
376699892 558876486 973039460 1000000000
173913406 295383923 350034439 405782777
458543885 961369613 149933067 178692324
285756297 468877460 512890124 539211181
919939534 154263994 377227559 451465300
65473798 815835124 505602750 582851995
199552601 4536007 717481080 757404042
706740517 447050892 129550510 176257199
194359559 628038676 894975587 986142303
647202786 876019634 569817107 573555389
130999702 101006921 223037659 283638093
397745736 247790089 750105934 811876766
742483731 85801432 414440985 471719432
914395860 564452630 757918613 844153564
719013541 430104473 122916158 161634690
390241840 852836648 280673481 375094712
205984629 157498869 128485044 144279135
835729395 477716218 858559263 865103551
381297462 461871112 269283126 287814551
936229129 921834770 930564072 964323946
896746248 673475223 878169136 973451683
558198446 755584147 502809237 585052357
616667677 826788949 232260512 306190234
488175676 632853922 99795127 155227874
164625509 560761464 820029744 827616329
620998501 735115628 462186548 466105653
231448239 362813738 221978921 237937401
416969276 832797688 895199485 944836327
591894595 44062669 486645902 569381419
865101339 927206371 969072058 1000000000
235592236 978804808 105899824 162313870
136234886 763102191 366495114 397336448
923850708 118219343 638912342 652902999
535146713 750736618 60075928 62543265
119552450 607272964 471726167 563294776
735933913 912980003 598068088 612226850
873299920 965138552 586420053 654266229
652471501 361747431 589419065 627901909
263243982 853238514 519229031 521411695
30359151 304747770 617173013 640795429
339632456 922149310 156773777 190892123
628978964 227532725 497578678 558985833
4652173 551873918 346553111 426961005
453650003 540089675 533278202 544461531
907066687 47562700 382539549 465116174
37318495 384559170 427430213 521303070
209385161 604488233 335526104 427183233
873544668 947977295 479322802 487229157
178661323 201842377 876386456 919999399
653405907 516783674 563385954 576214880
833081846 845935487 380295264 403282621
147176202 567809668 753440590 838986314
797927600 461900307 485037403 512272253
132925641 811384164 616294506 679498751
314787244 445272649 165128691 176719147
488161834 489652023 328486137 419740936
940296257 52854659 309926192 352450504
211154282 936579170 100086607 168590706
846272992 840280724 263753572 267072903
313174705 816001735 385571224 460869064
101955344 681609331 65888739 129562318
763155312 868952023 105146924 188851414
937556153 65192556 757837802 821130273
610537568 459757754 102193253 196882205
720199497 827622717 223104140 242751579
306788053 753686745 107613667 141919452
175285373 177367910 689877159 760296599
406984854 311690140 48446730 139627317
769310106 633886749 375881469 413273404
452791289 115040409 246918045 345134955
40119490 205993806 885801592 956543200
294799 908416739 55170539 109094631
275647880 586077924 441089407 493662174
975650305 894231130 496899558 531155748
325904456 999867152 14164743 76999804
438224215 102648728 315986024 383959949
196078066 287620356 139070088 173345069
23874702 180538374 740339777 823291602
184588786 542995872 132853640 159511895
198790585 168610764 328656696 350272557
330316186 652233376 367982893 390432518
491990850 422970583 291801212 352596179
817868812 692956189 955289159 1000000000
115135859 215367542 682475567 759423396
795144141 812120685 797607717 828725193
532791869 996373167 822135818 823592093
145873606 679913236 854826032 866317250
296473787 997764849 302292718 334157661
35577705 185324735 342600137 425170055
544145770 69091792 623126875 637746029
824145355 957025493 566884253 583265240
807616117 664880614 325002356 409732107
552160074 91176842 430164209 462679930
631993776 150913672 223118100 269342629
517474296 501141756 358146491 428827077
638688480 168273913 77685122 123850623
54028404 590313814 652722300 709350682
64309296 18014652 529290424 595050664
296209815 962675641 551574708 624728422
336837323 859239887 504754087 521063842
12177623 149165114 261086667 351805889
591564193 426727573 85995259 123729237
830277802 35076021 945431432 1000000000
465942000 262993682 711101360 766230353
271858213 650311779 7163524 49821334
9778603 357611732 785154566 828843110
884577739 105484401 82654721 180871853
11804828 185341939 8576434 44794109
19585860 231178193 377013892 443566067
611388026 85311607 72912260 98240358
169300232 522225889 589092160 685807509
996903663 895249869 439883729 492323367
191752525 476656744 973458537 1000000000
892324424 540119967 87401849 90414016
561506585 439620287 537503290 552105939
659149661 554873707 553426129 594627285
590487905 716848278 96374405 120427319
107080083 653449173 286336452 356893714
863936528 432252898 769325108 818247827
437582875 16146574 841148690 879491864
194194724 857660797 740103588 838152830
456151888 934037292 136327625 142507655
899145534 121102553 550626884 565410530
613941757 926768657 226009831 273445362
474760844 419090055 808204169 857927384
923780897 451949248 906898226 951532072
287082606 326978492 271492960 276227401
954306815 407920321 64242732 101937730
581126646 244252336 87346353 122781648
922425994 829995909 730117093 786997177
484881820 66134618 412473893 432716230
417862157 193497443 219864058 301064558
426400736 492745539 665222389 763077864
472550241 271858035 135230522 162573325
38480128 245543883 427389447 483644673
539775872 988777530 633284144 685050955
321507992 542941412 809343117 880439747
122648338 925696773 252250765 263115177
766166194 274631505 469136571 520517614
289788044 522286040 408542274 451189424
905617194 779664939 886601117 954349423
256668968 816690412 262921472 300472210
872785046 519622967 634876880 702488165
455337086 29923395 85750084 146737670
944594253 880176231 879507527 968602877
176241372 676796983 953716145 999854476
497725585 52489660 38869804 46579389
995782296 538411657 811211184 846099515
526954948 569182622 426538400 484837490
245590528 303888835 236365966 276188098
330036383 309506236 229974495 258132701
977568485 565110613 738286301 814199182
752691996 740630079 738839271 827199043
892311288 481355561 603812262 689473447
998699285 127298427 553834574 626291756
705337502 632486178 358670892 365577646
487454941 407381517 865521660 874247468
11821033 755248295 505384895 554118285
394209782 968892243 404762168 489738140
510171740 650311944 863623116 890921149
307443839 568933313 224677044 283388169
749140865 857136518 986797243 1000000000
746322830 649908797 367947493 452855545
42668646 458174451 470891008 498940728
18654088 636855719 267376651 296438621
18688953 512521830 578439094 641879472
432933065 374419541 214959962 249542328
773631283 444187475 489708076 559190500
641827253 504373182 794606687 877043090
55936650 566254808 864697788 912251083
110050505 294505115 922126092 950589336
174228362 265727181 607426368 696678016
775909543 386303013 815876969 872721566
727798530 660862491 862677378 953366811
912438243 831374796 925946508 931694741
71840822 74827650 633578390 679841590
297736118 226688829 333569540 348165986
748913286 667872937 281774146 366868206
413579707 773042139 214473501 303607037
473819440 628496590 765774729 820089910
963734100 117221263 640620187 715403631
669165691 570873322 102689198 147112378
83554313 384123142 900626250 984005933
418047061 691741065 800928413 849120630
693356785 192659773 652024721 696136404
447534045 937409039 324563567 389789655
160868170 562691675 517728624 532347058
394428021 756957531 171445393 172141809
190509531 923520183 361633161 409406256
282202623 507487843 11641389 67544842
227131872 224801136 298196102 308052548
125709399 972676948 805009192 854244363
599877227 637297325 75717941 106842812
508725706 634588004 321090527 322971401
14437635 510063713 594140381 620111499
27782383 758514411 986459303 995599462
91831180 89473106 29597482 101987998
749178860 593484867 220691861 286201505
792758137 665761833 764894409 797161510
654018776 317014579 368510800 420346068
921745170 325520056 899403287 963951530
572493387 185453884 471419886 543006764
920098600 154165780 844867665 850426482
136453874 130540544 121097529 138978305
528974596 322393821 248951856 291414465
506699924 916528992 8020463 87276855
242508720 83961802 606802443 636495270
839391102 107996016 70970279 106347839
633934487 291421687 552226956 601066867
442346309 254750389 278153558 343668455
182493387 92703278 636158168 668140705
478520268 203343821 209250017 234912175
302435983 240592589 335734765 423032089
266480404 530677072 944154846 955197079
74381694 977032909 642294120 717042222
731116074 390937836 188134065 242449319
256920060 630548932 205554703 230594583
222861064 86268164 198142114 274768104
290398643 307554505 93036053 123348956
852891938 327936430 591063347 601779968
290670223 670405792 900209586 926805287
554036962 70809874 49624285 68519487
643449 764295295 674152613 700396351
418309122 545499055 136450883 176619312
219499386 689930882 71841863 93330240
174639961 182054999 735418520 777499747
405473516 8203434 782064171 788714479
51544322 308527405 769378491 809593404
918688322 245834078 473368970 504501873
845535150 961830486 452917842 466737350
50292786 411536936 700813278 725880507
753106122 619413903 823237756 893483789
573066232 246738095 821131547 915943603
922822800 918389087 508513946 545776580
126477337 870921239 516142698 568097571
321428084 426475305 13622536 19846957
839318507 673450663 803894340 811795699
898413888 546726782 426171265 455642117
915049109 776615642 404108313 483618398
883895833 716519985 786871186 879850545
973708675 543509166 410947165 465707980
610596026 612105355 949905781 1000000000
839054284 391010380 587891648 598941872
248224035 749114561 377804720 404970774
849042948 115791941 973136305 991869224
533852972 368861665 340071108 428695058
639360165 471589901 395843271 492320644
578866924 341855681 227757298 296848051
460331186 721300353 453100304 530147517
296517277 391955469 854512797 883415511
606357976 972185900 979486926 984381071
75847511 990084591 685247151 735072480
591712126 570127208 605252069 614442663
477379436 479976533 505361913 574521697
247010003 186953029 944701263 1000000000
553407960 724085269 254796408 324808680
77871499 28041517 555362937 557919605
72148871 281970734 540278957 549468127
528388225 438477404 736477556 814130170
663511805 679873678 68888650 109310606
431828927 11761022 215992506 218849370
311774182 602953816 123220680 196869571
260796229 663090330 110723710 189721581
306797950 242419711 538150493 571974615
959817762 65981778 296628831 343947522
364822722 12966671 623688980 636364277
479298084 942320904 982188519 1000000000
333384242 332066923 312629084 320334764
232054706 358157237 509893311 568627607
794276645 975188224 909419714 989884930
634444208 437862630 634702808 725284134
902368959 960593056 815224457 818149259
541361479 622877600 363476308 454550558
987657997 578270355 593208773 600712461
326849730 539040692 405116573 405609659
480869411 905173602 770532104 853413779
144082930 45344359 734741076 779941556
33624099 386636297 569462193 576612156
887761676 676281283 93448993 105466532
368607481 656902679 190358185 206837955
179671371 565969347 353022954 446634487
23033274 999548498 9198521 89261452
572415583 751282452 907936102 957225716
16756499 704831328 882472501 968445637
362310107 655883366 613470716 692240501
475207936 507060550 10689113 58406246
332871607 312316267 706533379 762734215
530519212 246555514 858619485 952561565
430717391 942041411 710799140 748337462
508728612 244437618 361348336 445240623
321877270 557683665 65902369 107697126
269652608 680267681 886657336 917107601
158789353 344365501 724406136 809143729
993771407 801229807 439233266 490632570
384406345 666709244 722475639 816416453
689799302 397320731 701135692 723477218
824400433 705228082 479033695 524672565
278926622 774749981 827596448 901361811
469902648 173425631 621506922 714026077
297501016 926234712 403864111 408677658
957737000 706567375 466667194 524511296
639776444 656715492 87865057 108467885
994015975 47083891 557385613 565283893
987658004 925041377 653372397 662588477
658367413 374732270 24606455 72212775
975147596 634478601 31895016 44067207
305866130 316683208 796027454 890995641
959305218 955639783 945790563 981777120
451142838 278378859 108700752 125796232
84973446 783869728 190679797 252987256
372173207 377011289 59740824 138035700
60702885 251303683 589633777 617319181
917839693 482932687 518917684 616508786
33941395 43672120 552725415 608444212
119672571 737178212 990952117 1000000000
207864580 23277275 587629572 666273289
107354390 596326197 351152282 382944686
199495517 512459387 649608841 714603951
868000645 507356949 877836476 890867557
75710684 298967148 962421094 1000000000
69319494 21314409 411984383 471276051
260378982 240485884 771236520 838239224
642678354 752106713 418720950 423869672
836500591 728621305 664571374 694437033
436207231 988484686 320289236 384555151
589335359 608378061 658236180 704092021
984384602 650449266 312595030 374812463
908888538 545593797 876755087 922408391
149727612 213616791 544484047 570792571
992131722 720577785 588067074 673070528
978935444 722164329 431201397 452798518
57568822 140790343 132222154 206955626
709628652 681745260 22630658 114786732
971706767 895114015 160880960 220614095
531161023 189789020 207668187 292370956
370377209 385525810 105667826 195672471
296419726 514055841 577433576 587422071
575601663 417319881 53737966 135908695
323788219 613126211 889763650 949004450
441863324 104383058 374308534 467186201
518533495 74899192 831285525 871776963
665578386 57946196 567436741 589993582
259455559 418564591 958922541 1000000000
962006080 746485361 695024323 738871595
553350647 687317545 978619226 1000000000
701483669 906579238 410085737 419950854
431170879 154628532 3712097 80438393
179688827 623733056 867821878 958656647
495166078 108493480 504153054 522653395
161181733 96245516 374367038 404533098
326027086 264340991 61364498 119854292
121229192 60106601 298386726 390489354
201223394 141535252 168905305 208613223
672626094 401701133 738555317 750809216
574896116 536850856 341931847 414659723
374570640 519575957 804779772 860966456
256511971 680750243 542038725 584705075
49670810 534161585 223184437 295494740
184426071 557067312 328239764 352691674
336234947 689187697 473931575 565550642
595972530 839911460 108298272 141719897
557452000 511291751 480369018 558163843
669151339 799925616 221580005 236164415
13253790 577089450 536689727 592625262
755218981 65212835 232636989 281658981
366186464 611164825 714811606 806084979
510087616 766069586 991088186 1000000000
766933944 458234328 111653147 119576474
825754501 931826255 242058797 267919429
919838661 37945700 944310481 1000000000
159160879 949901896 638331000 644803919
794791254 383740072 78358477 82364832
251362204 989080768 367828535 437318045
440853308 478852539 487491267 494324757
354280885 418830267 56011829 73428902
353624501 99716242 316536482 382645931
461412694 761438969 903608579 992697904
922324094 309727456 728485913 764796282
808745370 823734926 31579648 117178951
494174606 324553878 10116158 27566177
712251643 927471811 798649944 891915388
670903534 397348642 365322754 415648512
495845377 189237022 837056860 873557895
116902966 92288380 333377381 361937633
289271863 499051262 313059876 348211904
630966317 930005291 408129613 459481151
556150469 747476298 108882012 200191275
317175120 136118261 812697989 832961094
813261653 819340086 356584122 402947233
344878697 699732122 3279148 50818539
31041511 843046839 757794492 761773249
531110009 665402102 942629520 974167332
659646680 162145787 683397783 716410924
964414422 594949612 916140312 953046545
882330795 89563905 1756750 13313352
903476725 735053290 242546772 325068916
907117994 309734937 881594054 923766898
874466583 811816461 863107406 942817079
640757979 202268614 796836724 801464282
345931004 722417163 583811928 679850929
38370951 71180212 469878547 502763529
461532512 385485106 158894006 232515681
68718105 685559344 935493619 1000000000
908114639 122125952 899790071 965672676
347213183 748822491 546360571 547011163
254279039 771664871 42253209 141482261
979542700 894884334 233691817 294885165
788347674 235400539 702746044 769965476
860853380 42610599 821031611 901782037
230865313 376092400 569525610 666353181
17070868 955522797 438575328 520217688
535571251 656043637 368216229 405712655
535847264 521540181 67779159 147262523
199907789 13330044 682338276 719715963
833308339 689231444 8503579 101513425
788284371 255289616 705934661 800917663
737186704 966204417 764016760 780826899
574215407 335171471 628670245 629944402
653709013 82105074 674149862 747508145
300120338 520312999 522198690 528079284
591133479 333736102 532071529 542470631
601490747 364681610 219191601 317355947
441147180 621027330 6609668 70144070
426304991 924550751 930091282 985034387
263892064 677395677 85249846 105650820
608885904 971581588 9771831 33562236
232306399 65731438 294268789 331710802
880467851 674129860 728896506 786740898
820168062 707092662 196815223 232506781
255626661 318859563 967240680 996804042
