60 233
913289237 841071433 708298639 768811844
284382848 717796641 734334724 785805488
16874697 853519302 360968341 396885463
591459451 657019460 284026366 306029743
941435982 77254663 52123259 73601044
780451302 938706896 733684201 760326699
247024389 508037850 605280915 638329294
308407515 668888695 869877505 956040545
427714225 8985398 450748151 485673176
900673176 296580700 462671295 491333412
708372091 4359602 924446924 937608150
10414769 930257669 217847458 308079199
100392079 425680985 492306380 529609392
43746916 23185592 290469213 355260408
86360513 738038949 699579190 743876193
991985201 558605699 134006669 229895180
489467970 357171196 654105102 723174259
914508192 338651293 82252605 129794182
895054110 570046513 13676944 33588097
390702487 274775540 369079062 440312421
853292519 15535859 253612486 262209003
989543650 195776151 818889835 834216283
88628938 951409565 922069771 1000000000
743646051 216225388 802048619 812327208
649776643 631430708 397022452 453637251
220221254 703337849 577212402 676179072
461148081 914819901 522639753 542093111
359265827 289645888 351236788 391103221
553227204 810951067 621414323 682147685
217671884 600330730 42970136 59921306
839551279 870435526 16224913 105157760
578428017 926402144 21301190 76863802
278145773 243659281 137119522 166259439
4407185 88685563 555780543 574937995
595527761 189444187 496161145 543982448
184492080 232312142 725408970 790086657
330791045 614329134 965190010 990039706
855398548 296782702 584513300 593829152
899317363 476996242 868991702 922250006
145078910 939579617 389160976 488380854
497485429 167638819 856385029 885123473
388552270 958425613 430406331 448914365
100847822 143087291 299856825 341509144
140195331 654792977 329186976 344339644
720221231 879381431 32678975 47342947
164852487 199566245 711151365 778473251
760465579 525274671 153512092 235475856
420933066 565750461 689976783 717914158
535823659 908412798 290868995 320468278
595070134 785461044 401403794 426451596
298792843 937145169 92745134 117137748
642739184 322741316 481542922 505033424
370169733 695122094 865222945 940197598
77028423 952091891 690173511 709493094
441356940 712224232 208992774 290302513
430803811 444008950 174747648 184176216
497801212 532894903 132780147 191756086
915152608 327542349 58024684 122666610
539928746 521241252 420101460 428769427
649004271 724098700 297311213 333767082
168563901 611779546 479022128 533838633
146167713 60292598 455574280 504450552
893959063 368212812 647363865 692892690
34422858 688399382 251024221 275372800
725627122 778343030 172286494 226244637
271368525 344085233 775697213 779991189
982412477 383431069 378883643 394391306
350328155 379807563 669714059 691040100
121768066 170246331 563639271 661620505
314157323 845570281 974729485 982612414
604929242 738993734 137147264 234586131
720554540 731234515 571748273 658325941
35974570 417446904 859581448 955169484
626917061 494860841 471240216 555112486
692231757 620611605 173459920 228239163
186401852 774499343 575197558 622700733
885590089 708922017 975088268 1000000000
63118866 170096109 866350806 929952763
69572498 585972298 667964480 712665119
101461653 548606224 652180635 687372418
338056089 899561757 501674174 591767779
319765709 80635379 882410644 914073008
342274079 615907039 272227695 361241870
74483592 946845163 68586965 140362865
93585077 205041738 759465723 844520922
26025835 497514122 788996623 792252718
50157269 240414099 425127078 506934366
943005765 606125923 704001538 727241966
528300893 852078465 954714335 1000000000
424821462 56599831 148792902 173368245
668471344 454862029 170934131 209540917
298383640 357215304 803641631 857945494
792234552 367696600 402366057 473016631
473191218 185051051 940987475 1000000000
131191162 180338717 436200542 465194667
64722723 941776649 112829525 173204378
221729203 274141005 732422394 782312890
101771631 121754209 403368359 479042621
596992144 551631635 193387010 239247393
118445784 476417196 909204624 945915024
363342584 333603172 983791760 1000000000
78287828 331568276 320560594 359636342
794421771 542355480 557080212 619476460
858757845 600630222 269578247 275867312
21430248 442564918 630061469 712415886
557943177 345629183 48363446 54659387
451287180 521649565 701390523 719215461
206122101 789109868 292480906 389373400
222078038 689333465 174370866 220518889
197801258 866486242 182594959 268615454
759930057 699593883 956931226 1000000000
67925505 136544244 117990011 140647402
328375769 847454033 688188230 744129054
710356461 542075300 979903799 1000000000
902724044 200445452 897339262 915070770
832744507 651398014 822184923 887376261
87356849 572192897 987300124 1000000000
793615259 958613822 66350494 158185319
677089374 223685923 479688206 489043858
349686277 888616132 661029913 714757279
588812888 404068509 751476101 822783152
107382308 328557922 102541744 108359924
429448034 361965660 138121955 206781439
31526474 632707546 476772538 543651694
220538421 557153047 316874566 372253628
363403501 535409859 709012835 717406282
495088558 932958572 365479663 455806913
187254174 822442816 667724457 679725198
431199051 85155474 572312377 623678835
303954768 291455392 293737771 311436715
947094786 116934554 311632334 396370803
811600159 841300257 987155722 1000000000
403230984 646363412 471339611 550800348
57652132 809408542 132469610 194877986
861847318 267366132 848776834 890088753
310287381 299959256 272887583 281065665
138039729 598252646 320019598 359572094
94010749 408252697 595783434 619993574
477333591 452535361 936539412 948886057
7591378 59858174 470936370 560690168
333818720 357320790 866745139 898094402
435115279 235220770 55429942 85472750
522057370 405795675 125904971 183409193
911254643 488199740 937064726 1000000000
214214628 454490010 872995143 907598582
542329241 746264830 236933865 317389451
482221299 408003745 693878 64334714
586197570 926329596 986403660 992440358
276719011 112953868 347421103 385170738
153122007 961647065 68170113 74739694
850325593 95366885 636246532 649150675
364213572 639974064 876017276 906025029
6093269 105203091 653372424 671726965
425468538 123129352 819196040 915105701
741190089 730135789 876284541 951989748
447997220 800470447 767368254 837464658
434792597 665326437 411617619 478009250
933158936 152876974 45803737 126101754
769933701 853419721 834269008 908133964
844859988 708256505 754035680 823830065
730223760 768541483 605787217 687722465
457571484 343310867 672781680 698181663
73754904 56812601 608811049 687629832
444467918 964601270 893514778 938920460
780198139 615230398 151935903 173282046
106848214 895721551 995751838 1000000000
612920451 651080690 45424578 92976425
116688521 200963618 342225334 395046262
440865780 827148654 400949815 433747674
890099354 75094199 990713455 1000000000
861669952 139531081 532033853 533269395
762236875 629578173 42937724 43621879
530904744 462680682 364364212 388173999
467591260 305715533 780780081 836266757
186682746 436478581 271186582 331266348
743874553 167969417 517385656 558239799
909101565 144789700 925136394 932130344
611798299 334515863 609669158 707142476
931106729 346709151 846427691 937824113
461578685 396203641 699602949 699683988
562118999 408737638 466403232 553602851
592151021 181699727 988067759 1000000000
884387901 15099381 205327310 221306042
799522467 694847550 160825565 251439869
246781222 147703951 20806561 96643703
824542725 198006416 805403597 808179075
963605349 97053050 714382046 755849612
795870672 657420256 714887424 811880244
101334995 489710643 3066936 82712238
163029147 895875988 717927124 730424222
521278113 369700111 802392590 887924418
677178211 999263040 829452147 910184950
782733021 342885524 327360702 336647447
77224695 566086698 384226910 464952088
940882856 959985120 263998579 313470825
227607976 405063873 360140548 409904974
312600255 923056202 635516913 670038435
78216162 623183002 614642073 703620598
986113024 368835067 313699185 316472653
993170707 534897805 32775380 116665155
702657345 520584498 197844208 230404334
254037315 275910857 157181114 157833801
731782101 516508334 16448777 91761550
201723865 946557016 240241743 321440824
311695726 108780110 714544879 740355460
802653627 74515327 733304736 749975187
851896343 851411291 100065116 181981393
280509054 528122818 166877021 236030455
149904784 642152943 112981089 148274942
311768292 281996960 477046009 552925308
896917496 903119506 393946013 442598630
398703116 430864224 177471024 246444197
448011774 940903235 578565873 629482308
528615125 811802272 114439255 168234220
592135485 16562575 307576739 388999021
972916470 329406303 648765757 709641988
931081839 809847140 850503212 872263910
634167193 501416939 532981519 564429889
23985411 162772572 212636464 251453874
736181451 76626732 493968307 513236236
314076831 423236628 477028934 511711911
149751058 474478123 492033614 512751630
797398049 768896331 897277041 976895161
920856395 565997776 150860204 215294105
941916573 905894092 207648462 213679723
600506214 270437652 479683367 578245876
357976324 23069822 322010955 414894756
342319381 37643617 351136712 426494358
155476517 593291355 218470484 315344428
916050962 457050801 392873444 422288736
608080150 482487172 663375545 680425483
112400605 307329673 617447251 667023482
843260940 150496291 641815342 704265206
