203 1119
210455817 10762293 653459201 678186111
288606115 823494202 919461123 934831597
709617318 288358859 23396404 113215269
846875322 578371591 671963383 706395603
800235166 945661691 618324049 692006333
473177893 591851791 89619919 159666821
983925487 140436167 268092476 344962742
43678080 870300925 235206293 275632767
908442117 481213799 660302294 668041823
689244401 868162721 312983439 370475997
438207898 504802883 641979571 730014951
439147010 43404028 792640919 876764344
941453429 153561740 251808668 279785172
551283412 95603541 591549980 672282754
756566118 150344546 540080999 550156814
560027961 472392026 668976966 700395112
541650635 695279164 374045303 405273065
827443266 223110795 610432116 673173957
703906487 732670743 488005750 571320426
544337148 868338745 150906074 243297024
514237870 969198014 445914796 449416455
258134885 796731383 624555076 720346679
908359653 76828237 868645234 942608935
329067167 686412147 706013070 785096174
73918003 945069128 610942004 666284274
99396592 676405999 504302306 579528844
589740892 842333094 329052267 413404591
611301299 946083859 273373332 341358010
989830735 839390326 262324485 274057033
984780279 821609548 925717131 928999445
37499613 550516978 433276 38992118
232643584 106293452 614962526 617109029
399117943 538699892 849154091 900838151
7300975 120865560 272165932 272657297
750712988 370674318 720712188 762653272
311203100 396673647 907844328 950958867
736663215 566863783 18906647 69830326
238533864 450578194 784771989 787866779
482084794 975324376 908774574 930322040
197546736 914270992 652574097 729373247
307993549 736596880 184508548 206109117
201916368 345535092 181192451 251355182
313561850 18583479 766758086 832858967
693585893 128951763 504266820 588518225
206973243 201171635 139540215 210579391
510888273 432197190 220002187 232891318
2720661 845913071 255042486 352480819
129700447 537000405 590998463 664936446
474805852 723389701 704005219 775381857
936047388 187267911 669117617 672518102
581131293 656901480 997671192 1000000000
565106637 389125474 167028135 225693260
16857051 763673432 881648094 931912014
42482194 300355596 963521463 1000000000
986631961 988144213 648554670 709839976
95773715 708158160 876726495 940354766
396465545 20981961 325139769 351651833
728998111 52631959 162834639 246136035
259651462 458214683 563179155 649742038
561103209 755135373 330898345 347855315
710873482 125756709 767806644 862720018
990205684 150916904 635355932 667897945
116421950 494758931 799691689 896233980
687646465 382604178 343576756 439408109
643836965 396199734 184341838 198283993
330484457 621291604 268554119 301402803
789759152 887189981 174462519 175732588
689201511 569225344 662303740 748469923
783773472 102949657 782391268 862968208
799851482 305810739 202306356 255598616
389316243 232207784 8802258 32658170
600327736 913847814 362053170 368814854
639123862 171867082 324675698 423774809
928620164 926344914 477702495 510713966
161344887 655398398 26506581 113543069
983581445 572027082 808844364 812010379
702959689 911054198 258862085 331395127
987101165 840492421 812069180 859686430
404817455 111460424 911478294 985795158
846184740 944453451 600987188 697477883
20880438 494350743 754900792 772194424
159068095 735814478 772246991 841742006
580121599 434516667 128166247 131410759
177876736 583434491 435740227 509944289
222077796 350896834 670182997 716092341
373280715 10154978 975507614 1000000000
440076408 530248839 562742977 653626058
71260560 523052015 488954434 497611124
891105238 251782257 945843138 1000000000
574849891 131433278 714299002 762831253
914396469 578722392 662041688 677022708
5185840 492301366 694229908 750662873
930047707 405344289 30717340 57935656
495669264 377189465 820949836 837904690
444327138 310190181 781100162 842108701
209269527 455984102 204898455 206483792
812242362 423006500 731461555 803039339
203895106 571281150 356470101 359238069
952434674 75534653 394572816 469422129
289778629 988460350 543632736 566544534
58522172 38057535 518346178 606528392
364418238 75595227 240899804 314398695
604051834 844543876 868878269 964486986
1457060 405709539 777292906 861327192
681004192 78291688 751695779 844657783
919308752 864129736 115698013 140396996
618602242 506730736 228450832 229636219
563079607 785743220 607888790 639688328
975337296 745195309 823447593 902076789
823171898 939818841 36636345 104291173
917035777 654597683 307959938 308680191
716671810 1665981 203082358 228315968
555353752 567779991 975854443 994633195
854356066 80208991 601746726 677353444
962799389 340298006 270455543 285554529
984089826 631479653 771744387 835901780
497925714 107631970 736524808 808144219
574431083 321549596 32348792 65356342
47305431 314410614 519828815 590599259
718708861 661871021 530708290 582677867
316811365 231872029 198144648 289500042
728177069 650083748 363314652 413953960
901906888 112466183 760892905 842443011
406441519 630612762 562159453 620987197
149419569 329870239 696397220 786862484
300993696 657998050 290380947 309653454
152405130 400235963 883768414 938503030
691254039 241236988 993680625 1000000000
966460274 715515922 227292831 229894030
487389825 674799533 979353250 1000000000
588509186 918338255 546516609 593066899
926979042 55290631 660168182 732584190
989708607 871483607 654385912 752591444
59206730 39512415 998367865 1000000000
470583954 849737042 394779183 401455896
117293205 220027506 709337662 777908138
997598770 39534985 894396267 962420686
731891398 4922591 366597357 413605545
633284390 20095698 158661746 218681029
604791175 707833427 20248238 98998526
272190474 339215504 359286022 436413909
917666 845468095 622766 3055851
878927646 574156405 233571331 292857851
695052931 451329132 988640926 1000000000
221061024 426260258 639148029 700050335
306727231 103700386 65682718 131164756
937035938 7632732 429046159 458610566
26837850 536151512 147587212 191540558
797518952 410335634 452222657 492078855
273387049 977241604 223867599 303732582
758804988 730184696 726826725 727562985
392106380 853577939 784459802 803249200
865238214 385308020 745638230 805023317
992821677 320543965 902335095 979032984
952326443 332680895 454107534 518372566
938178276 259646683 163741086 229490809
294157204 718649715 138515975 216139185
871462392 366415540 776317969 859539039
830214158 628272204 354907494 401364439
959732662 306401017 519097238 586392882
796948307 116212672 241109866 332603720
946447750 925817705 478162273 505530096
198029846 635711256 902904514 981241112
850634421 118479155 70742118 121367751
532128412 402371744 390402699 407356322
204174645 557468285 593317480 603534320
80310688 352290239 365728170 448924991
282833238 720923685 346249791 414636129
46135919 738185118 476206937 558835581
56994626 741168506 740724008 758314558
801646143 6379963 706296808 782524272
44468684 349048051 810499643 895174185
860740961 940980277 945554329 958548730
803936559 660832562 662379367 687354860
864354404 712646460 418556741 457139901
949865869 872665837 446201891 496920406
281341916 680497796 155921740 223440462
112964816 290198038 593976670 670780794
558159817 117871446 575187052 640516413
752389163 871111570 886896411 892167056
379325800 164356196 224438613 267305964
732953306 89109119 809925833 865735525
194622690 739051673 872922 13156977
294161814 447924740 31892636 77652862
823793709 72916782 759074432 817291331
346458310 869836492 796756177 827715117
520761380 580262167 981867043 1000000000
338391351 45449442 760761626 788156673
729565808 630509393 235590078 283740974
643162849 552633377 320300055 371813208
996857606 796023062 998978955 1000000000
670938769 797261397 821833613 848889800
743547477 824070775 648784426 689067404
562890761 829235638 612659325 645147830
261622476 605907081 375861404 405447847
358126275 412743788 18300715 63984423
357200814 196841079 764167081 830367996
363755700 504481691 344035096 344371303
782278743 549479849 914108527 988920104
500134418 203213412 742864653 748732640
560034684 538579158 186768259 223649228
324141704 240110480 602528418 647224742
767266925 46991103 699382073 750107648
621536527 659653081 543207188 625326460
465068294 873059878 925872665 941737321
844937191 74700461 371880316 432160685
665020504 161690973 42416458 82590562
572996202 569870415 998983033 1000000000
298710973 44648960 54735644 153078416
212425187 178519548 262473134 331938352
359843002 755880660 314120698 356373219
795052124 396053492 397029625 456957179
232165836 620694293 88236145 161569811
321090371 228807531 354813983 359968821
505434613 138495821 877227465 938846997
110922751 123659192 266693200 325802489
255455527 84875852 520378114 528559107
700706751 535917341 683668663 687973396
764564707 809180112 321467788 364193525
469389694 504855880 431260384 523802293
820703940 259466353 515388488 573271075
869467657 414701901 61527830 141840227
387286432 636277416 997865413 998978845
758673758 593573611 833398386 853227543
202013414 635092539 150004112 198126120
640637403 935006799 490140928 588234224
578724607 206643339 334710651 339194332
366433520 474507202 600748819 654809838
445908170 119621297 993816805 1000000000
616568334 321889296 218324647 303449912
963965032 583345599 327484638 369682203
6605433 335156644 692209238 772214593
479240543 815953038 906930038 947762838
482279106 578162828 431428853 451566920
434018688 944584046 43303481 80978733
595008185 10118148 617815359 681380622
718752530 614097727 545481656 601288673
751733170 915872587 349142438 435866833
125098715 459728685 146618349 225372562
996267063 725199186 141517311 228481927
608891506 844307523 947676902 1000000000
569354788 929926907 648784086 667044491
992776752 154324056 411174256 450893023
900578191 49958132 206727525 242188199
305374877 919658463 714433148 765091263
320632376 903460692 769259544 819125941
680194956 437698047 196935258 224462298
799066021 683101837 232455646 257682378
715759311 739182840 317027935 327649005
804200694 377636197 150984632 197613164
87775851 215073015 769653708 862389670
510154411 930413566 880282778 883338734
900326393 884558420 414518220 470982217
9031095 614002803 896107120 901558906
708541455 22759765 279327343 329728825
789072931 208894693 891216179 941188096
835088267 780611214 83083181 150889904
62058653 872357772 237780949 241910588
166885047 664108093 312649690 411119409
972530875 254877526 310410311 378310544
567021176 104673385 775111122 838991289
459349701 595215544 550294871 589431086
796091170 948321876 132378991 136262775
56790075 791473398 184278428 228111158
36784332 433036700 491723298 585901638
298350881 911938290 257392305 350948500
968832834 361573642 229648505 232079241
310049689 483614906 242373352 294096411
540602188 870998290 601973530 617979701
211595688 385480234 673196852 768114143
657065227 836933825 327799133 396885493
885762310 994357613 697402055 719992898
216854046 97849364 527148346 611429639
247054649 957784212 921148196 1000000000
472149749 354212745 158783904 172468458
784898275 646799124 192050807 254382804
4398935 537000030 576387174 666711528
846631620 80545059 573699637 629666472
384772999 578045482 622038149 709615964
820260300 362497150 425331602 502255253
486095818 28022876 428414627 522068699
973516951 202902947 574200088 592906413
444543562 172518911 173051474 177588676
279084206 767787185 86838088 90962513
418488978 965138032 213591053 252753573
551651080 927705389 345971065 363768633
935105601 637839226 422707557 433806383
491478935 339200875 219577718 291223628
675664515 8536258 447906738 523261896
249894032 774284690 950201776 964281832
360050051 50758038 805108271 830094446
768594664 591882205 625375333 679832812
521074408 792051793 97559557 105464876
573195589 392643619 813004278 862300090
185325481 928091731 19580724 61848981
844592466 592599480 210428840 242313790
415169054 993369112 383268574 454836102
565804825 77328234 421397365 426013499
977468221 714318336 449265629 476281075
748079879 554483570 554229115 555904173
589071952 837250565 887490791 936551910
36745762 211508335 363661987 388897447
84520645 627691890 134460161 171918381
969906546 460441405 913985959 982931866
544306221 467128829 274373951 282015018
279381995 8922424 944015998 977137105
92730009 480601492 435633646 487074647
603906867 451861909 869306781 960339767
853558996 188665568 168453785 176947754
669139971 155074569 265554831 323680567
239443525 83170973 476228054 565321697
826456062 809528145 75338615 107208619
852608579 252634139 53555244 64713383
524354402 383857358 840527984 909488811
605226154 340540615 165221602 187254824
584458209 859550773 650658453 746175951
806306708 651378239 344602888 383500606
346948772 586094233 802065267 845336582
260514130 270207913 407490437 507321594
262900647 53898543 649218628 704540387
606885724 426525132 832722873 859722362
78894382 25194281 176389479 206093091
163912644 932554659 962710802 1000000000
127440744 755497438 876729904 886675212
601852877 778226357 753705357 778739524
345051977 59628244 532687662 600684287
655222303 947643708 882859812 893215468
397123085 733088301 674860811 723319774
700191368 447743457 645733945 732786782
370280260 937214176 746080489 778802936
673472118 200696254 242115304 275213006
531186114 449194872 616031667 705592341
999683084 520959574 454420209 478616288
838816377 461845899 697883016 770067515
947316292 143415112 232384933 287077668
281674558 442471469 485567963 566623254
492052073 972745657 986377958 1000000000
311611791 597410904 172579111 217735004
998512576 317513047 756687176 792073319
393740975 353506746 457560648 491756618
300042439 585302961 997268157 1000000000
543222711 714946152 667672101 764726745
708747506 94876901 423132336 445054122
396176769 914924172 764154025 860839999
148077361 863134382 816274089 885776661
470447576 833327275 17945913 40808433
531713872 829606895 509173293 519877472
774166765 932783284 682387306 774581626
156309433 168736444 490578070 552476457
104165521 638711273 738051958 755771255
470635978 847045666 286235304 361695473
876606296 510007439 223763793 245124980
785074000 972771822 818415976 905594867
765750877 912500991 509444443 543437781
874387379 49384131 454527706 462187382
117871781 478166926 791522083 806521128
50389470 999310225 766394430 819864256
967632213 71092139 288515785 387940004
891184218 867608318 973454825 1000000000
146927336 574879820 915542609 1000000000
595718404 630215199 774245112 795253607
405928424 475456777 919145677 1000000000
836516382 745730590 77786041 176894713
519211860 697521991 663116375 706755473
26801397 456120870 180593907 195860912
94441712 586366169 118764646 138829768
870736822 675143731 558507972 633111910
649442617 934611104 262627350 304070654
655174296 937735178 913655066 981449470
646770655 763009964 195996412 270731541
782888096 755419579 179725375 235802548
987737284 24004740 707278133 722002399
155181824 674452429 453441609 457008735
971492699 901066894 807817030 834884398
366880966 893287952 672607711 699591401
398851858 908016206 154443673 250626036
745225708 338635650 414457037 472197032
151320311 584081386 581404464 582742314
476389056 655022897 733269923 754693771
102999824 5336302 286273761 369915973
529166501 490699232 337975773 338047137
995058562 360136156 750821801 791850039
867034447 239039582 645351904 658697707
621350087 919998499 659234382 723080492
888106262 175583819 836785691 888886381
96105524 118839758 114348118 143103968
478198833 965386004 876744295 894900810
787651786 182746400 510433387 541552446
497380196 299330566 236556374 268975839
706491965 900416226 273180035 275026043
726056218 596488881 983026896 1000000000
227827751 929341605 524277394 619170945
752940021 360781271 211452966 309801323
919924207 181430852 71888463 163236735
659615881 58124843 33330415 129092839
299436049 820129626 751272441 796166803
624487800 57162068 591133095 645274813
521781345 708584365 398847975 448792010
910216770 468482961 582102694 670004607
532140228 542491220 238816343 298663255
566851975 48348728 686302457 741107283
740321173 744979374 623159975 715064747
684243752 395538060 930746940 966971609
481924087 420773363 253428019 290108128
111163514 442189374 573984674 628641482
963852992 925287548 790932279 859067717
596200331 5494045 612140506 683969067
92092096 80607658 162410310 217540734
997580686 712221772 336668838 435517317
659974723 886284462 485610276 514243143
662780807 424178404 311625047 372061547
146824533 180977585 83441809 154319322
31734985 961744430 120483125 199047658
705461067 134264646 887228327 920920939
398243811 136001000 473901815 508172337
982209607 251501808 320055614 365037426
64149178 954966281 431596644 470149892
978261590 649902998 77104945 140328636
84476598 245756649 739412375 768278220
552525356 406357832 820116316 885045723
355709134 616764281 438018101 488155362
451084442 833489349 240291636 337696804
293686188 695444405 24856588 114034770
247034092 724689134 858977558 893989430
980971837 683652050 623696376 703090868
666463809 745433513 407002547 506706909
802455690 825947557 66254502 165790908
276826365 266058574 985744489 1000000000
275438615 128773778 390988144 471624877
385015808 208527516 609835327 696650516
614311720 527527599 899747256 962586765
176157401 118775565 751393567 827924681
237361166 625454271 365750886 427662371
863725451 563466467 868249815 945263848
325803644 37077930 161809704 249918094
16518287 613925104 576504143 581791413
768623222 92223195 206092424 215971764
610331041 118712252 210205411 273274260
361083316 851314391 718154749 722712064
433260616 515486683 883927430 891006416
286755493 288590756 115549960 167469167
526206847 148329586 773613484 817980794
282165535 461049675 884640251 967159852
416777583 249765177 897606858 902785767
277408274 564080848 78013015 149889338
43521562 92804507 994408087 1000000000
529616268 582128013 702675539 722338014
755307385 202929580 113175538 120366432
811799890 213525904 915964145 916838980
173754432 123461706 837345463 857927499
200018247 448159418 785218050 880811286
914746174 299045500 135070136 205322121
313188758 873820335 455581253 492513854
205331926 543628320 91609888 183181894
677636774 332379916 865866423 946286059
526695055 17949768 545242656 599335498
400110676 259119789 777663748 819627746
941245159 271464767 364519108 461623585
148017679 659731807 250210581 307109981
50018130 37400156 708175784 792597063
388686910 11916203 948082612 999316600
160479345 8567416 53320435 112373107
708670865 876102422 646018414 664164765
986940958 540995106 184219673 265195907
203000065 929330150 927173991 1000000000
566577671 594533691 575336047 636800296
978712013 690669007 398645990 464594059
617499905 150599287 252749708 262408659
423220292 852955865 618750380 632874682
709640747 982590020 555843832 561031531
481494667 922666391 256353549 353876951
710384153 775146200 241168856 324876388
282411989 632537967 396602014 399902682
577683017 771895713 758387140 811193299
948960837 250236998 767368865 848820885
563538035 407292853 594843941 630640092
897115082 154425371 438003048 502379119
220884664 750713955 195140193 281559672
839307676 600644359 736373207 835975608
124341769 757360125 924548154 990615920
690282915 401630239 874163967 972774086
137101833 460476903 504773135 599235722
682741178 897420031 380398544 416023053
948083581 298832133 694214020 755130681
635750029 42906702 169511350 214254878
380697091 387410756 903947817 998250236
648857458 193876560 800020476 807432778
333300932 511457476 153171448 191052185
910698256 472224464 513090518 591621335
909444875 145717055 39135980 52970583
449237505 596170308 514682787 568435894
242295217 961690337 793566108 869327729
395381984 951019504 72635130 102197332
927071914 741193158 166102171 180608098
225677417 863157208 224326247 318017537
213294716 196483693 973218644 1000000000
389566662 114807818 928880093 1000000000
672635591 360979347 987657356 1000000000
843874804 505919804 490742081 506539809
354338200 323134535 589450459 614332258
852852517 970062459 793347129 817565217
347236437 171355594 841709777 870900076
997040131 623581670 991982312 1000000000
995312667 817265201 701201961 755882099
219172590 695041319 235851264 284960519
379577550 313416178 295223053 317439710
822745787 649622803 139912162 154754623
745973527 945208896 979522734 1000000000
525513345 667693023 581467187 670853319
540327111 385595111 271568702 354885402
491024164 508674362 681263677 709738130
908270602 724028810 259991659 269167672
151168720 678367486 290822579 331535022
297093692 142759642 977514789 1000000000
602146708 741782586 196958400 278182531
993665530 846552945 640124760 722080076
418619890 998335853 784878451 799330906
421694601 926813832 42962852 128757587
188788391 806567009 704005677 776963858
614348002 404344217 221913428 292623356
451756091 770231419 285650997 360704004
946440053 418307145 325441351 360836727
789411371 951775504 38456388 105862421
450162208 294125527 924339085 982299129
884949968 33887101 917062793 923750821
177951805 875411275 470863329 545780332
885033505 734543061 595218090 662524009
323925879 988728123 839611683 923200763
361504341 949294290 108800355 183305973
509049093 940424278 39100247 73685089
90510749 278239634 890227149 913480224
357091008 43529465 475194930 486913308
520559306 664790502 103740009 106584516
334870456 127476848 579345088 617408663
555205280 818576330 6733955 94842839
127399066 994445447 788118641 867134666
318240336 862151282 781453616 787856569
689630048 839521335 89697106 148974445
811048755 764724917 981280238 1000000000
891208192 909568295 703588910 794303828
314344211 436772127 876546130 967465823
722244669 319631122 98098479 167423213
366336880 294761271 834608981 931790904
593659260 469090273 727115160 784115371
50575039 816448874 759377029 779495303
561122809 17185776 896929269 978509423
344838601 201762219 329168834 346217028
205070223 380761484 351700041 392833275
480717562 175579908 934827566 973567057
699645777 600215078 40680877 90078926
264314039 182134083 240719342 275588417
189619079 505234793 169654833 262986832
832587349 862890843 978521969 1000000000
681576003 364661968 789177799 845214352
574773638 948972317 549052134 608200539
454012061 337095304 571818753 610451974
242524473 305159775 521858598 551369673
994694835 142284432 819427691 885182365
967698317 613469410 63767802 105813534
595067340 933908339 903234185 952416831
503442852 471137629 971453844 986349821
172074101 110281925 629698558 714807957
93420772 588757871 601222545 606481282
888027354 28804703 504245283 532005049
32051234 113863043 846657662 940189218
569642495 136508616 940357586 985575502
17711241 117483607 189171619 250100872
928666469 185471479 501334115 538380064
595870499 554014872 71101677 107591468
767349943 892680908 797245342 848393879
755129895 909219570 888164571 935727521
485954916 902363048 471386845 565861744
797105959 181657171 354470341 422727498
55025547 977279942 149493557 177554949
148522481 509777037 735247707 823361652
950390421 588712171 133209135 219888161
226747503 613038811 905209495 946662306
104173560 266977262 97929433 182848250
821535458 910402070 480022301 547478849
583620829 40207545 504324518 524996421
192683647 423296784 283091071 325613430
761118712 547542176 687734554 784955070
978764495 302329679 409054308 487025667
371943412 905870132 452006441 476358287
109332266 396481406 306800939 346687632
196939589 470768313 223412113 258910600
863255899 446768859 689540319 707155500
546212578 374638959 308524359 345012822
173605487 9316846 622436215 651537447
664627123 887589911 526477486 601366168
88760435 652690265 302358983 391611363
682089792 678162093 987446893 1000000000
987597246 215844170 9032756 59712284
776047641 926961425 190609074 257170607
781084669 55828205 641208388 732504988
807526390 550967592 11537171 21362092
995191379 773797425 906549353 990235208
63845802 521251925 718428594 720515882
560988150 453831458 743948337 782044646
795769983 219975738 712934573 778321295
527712675 773736212 869250571 895865686
447165563 654502643 60081224 130674243
803660223 546937010 293154081 303239523
824646616 966658590 326560843 367927483
154197798 447392226 556157014 646745113
76821390 497366221 794715872 854985227
959357975 184965709 199087504 270374185
988722737 864161418 406693335 487167443
764881581 639057404 727055942 769857644
75106012 160886413 949728775 972171513
471472708 61615340 910874043 919764622
962958785 942332200 393715610 443793434
133398433 535433279 412481410 426561460
811251696 631696610 588313359 638716299
708898963 619933316 643867940 729337250
420364069 762944399 527784376 604295558
278134550 851584531 532787342 575866950
914898319 109665938 250179689 254805260
848707642 908440835 894533565 908587590
758083981 33372554 163345903 176582082
819798336 194426662 483011678 486175086
530506299 660593043 689023476 755644389
983915075 240385236 93712952 111770399
524631210 780623292 677517057 727628574
542630736 55934800 60049766 84586216
273536523 990509810 487803403 580821207
934198598 763895741 921443690 962007606
440232096 13953545 790217829 793326651
231532291 469577179 193384092 231217349
405588799 982943531 438549807 462415499
91142690 821212969 558954855 609741882
275423382 865283040 19230871 97108389
160453414 920748124 738493528 775922210
745143271 334723029 709206333 765334657
527308241 559703274 403626637 485632033
419669865 41410147 668989180 694404489
67814224 859793532 548462522 556309779
919712108 162221734 945044045 1000000000
865868082 598324010 525129333 604670941
808205185 410065581 435644932 441177986
212072112 779225971 164018326 228330839
956415386 38335530 378204300 454043720
688106297 110604022 524353282 575356329
552256787 341040727 973125457 1000000000
557408911 117459496 155095612 178932433
308649046 726642096 393824675 482990775
982140769 931469293 740698447 832514022
988162108 962729053 793168812 816226215
62374067 390879430 94238892 104573606
708986285 586039555 308983310 373932569
587408346 49222567 205144186 271340137
696637945 293744042 624681586 700504941
417234213 407762677 943983311 1000000000
535625099 640426063 854522362 879636664
618364152 189278017 641987455 649058896
983586380 344958301 44844748 47098051
289056861 794312810 762918810 768967703
277917909 65181999 79002173 96299010
389128299 34345195 752516143 787609804
959222946 638980589 922945116 959278231
487931368 520668483 290393988 317825455
688465977 511047192 453886805 495709120
351971375 741807344 340810384 351646202
767320328 30274079 763365377 829104622
214135376 487021896 290503171 307156315
985944673 951035999 728516472 733783101
386060843 775107561 380226598 380833566
564844732 835146964 296297692 323807234
11864653 445310813 355629140 394606752
803510497 360877551 316378064 358817845
100894509 457865036 576487122 605547946
952491455 249009908 477792984 503912590
364493432 901801199 85734928 88999163
179257411 675080314 489147986 523242922
61890152 673910615 940309291 957130976
353587787 75845723 47717126 136741988
543142074 968935281 89743216 93622633
889640884 78325256 768120826 867415607
890357590 645451793 85443253 158094597
546799505 369581969 508618167 578195193
859284312 575776362 868416076 892668250
709732563 690847345 898332899 967544133
601065289 323488349 644175060 723816757
110505028 574208655 56380400 153180007
437324642 576010151 763720534 771207272
585120080 334857826 348029426 404480811
899672627 554954868 536639860 616532909
55506581 201399010 351549018 378858842
88376498 527355431 188020343 217343283
56412718 711621380 215992214 293314922
750582743 472600422 513314974 604439085
456187764 137753416 553832544 644027263
273618688 887065072 897623708 986432923
640038697 70107945 747883360 787401127
80915615 783795559 893749216 926178309
470565926 54342974 6418744 70647117
493031018 545330261 469781288 477355226
252953965 344708012 821318615 863202388
933022133 373485766 613294089 649165096
560346009 752715271 883770229 960122709
349873356 613291492 532028258 588498839
354272017 18434353 93658474 154841722
976772706 390683037 377587208 386188564
85858279 312627178 779000272 808409473
102461941 549214049 762197507 828182537
392882228 443103893 697081168 777649112
995324820 959198610 687801371 769305951
80895273 299274423 474751337 543182883
486597709 849843410 844710054 924339922
132632662 699387244 894939906 959480505
945673361 372207831 34513071 84290284
74310183 29993241 341670509 380194013
334250401 441117334 648565958 685448660
296475088 873091896 975261104 1000000000
97191336 541262136 582543937 639561074
856013317 419028987 320951347 366284171
284197012 97115886 732449327 818282917
597842967 375658204 82077113 143178899
577663630 119120063 703379570 720617706
54033348 537565042 167828672 225362898
979481619 904555789 425312785 486902175
520843671 508139344 213089120 261866012
672384285 959711767 856610587 880553530
352894612 562241454 86863381 103328108
46510654 796647279 718700432 807547550
540883236 464193826 458822976 513047468
356512062 91266265 946061759 973592929
662856766 261069439 332985420 374897306
179162986 40119362 576148111 662545333
905162364 139361824 26002392 31135648
167213197 697496495 240228912 324433411
874791855 997803218 924299684 978395058
989723395 350997420 18142 53159445
194159729 1948980 144286127 157269493
677707392 981808081 784396096 792556427
616944407 884105032 744448678 776108501
237785041 211462449 892354931 985982311
244719016 539073254 734745130 811305280
768347362 967092777 692711321 722765223
775586211 650026376 636174172 714288375
648759832 561262552 865997376 882277001
397402576 650906262 467859832 555060594
584167920 931331921 563331678 634758143
96389141 421916334 145330938 232945321
4677318 499869513 598568522 600662594
355012078 465438932 231836052 295922994
193438184 96202508 387022993 407373696
513390925 401356211 449305655 544526004
308876732 963055998 23821811 113665888
647264126 837749117 959138695 1000000000
821947428 156121215 698376020 706879384
109618114 523938624 458166627 537305906
58646675 184142095 917701233 981051631
151481338 594028550 293924073 309720368
532786933 853017891 809929435 818397295
519129534 636930081 869329216 916814588
425810132 6560333 842434009 843114463
836475346 409694035 173205038 188494190
218798058 864104255 541647355 629065420
654822776 689812639 943312604 999183650
968654467 963341990 928499727 1000000000
214947199 316267410 306558127 385134953
357425354 397076770 719047690 726723554
454944484 766715435 388673045 415960046
670861076 153652078 708958844 724857869
75013609 665288717 839998896 934968231
648855175 837362944 343434520 393079499
323734646 344758572 331291142 331993345
211912945 942397629 521406846 592383397
412640553 321294845 419923671 442601576
834942415 727903987 82807278 165090789
234464500 135920994 821496894 908986637
622645956 256948903 416591466 442401346
948853827 944726068 100120558 163815276
557763761 933941783 719381879 746388924
942762888 320972311 658299771 707038743
42551272 534265573 104372412 122784190
407726856 318963205 666409444 691690104
537802003 889324634 196979003 287404788
673860923 146600780 14778387 78643427
343436885 608138346 823275298 856252303
160173729 126222696 931610526 976930075
571838769 193870677 490936050 544242691
495639249 979812213 601176605 631358552
635476620 584349400 860676361 935747677
410001071 803146343 86779582 168640559
431574113 787644067 742573722 779929170
900223272 90613414 393897950 484902546
489880521 488275587 562410323 584667560
98320504 504251897 889580944 919099989
66934479 800114921 832948612 888495113
879778800 365039866 108909446 150522502
274430885 792865877 803071240 894399720
80823183 290746559 309286812 385628955
87464889 504403049 480164760 503230287
526932267 482516543 12754116 13638765
921666850 571143565 637186894 723843246
896045922 358627349 68483386 129759953
576933681 380971940 507089519 542066576
319887587 257808718 725035319 758446731
401315702 798016750 259613693 350020938
629676745 117197980 727135094 727970035
694594652 861385692 100334486 143765976
397576760 976890537 927133952 1000000000
718731037 355230006 633376969 633603177
5521731 43669339 744821656 776893930
366836975 702892237 463538462 550712687
561001511 528453467 491596982 547967053
164899915 555888427 305168196 357728965
743941465 953886996 733581499 770593147
612379340 910145693 890735897 926746259
33166464 916735784 891879067 923128332
246040848 389015834 738548363 766817737
519883167 367778594 965696375 1000000000
437383318 428816814 460404626 470330800
426250728 585637063 466951720 546228990
887088976 184583660 308036254 310251750
594071112 118360339 298094887 316093799
252603282 888908946 730239431 744567571
841514451 864294113 516164004 592268233
359635890 481592886 557770033 621205544
160134508 725677979 946577230 1000000000
737948294 402719274 745515175 824095436
624175523 344546349 141538297 225759771
591681515 169635047 845828891 872830750
579972601 372376282 896981027 966639423
82547884 518829417 879288705 910552650
949720324 795372130 885498860 906806847
487432181 457697638 384052141 416088786
306107537 409289363 5285473 16885259
457671764 5932477 763061269 770889638
558049475 694934043 467632078 522463014
786320893 142096242 979859735 1000000000
125306971 633538564 367664759 442446129
379239669 311682648 988464734 1000000000
430910963 977378293 62700843 70450016
502901505 140292996 196624173 232809617
854444118 560144767 699431861 792836661
980665003 956370818 585382536 661936190
64556674 822281148 147704585 191801724
418738338 560480302 205005498 274020386
756695514 114135742 388496771 486541310
138299968 986757393 210156250 281861815
782550194 887901603 335811304 407909571
981601216 691733445 943498000 948638882
208559155 543096659 589560713 675877634
423646184 689088804 957976596 1000000000
109801369 818249493 869137843 934314176
651519099 859603197 926171065 989179578
895658885 625437673 401039038 484949071
768758933 801878141 552851864 567354771
191519442 907314351 203715693 292595459
854645573 893783781 102976854 141944810
651452296 598473684 468042690 495757177
425024656 69048154 300186388 325155602
875641605 540114643 126303537 191900740
424514366 706410250 591140221 658215205
882028663 751305562 919729688 967476716
873004113 288737771 596108480 666322058
21394881 783115394 798901347 802113151
634109694 910862270 693430895 745003465
795198059 277088648 243608996 260246353
374396810 717094540 92096076 127041833
963465771 874751034 465057086 480517532
462208260 282068019 337964221 422026449
507198559 967422580 949483018 1000000000
193698814 391204543 180922122 195918985
432825665 367623730 829693170 899669287
947965478 866324055 58988660 150533369
70491608 552225891 281758593 291398728
432684984 511587597 326952096 379393001
389645313 459042238 420556833 421483468
929340958 826861600 183170448 230023237
255664927 845071601 395842011 451604646
165957191 945051751 746395227 829229354
943738812 537532647 159823662 190545670
413591102 600249190 891394154 896677478
227396313 243239816 553307456 601350957
713696242 525449512 629423521 632459931
249429329 134519604 936280275 969163198
599118077 41703642 791557512 794891200
69635855 573012640 667551527 749524097
5021982 172551809 467246825 490312347
826805808 16796889 538836986 617987109
204079622 730049723 209395425 250004515
960929558 733796671 968565646 1000000000
786927377 480938335 447585736 471710826
270132063 80625754 310983000 351695660
451083997 854246417 529374144 563801924
857252014 478801840 8916460 62891966
651522277 73708385 955360398 1000000000
123559789 859595364 95634061 131647322
742379924 370208255 231559128 283940744
171554987 629662220 398206991 436256739
241550850 324934161 249853519 269954679
884437530 569166579 491488156 535870698
659054239 724111209 980068219 1000000000
147685925 998193091 547009041 622159737
483334462 540534985 929685207 950277077
565718126 217191944 829446758 855310044
125428272 598890725 886037739 903170645
968678791 852269205 598968411 631207081
731823254 447634019 492185801 558009644
962131800 274913740 613717357 616311241
503692550 708011451 934888403 1000000000
682434159 16912454 469470015 538099907
979698553 70832869 896551292 920815537
720577322 814863961 548911726 611785278
920145206 727925723 115247575 170703380
139852999 560032044 974368564 1000000000
832611827 162488268 995538102 1000000000
831226144 525131360 343685060 387484003
837045521 846089449 908903418 973989801
819120937 36256357 72826392 104956819
569450133 337224188 88656695 175658977
370339464 398238066 891543042 926587495
638651700 361941501 244190685 263458706
275959374 803509128 720525690 777106054
48200986 65383543 328412673 376557931
113488012 566490076 849299283 860038298
779839149 376823026 964389500 1000000000
143502050 255620182 35243462 50849822
451444686 404436243 531879166 571477620
98666071 148853951 394577854 461314566
681234164 744792890 973190485 1000000000
74060098 366141337 857252002 929643098
895515590 171936442 942992123 954812681
11302569 600616025 175820534 253852628
172441473 515141333 440811296 450999781
632236286 264999490 854761114 927441877
162604568 162022962 604436589 623278417
817613274 353855538 796009034 848183366
648714206 238288093 24809547 43230699
758595926 370308375 257680265 344857758
968386237 177214285 189504466 279333464
992274429 535873180 400573109 456600243
408438614 964561496 690461404 788105613
725904678 83482635 728373425 827977858
818410078 853125155 147402438 153886776
665213744 170491439 844138162 927392140
880057992 804906372 128653692 168131436
783103975 68776578 846373582 856992568
541779483 614337873 203839886 239635661
409413537 458681795 409840939 507267725
270206695 151387684 363834813 371331764
639880082 48800719 660435483 661390602
116468661 997464983 21269659 47231545
694943224 843637527 978687710 1000000000
109244726 43480592 48336869 116873268
65338406 249006882 184354417 241541574
864402523 652025822 634479464 720060289
966201152 264247509 543548166 573101201
684519474 298645913 378849663 386564519
802304386 496875465 983652613 1000000000
47756325 537237008 160283880 192313161
682642863 583145183 551312705 626114617
641577284 338150358 58701632 152634578
311749391 247206919 902327990 935310243
828585585 433457278 225436494 301607177
283347513 265556479 242045982 326045406
58760440 875583608 469638401 495666437
180993463 675648640 343724764 426924637
713878953 111681696 239590521 250450151
363036079 879953149 756820858 785283159
92377523 46075187 306311580 392320415
66141724 689142091 894275924 974942074
404013710 285147062 274165307 343296931
595507653 201332196 411401108 481467916
353145673 964466079 926630913 991850701
14634495 146524501 710865101 806627554
413432022 894409405 92117190 186309484
591023222 618911056 66546840 87449804
322284862 284246836 390479672 395251139
968803746 912253731 35585017 126525885
792337151 36097590 312288567 399029541
66221687 743208033 443620717 471128977
972048501 14870087 935243232 1000000000
875586384 748925005 816319376 883672004
709998281 785330168 994949647 1000000000
210055391 454323063 951467056 1000000000
231851289 330863202 797482936 840417984
936206810 752959491 740881160 767355889
556741161 527100427 760260790 790868469
578905075 311361387 335920520 378985418
905296017 497138948 911896037 942822057
848830853 597317677 832603893 868358218
629907634 5757593 414249979 481034281
856533464 131681039 550101194 636942102
377628237 882413434 605517272 632789843
227961717 77745877 904897511 906649565
463605823 805031025 365477160 378886640
496717237 264361145 950319124 1000000000
373295797 381543695 918292122 919440262
137973106 847013980 499779684 587995088
378413622 838221165 167617214 221019797
765135135 282830234 531720708 537160846
252943960 817744078 625121067 705477365
358834604 985155140 727066362 781771618
158767222 593864009 679564494 730035187
790715011 115488251 615412089 675421898
157673054 448750398 70376558 137116769
982264748 575784677 447391623 533330530
111769843 187402083 598689169 604123282
741348617 728505866 958401964 994315607
682458926 255304927 451155414 472302933
976152132 919942485 880741281 886288411
265213263 852894997 838015389 916221680
171363710 877853377 714491104 769775785
996860183 669590524 585229970 657964966
457025601 204578455 176748655 220286377
300122380 419298430 345955689 347395045
615789444 481057936 928235433 946705067
200238767 844974692 621027900 707477377
393025484 784462487 87491254 164235623
580676849 543252046 63585751 125725580
914097308 110027396 663388442 754958041
883801529 90012163 853405061 946170522
291634444 216916733 352299554 364522642
108145780 154377696 914596983 937845217
944800909 225071805 626770045 668822530
845890538 826886411 862388368 916762395
250539351 465511306 207677550 297839524
12718205 403259698 174377718 201014952
767992143 134301523 769271796 779245310
192436320 179279580 491748804 548267353
669366169 520100182 655520428 674432831
316058523 690738496 209630545 252744345
641514820 515958327 83387154 156308165
666848016 196723360 977898986 1000000000
541529091 977607322 325547715 366101903
920299855 399639735 715737205 755802111
251140886 235334590 86876036 114666913
829784180 94534898 868016181 960666900
596730154 584643169 200719112 291353421
970146394 698659304 506355601 579327845
675365402 12103424 468595848 497615004
27849565 279435583 830834229 898643545
295141496 986420966 930824829 1000000000
560069470 611624939 28327407 94755967
555615763 652325346 717071034 738888217
561634600 162367975 483886568 517595067
864188011 588514811 800443448 817947976
711616109 723896369 210332064 263236511
692733057 249403490 366284819 444537074
9098164 58980704 914720016 937049198
336273144 649791856 130254261 229594176
812659722 283238755 583482582 618830935
574194681 683134886 955399458 994781672
133215734 70519346 536857812 583864110
780494240 186661762 226581554 242978435
732329519 777808499 304522699 380193134
568932626 743934605 687579383 726811960
819298556 451434448 701366320 728805885
923791946 317588182 907059638 948921051
102240213 555775385 869106660 886247053
304826894 955388944 965641065 973907412
406490948 141234272 290132037 374382747
314939434 447831543 896668076 913723123
673020384 922929760 767334322 785579836
185862565 950298188 626111283 656960492
615506724 207910593 874855872 952353471
45524686 683033004 434103534 481932524
742444889 695263086 490494208 545983964
55713884 666845993 509169419 553103570
690804989 146108699 422001858 442821548
946169821 944038179 762693371 810346774
717067121 880034993 480588047 556939424
297348523 527504942 728771291 767969201
967120925 368941407 797852671 811055499
968202666 958443347 616283409 688444690
390533574 997846769 141719366 172364562
229449991 969980523 478136803 530750567
977716611 848009795 822548083 918178850
991892200 609500174 863720647 864384257
321798594 397300433 134967275 170460383
636660861 561104948 280710460 369868315
16032942 693461368 689059641 773085332
549063091 558026067 290227417 352298758
121149708 779477892 210875182 265095916
50988304 110952403 389894642 432530589
791610312 796195789 212545823 244535143
202040615 485441193 14595325 52223326
694331550 677722337 799440968 823336432
329030053 94290527 253031116 288005330
489338394 199829777 142740124 240993626
472842747 334940582 149560510 163114575
179580761 151824765 946170128 972471584
923787512 73055840 936725498 975886591
929348324 654977264 922987197 980085529
804504246 709819099 138397439 211606973
893309362 860950355 389567556 412207740
205142128 269904055 421000545 495778379
162566744 696394639 514015850 591634923
299859023 718421306 938329405 962514769
928172949 60914572 18063571 92685852
795839391 12955297 455325125 470047780
968835134 761623026 1751294 91005438
120241415 684152149 126477758 182220893
531505369 25719853 393261774 474384885
438139240 838918724 44728652 128686284
950941933 80935477 977514182 1000000000
555799193 658537611 171984708 237352859
717624672 455216548 953822589 956900934
758812366 333737496 945703024 981709572
401131224 617835323 169700260 237525924
728293962 716897237 643411790 679743361
541293637 501968399 100987336 108517965
885127790 295721866 654410629 659244838
489553298 879404261 637538204 648740951
566670632 384893359 658073742 747422491
249416602 910204991 722615821 733674957
461606803 818449125 856148760 945369524
568610150 956985469 743936391 760643464
828128565 758215078 419160231 479652598
549922411 341261164 397933831 436046946
188125667 510157302 652550598 732943827
466997071 642920440 113954707 213227189
21016365 357634864 979140093 1000000000
447748606 434244807 519451552 540253745
