292 1728
456043342 420191226 443852761 524637903
982300331 410162542 87649378 96211038
42995695 488573925 705097301 740700083
815877445 451117048 798173793 837378292
333556400 79782662 756074643 782225650
921417209 133499683 362191449 399443837
760064315 297599818 887551294 925400961
817153997 2282183 410014902 505906239
767269602 834840147 636710609 666958915
363384195 19152260 513669246 557737214
308832292 740141128 674674883 691012978
481315888 15186641 396606817 396757855
50373084 241406615 514594043 573281885
881172639 129177564 763043520 766841820
24404893 514362943 163763649 206261742
269145687 303715677 434886256 463611164
571168224 596924061 979746343 1000000000
157232443 446133872 404808152 475196439
964803185 787026855 404149627 411548958
946954860 446831966 339817835 437503049
654863508 810285138 528595327 536228885
408142217 593104524 129737973 157764228
458622943 866402088 899379216 920466979
836174408 112076812 634528810 721241207
56287791 641607338 767359978 847462948
27454211 333287424 785847710 826523252
832807215 345950675 743415367 763226227
251884129 699308721 322428739 378894161
433588012 642459045 299483964 397051395
749182844 467433046 155277360 244558002
759943660 553174234 833710453 893091847
428116516 667923061 826299801 841821556
721455695 73840707 941960424 1000000000
998734880 105062358 175619369 234870105
397644213 958202091 994298260 1000000000
413692547 978286343 504109835 594861512
116172014 747194301 11069776 93370173
518960522 661933278 225767381 295102903
869458588 764044619 950580197 956170438
729117044 950195674 336689854 373337694
21316851 974030332 899899352 985859290
38259982 112071290 196101013 274639402
58221596 481622883 163028512 245886753
850544483 709360847 232604482 252203722
363702246 162557424 284173955 290958544
444170764 247462019 683709189 697234022
822634816 696120768 330927232 429150699
679048731 989893359 770108048 868823494
436822837 797412608 400196621 490104613
961601416 307041456 297440902 307373129
88100861 781937695 667386233 694742388
125579833 642303139 111135279 170830893
774960913 665816879 976141917 1000000000
995988074 97260377 69981479 127181088
816139970 30037185 487797462 526309631
136656614 927803713 537081922 548283460
647725738 173429167 939519974 965535683
677127977 482964725 958027451 992435444
609372338 680766678 264724469 290062570
452062353 504565598 365286211 370240002
387147044 855803286 736901671 822404595
504330911 70142901 24954845 71298664
905881131 114088024 363922592 447178627
110133680 843400782 749285597 801915982
283639712 322258084 447669989 513754683
273700032 139486137 887322622 975287855
573309049 685666678 220572691 240229640
388150494 371692842 7053287 38932063
906469134 904660692 780954705 829655393
645643305 245181346 351460038 436959730
243717830 946605044 216415350 260886957
532584315 824070125 297978134 314468651
255947166 589333198 797819216 839765959
159963663 718459608 36290640 107720570
857765786 840982242 576927678 581984740
803687519 232842575 508395733 560567893
308382385 244357936 534521955 599410949
870281429 161448908 591400448 689564381
247082670 752505218 196708126 207054352
623612875 753083914 290212458 324239090
817207186 616240520 481127901 484200771
629305299 104897346 234465897 310543090
363369726 345140590 984768882 1000000000
814030352 468725102 544698408 614361562
899912817 560328077 489953771 517412561
677340647 850698213 918190316 982726399
507153894 132745089 320776009 417865752
869693698 850126750 79815020 114157467
343460857 763897269 313522643 371068005
271092292 416391313 346084587 384276525
342961787 948204763 911877382 956860230
323589347 256621669 454717124 505417623
473415907 553662809 790727068 800376935
26749730 973406506 696866540 737450524
490693669 251512112 52860970 96482528
666523313 181080597 654015105 683256815
584830474 429524850 337743092 420442328
685911109 163350029 664239097 678476203
302598704 244310497 742615598 781780227
902497680 835785278 673253506 714899634
967571077 718861809 513652064 585644990
56664641 704053748 911466461 918945364
525686520 81329534 862845884 883290151
162739756 29507344 178017991 189357161
888613086 632373348 563831860 616054330
440187863 369541519 406756009 476364943
110470570 433806392 92758790 166696441
339040981 909873830 138509467 157269342
518428799 148262729 587257527 679408606
886380214 172405974 465386337 540217763
788707447 104802835 813935843 903338950
790424811 358374649 311087879 345621883
377362442 624097600 887232591 910844718
105771759 680839853 278166926 353782320
207484328 500003208 327221632 343577907
429115657 357109176 744075143 809648992
889349393 538572479 952973640 1000000000
957472325 815620347 146974116 239045330
939682114 26257336 279627587 352554684
39865193 881135902 289156909 292405859
941240183 975186316 813389767 851899352
842848849 252738867 420275376 474205499
175960875 138568025 671554977 698704440
591740915 950959996 190861979 281011460
94225826 611121971 783577383 867790191
561693949 974471357 690013159 762757892
454863260 8599258 439184044 532781541
19967643 657460409 329894048 372253330
536894830 573710265 266223585 292637937
227373066 321710357 523185911 591022137
925726788 857846576 119783639 201038849
778157747 484233937 73230671 116907771
428073181 94430253 970464316 1000000000
780618648 235537059 345306717 394519967
818602986 712506395 38725982 64255247
419846223 158571785 818431653 842775265
6648043 168329629 358142415 445187973
525319586 412378309 244563654 293820425
482275426 604539839 899784331 930998624
545000525 805602248 342908177 397395435
15063758 569160771 752508501 798756206
815844127 245841025 105600440 156565672
494937771 909136785 753174502 763937004
928859509 388248251 960589248 1000000000
891832096 306119551 324890703 400664905
481744023 888367813 754309196 834255778
147811664 714994399 956695451 1000000000
37855424 612999100 464841885 492977077
630213757 78093840 134278684 180011561
864335413 10531141 916599914 982821347
231454676 621051246 63918272 71742616
70987654 710588281 116047386 158184452
370486052 128898998 433909954 437737997
604719647 200463736 7528057 77516673
545645248 971807495 106930051 131494421
483925300 419113455 490626861 589814486
399356848 51822346 777695529 873600847
199791610 120823076 324488891 338360536
335634239 825176042 354323907 429815927
268885300 776679862 737838160 767519095
31708695 458339975 446198945 545345975
187765234 932010055 237656652 261729519
611437374 432542328 566259780 624001847
462239796 252367088 296068662 355790279
76218553 836889668 878229754 962316697
444891430 677660489 403793843 439583131
711301863 545225756 902176905 991575520
79106129 112916444 480946671 562017643
665987638 931995778 625494059 664193576
883978909 397992611 205764533 284606957
487696861 747202958 929884960 1000000000
358043999 609312520 905783841 923073116
576043133 766115983 665643029 761911008
762246455 999077522 249106732 287669254
344370691 215163728 688083998 771273269
359456768 816111274 7438492 42436169
998425686 849957955 156389846 230328471
761513485 869686883 580435612 628852716
797423650 134341953 558049463 651380154
68675808 659249805 862308724 890265306
155009094 802241483 908820065 999609904
564203975 946161145 109744255 152837188
718122494 747371062 92750551 153693906
635557275 875329609 110223747 178447260
268014099 58940024 858364234 910149860
985955755 529134047 84641360 163699538
73633188 795167045 520135743 541975503
692516666 221383533 842574414 866196448
240081343 715267982 81394515 172099731
354046904 23965485 891963602 903644202
74785923 28068886 734173077 739387785
943642344 810101211 724818065 730051037
891684104 398405948 612972822 616045670
503900410 209899250 239672890 293512992
189848184 212674109 441899538 460622330
746161504 608533318 569384023 658564507
82715180 110579599 600743115 633993672
97832811 95054735 513616940 584896268
141934993 635916224 646151433 682449150
243942849 30426787 843150334 925254404
26999395 934266747 749476545 824401690
43885352 224773888 413299993 463760624
558456776 95127268 346824400 354178166
306653973 117431315 944069957 966899197
825059025 570354414 332025594 404009400
935403300 867863063 447808694 494021059
258369646 420145327 253565533 340585539
180629397 758997922 613665400 620686070
543293850 376440158 25426594 109100316
159530712 772871069 388137594 441959479
506599201 483937475 789275844 801975583
922732346 421900077 174707616 182939526
171790438 119437738 887716909 899349505
700969900 125878330 638640322 688746511
173420895 331405644 678321709 765706241
252597742 504022425 863771989 887316646
377924355 207068592 840986524 877643913
525521534 215257814 703331967 799986951
9282633 40818074 713227331 723258751
831369731 591533606 700025710 773333772
423763320 42543463 244385673 252660780
443220969 168065906 426958026 430321230
788980905 512647089 200199919 247673752
109775026 153929326 91341461 98746108
62065964 117586874 22258312 92190161
844170067 475758192 314172749 325270731
305706342 980049733 504405606 573838942
245513992 598729238 799634006 813650610
859642522 373952757 146101706 244336303
333017055 386348989 918672020 973002899
20178949 46251824 899098777 964398079
905205089 169618774 841597836 880860542
415314992 845491603 936377267 981930126
440849408 655911543 553739841 642629986
506012582 518342330 479880364 541211702
30883459 391274668 866022758 873851651
469648001 97575260 130643624 207132903
534246086 871763031 223923510 224447040
938254446 370680683 690880352 770454964
214633494 684482101 971324121 1000000000
639989621 823494193 824653667 852664871
533369886 46857833 291304452 378532735
365354994 408821467 684823299 723722353
565147843 364282638 190666686 220801066
963750996 200901404 365344142 394061172
344428341 357743868 551209964 636398061
88546671 458657950 143136907 208648191
449605967 10882276 954438969 1000000000
570383275 707769787 546576743 588755423
771062553 551811555 50987426 63872594
702498560 956248779 261051192 275891664
909216326 123708222 485997063 526443321
651738090 482073221 467680896 493132277
398278241 774918333 120406623 126700971
391667674 195472445 695816304 736231130
799651559 55753566 86399306 115944258
997969656 161142023 710597890 803455925
243668542 809898684 423713424 456109662
349326066 205361183 390823612 426880603
72345448 857725556 766623308 785250985
612355072 96854287 725293491 791316769
889594844 548030348 547615633 598196722
43050373 687430149 147007278 226011781
159891220 211021599 423941916 506340551
413188551 295223768 780124583 827521382
490225314 923468487 199066637 215793124
923861199 458178505 905791260 941135863
590588223 518875995 469879661 529275602
30566923 966453081 829020539 904140758
241092887 206351469 896445425 949957531
45456855 29642548 356717725 391222267
206504769 546201932 455586036 528071232
30226001 499098134 503308458 551756980
19904542 800509325 608897678 693323588
663920640 379437028 617096688 702791248
269612150 355373656 8020794 36314899
827072559 820000897 909342508 932153205
484198532 433634553 523121818 588891867
661870898 139328656 994201328 1000000000
968590804 427960975 155638653 253094125
382727295 736889596 954466661 992872365
965125452 132438664 730425781 755687441
645727847 922745265 583352804 649588239
770628790 136581722 765905497 852040663
706241418 923785494 903608031 954784977
913657206 202413035 877155166 942406986
790635338 681186992 846334696 922469136
730923400 929444378 505369 47684845
347853276 358862812 287697769 357859397
915736342 433816992 451680871 502177026
807196825 856739756 464290763 527819552
427159302 261770743 459178932 475856740
579702702 717510743 28771097 85892532
586884317 509328973 884141333 907832209
736834269 493514317 707380200 720000758
533810582 787216755 173486269 214950995
938980625 654103206 929948067 983844730
250110036 968965016 68516891 95211222
417082584 653020872 979008217 996348655
920241569 929879645 923942078 989062201
76448021 462367381 274542822 332876016
647280885 110024387 732787450 734698690
898447090 280523490 497728844 590026885
980458773 973727301 217460701 259899660
842815209 675831763 454724223 544045718
80494906 458847859 924139322 974398495
733874370 747930456 988455796 1000000000
902541225 610066949 422611042 473509835
874999990 58045870 891459996 943226501
915371565 958090326 47726685 144728738
550882694 589510319 201343137 261234503
588392212 850881977 233753481 290588654
303399820 793043107 264841139 289147029
606170784 22515007 950099380 997260700
955546951 159818624 320251924 351101331
935845238 764044725 619812743 709088697
499740726 576083641 229988506 289717686
758646772 652286802 140478807 213148181
304071350 67101422 2735370 14109661
177877478 57531569 355653008 392501542
597239477 71588401 470290674 526595666
338976546 62804545 648666617 706006105
296886759 373515284 260042000 282060548
269513086 441845392 237710691 254450401
994851510 902546402 318883378 415129482
103098098 124330152 623834158 684352672
635779691 675005441 348536867 422239958
769014635 628130218 89377837 117217134
143837755 315416225 600447951 649966277
781415143 958823290 114091411 198441212
551207383 682213565 176136114 267662523
69540523 762400536 217982198 244354997
776564343 798678351 496198261 580394396
505351187 650711215 231603420 279816905
365874734 483269368 240346897 338612787
668771098 221504936 111623874 175066971
716093506 203026703 528796115 588652743
259159168 423930461 126353797 165402947
397207927 519346192 993521710 1000000000
46135525 417114103 84081895 179797784
933564352 172664173 756560487 765126452
745664861 955795955 514023704 523568720
306851928 963872370 66768375 72941509
273461154 531972433 220293202 234831254
486360671 418494321 620503224 664753719
948576647 881384143 401613736 484867931
598671855 263424647 597221341 598705571
732893353 387355211 430129463 468336366
518847603 369382860 881260382 958427876
824425300 839079906 516947422 569041720
192550802 46951812 531021940 551949400
720100009 794014799 550708141 599654560
173184953 24799426 450638848 502828274
40364715 743165318 653830099 681303328
327544218 19708242 208204234 240637014
248402699 709083511 623502170 640168181
410728788 144023736 109645661 148445136
498922835 710399093 333499630 406579963
76750006 859489668 291137516 339019906
176305894 17817266 829334495 916049974
237335760 660631151 844122543 871908885
480873037 139485313 379001550 478000668
7692784 419459023 359584977 425598457
534142093 625891661 416681697 443818452
63092902 347600026 435614541 443072237
356593162 604376794 722067451 744425112
999416448 834742255 282002549 360501245
562328481 859739267 653162919 716106271
360488937 42158927 419481137 490876518
284907981 700986042 674922593 721277298
512096665 595007431 376744901 393710656
159105494 661176362 888604633 936099194
838671644 98473978 14892841 45525016
861501765 411694589 535473559 583083119
130291614 25684166 876575283 976322317
344862259 810131779 586899728 685942395
609614462 561313162 990849306 1000000000
853300469 695504436 100689111 142297155
196921799 81981225 318153925 337520252
79122868 725031296 285213079 334192280
467693220 182527386 341696284 425490379
499248166 909661183 619478518 699233732
530505313 485646713 60054949 71211510
29446728 905128641 409288932 432824299
755999870 833523416 475858070 533315421
471291967 301661092 406966316 461968453
788416779 906125894 687627113 713497405
149337318 556698924 421723398 448237293
431953765 305271532 269825376 330386883
533242810 501581857 613158210 664490744
184111634 877612871 782898662 824663609
6764110 220371473 400031724 401167432
517755558 22153977 479542570 499714360
541189801 75798837 647789679 705672372
50131251 777501092 657449218 732759099
204341981 887550004 588133010 679894411
456432489 36932288 380166861 404446808
795805735 172242448 427728881 497759151
522438517 438422570 218137507 282698575
327305367 36044613 696233181 727089387
58612038 139922134 315913832 371918942
931071599 667420445 695061563 750436491
601856814 335831752 26699158 67705089
120982364 440543219 451242782 508813240
756553012 286382433 991718087 1000000000
784103751 73380054 606851016 690351696
400038688 858513070 121778621 175380477
103725495 865625776 948327180 1000000000
292504291 761932214 837005749 850149468
644464733 566306328 593387096 679131140
265602813 137817702 557132400 624514172
241031816 451749650 158840735 199658939
198209691 258396914 460092074 474704327
90982217 758341394 548574257 646839050
626200676 996915366 894763940 931449877
22177278 50411415 953537379 974772223
848349675 504309642 819991458 908053651
277404342 438748112 142019756 188589960
190769090 568723601 389021780 487327655
275821403 969745169 595489671 624782214
746698060 588169392 955359664 960611243
400399823 47039447 960874049 981962478
329995857 42877697 674786474 690585199
228714218 186825924 842906823 851725553
224345027 235024283 826488824 826930574
692129631 125488592 100412156 129392266
685684944 386200443 889309512 896730503
683893121 360621825 709641808 787009551
770514514 449645945 38291572 110062087
996750505 774578107 591941700 655986419
25085477 159472372 856597869 905555268
906279286 657641198 631291434 683972085
172626727 924321104 274407573 312909890
763638194 641955891 646826511 710891715
825225131 372090420 438485774 488315882
931820165 172302495 780282886 845346971
555299995 301903265 107804129 133958980
235242444 824578919 323993161 363158377
172506053 530429199 409405298 477780116
107961573 558391940 754637936 839410811
942016761 315753204 311644311 389872827
230378010 759432482 361653754 393198612
911098585 478222880 380933592 433156706
353674260 916978619 354293868 356717390
10304843 753171532 442756035 490803610
795159600 120661298 334986919 339807157
911459307 381695181 977796388 1000000000
740259441 719552193 29290439 77290277
474787355 602759630 79112201 123390398
563499280 684640556 159748771 243300440
987015188 617382869 695489660 782477588
65663493 313729584 82731556 180994226
974553998 713223794 218172326 238840011
448830458 972332721 293889218 370733685
114895048 426268865 711966268 779788415
273973577 190654925 385418811 476277892
484562885 480143028 260310647 276157849
165852548 916633294 693416619 715447075
899208377 846995172 836314411 868392215
107039192 762844531 682714208 696398086
617534054 270788978 643601359 709710341
349468189 49645454 964209752 999349869
50959392 418930300 536109247 587603626
679302883 656384653 391508567 442411145
181064260 251506640 953548402 1000000000
182238056 82654068 160344132 165879333
785569842 162749585 844604839 854149146
321828228 211750697 445123919 494961747
660676733 644669211 636499314 693495038
629529579 843125491 804988198 847499321
408438551 620986784 431622120 495106391
148847592 517399213 919934858 1000000000
749583084 222231576 428815713 431401343
233203619 563278795 427157949 488277506
170644364 519649501 359487534 445116370
316327702 384113063 981447427 1000000000
320876099 563431619 819358458 909078926
674977030 538587788 557595003 577375401
690403894 689145685 286571905 346387247
795707388 353747450 137881263 187201448
29004164 342178459 711959041 769981415
611903800 445282215 886937342 891625541
910002129 350588622 552231403 639933197
893111741 397380235 569945381 615457680
310106723 879025322 205809571 211191417
688391335 668271203 342392974 347752546
950025096 566603832 806879167 874052978
100497391 491328837 343129452 399277875
316883346 484998601 102820192 125628005
240054527 123799419 931988686 1000000000
963021624 15346647 675225670 712219757
882367014 319914484 68873844 127203343
389778735 603432251 736016981 755624707
252794652 220950989 577594759 665340204
627479175 731452586 965152324 1000000000
330941630 969388266 123322702 175225992
13950330 935860515 226097490 284699884
385586140 43278149 157850228 248375372
759000804 259271265 497890577 562105210
42327598 757860507 827380336 849068966
637611687 682169646 622095459 702384427
118998010 755818168 753454262 816663848
186972616 481637788 668252031 672648063
765347912 332685394 401371216 402386247
645807267 488361361 291266531 383756429
959340153 762807957 507958750 528841088
889336760 232693600 680929377 730767758
961082632 984288135 968934410 1000000000
503661191 853769479 793072228 794205466
94446413 641677873 629674570 702921284
65395156 614920072 815910169 868078721
19170582 207842809 144594275 177166332
310006210 100960500 57917702 106788941
645035121 19343666 526187991 623707150
141165098 387030873 953753318 1000000000
571842627 840958252 665792866 697495217
747476633 627426888 860636157 940727185
17736978 628003759 694560121 749594712
548956132 751694563 785402093 865894028
363506944 469636108 250574859 255140414
385202777 319845237 587100372 608949702
591831194 492333221 557278524 596799835
824112910 818741537 418025287 511264920
968052217 487624545 736042670 800625958
214761141 454705117 15184352 94755085
345827588 987600318 636615386 717319232
699973978 34497984 387165083 458475384
186700910 744147205 170000933 187158350
272543765 716528318 554774069 606122683
472411717 50459838 794803178 889202532
871361646 678219363 363623215 461534488
442619228 608849644 909604401 997494241
701026268 300814564 116930789 216023413
716981162 751069245 367905547 404997480
24437377 871227814 421577264 423742803
47536571 46641591 979265311 992828290
436183240 649079873 954360019 984987251
790042459 487135292 521903957 538774071
126820711 366265188 76842427 93740017
842102476 909272637 954087029 999475780
319434563 862701811 211660596 276295202
51236109 247356019 808263697 885594357
419882609 572818529 923350908 1000000000
965352078 210684397 880382509 931075735
17020264 160621575 992221028 1000000000
588757127 115991041 865773441 887337994
55280253 19615137 974468781 1000000000
372070870 209654958 708664044 754146614
647928989 444762833 449914252 518922042
10028495 278240595 187269848 196910311
309519659 508356760 291320949 384824343
491465316 389376203 813984965 840205696
635096749 65308194 75664109 166555188
363228861 574656008 203235675 230551646
262630267 225637077 843453474 845646625
889831210 879053183 711433214 777790524
736438897 435890914 250834453 335376482
535820074 293707327 223046716 241738761
453771666 491462533 22938031 118036878
773419202 230794152 113487039 143442434
701715668 20525769 208645936 213285204
964738324 920483498 899876953 904123590
79222785 287097493 599351949 628954090
679560810 462977754 383432612 419467555
285251298 322565146 193375107 235062836
254679887 254133868 442311460 479934488
762245612 459254638 172520505 240173286
318067478 226651417 299116323 370945099
349549409 123997692 628951952 673966608
624486868 474783490 49704790 127572681
714853855 685505494 526873987 579470989
357323897 293443738 376935426 449238701
877866338 612480910 387557096 425796412
102082897 725179490 925345570 1000000000
792743627 831004600 166129029 243611429
253340853 512542257 157199557 197797226
561245548 385003739 147324896 196598878
539688094 271735321 574919437 578976107
398751300 640625578 322005391 352424454
535622148 305448989 988289714 1000000000
426229988 651783883 482006637 511952809
153403671 237033747 411941568 450065396
905924462 90509297 630582497 730318034
549419606 296679470 775321478 797666145
88890465 846268816 548253887 638940592
548530559 303365469 630397266 691390984
512295776 618343911 611170235 695286639
366307983 102633589 306911983 382372294
411356893 44485363 977919137 997120621
805936489 191170675 766334832 770250423
57502548 176189301 864660863 916953092
766365649 660468692 215118906 285988098
537015604 816797173 723600745 734992820
803241693 991243988 394949579 417616385
289096024 808817877 56312877 91209414
593986769 209773908 55412170 91210824
223628611 516304588 382270109 479488330
388084223 475841972 213034045 240355242
16794198 778568761 609475907 671804257
338840332 431839711 324097193 335362098
341296290 639629319 954059347 1000000000
195845069 952292375 874944295 965660469
996274374 696993579 163549952 178157743
542323348 682859408 888390876 923303058
382819749 657740997 377209207 399559465
629733631 33933407 986903656 1000000000
842039065 873439723 771051512 858160861
214696377 618760095 670597266 698408723
544164295 560294044 298879206 387709582
971407131 191220018 289748065 337995948
684114831 642316137 869906354 954010168
352233597 207230010 653622615 707795393
518691713 576223071 122166078 139404108
271215547 747354106 417180368 451456336
843479247 599225816 518221086 543195681
298036954 883225299 844549714 931710241
957539536 117587538 616148005 658350532
107196370 50352160 744101994 810353255
185730879 332718323 872604614 941445498
573928800 399545645 592996289 618331746
60915753 911418703 141794115 164755363
420585101 459737745 524519358 548744708
142008062 369008919 95247956 150506559
837885870 9667757 332048359 383027482
877036713 774348590 602673822 691185758
131340533 480443454 361698891 434729404
265496658 753269050 998184608 1000000000
615401973 589956280 442639343 481661205
810168714 618014435 131670578 131999503
559557675 155699553 42039342 53496097
926374321 124065211 159414555 170179401
272657417 366445687 749147020 751693035
22126990 148298782 971821003 1000000000
454020224 765873062 387452042 472275410
833802119 315435690 504921503 550848294
154283522 386049706 831118166 836466643
168174124 156340154 599942206 668709416
118019402 656978392 465466709 511008497
302927980 563081543 863694305 958215255
591375302 185052818 188995343 216957426
203713275 509942357 284878408 329077538
97075342 985953272 176022227 273375258
556925820 114625670 403749682 498009046
932809694 6225008 804035939 897687643
964001323 336761969 899048441 928836372
370033589 830844090 899920899 958525310
404206648 639911221 364589969 458387407
701359863 540036588 549224170 550821944
480922803 742068374 550291330 584398285
179727433 775152863 907181067 931923888
21594455 960621065 250136611 284111970
118216451 577503588 667608268 697292126
984445196 849015734 650387733 745018907
480341453 742127512 362053253 406147334
984440772 906243116 315524735 322215663
75528958 223182220 56254407 77618975
637243732 704348046 496022855 520363911
233461004 210392040 999912327 1000000000
649555775 647535229 743983032 781545833
735584034 188807836 874720951 919746235
265574555 782996078 145570067 243926832
494683507 204307883 588397093 610876643
652784808 794875077 989872139 1000000000
672226293 987706651 734089809 809258689
951440326 476620333 921180008 998435132
18985908 126663759 709694739 742549015
981111561 25844047 941540065 1000000000
643831743 118877850 460240278 509347757
726313248 234580930 368682541 399757819
397577785 844612172 921723267 981381741
266718247 943906074 187750735 240973612
278008984 971718930 544186705 598404745
668769729 501687413 210498331 237082296
304953188 434285568 836814331 848874662
952695246 210495865 194595441 245056780
640725399 405703599 508321136 524410392
363598786 624167337 775876145 861625829
610058437 13804420 902854276 985375624
295336557 983991209 470222739 474747513
659838792 660402781 50870008 78363456
253368342 346353675 756994876 773112176
749125774 300141474 977085239 1000000000
460832636 372851562 24416303 57364908
416911824 437016641 499261653 502698420
343540657 683826118 319888674 388561714
640525756 671913746 624616373 700307925
935847088 920845158 121272334 137025887
159156912 695405601 472862919 527449215
99471200 925430785 380035176 434234855
129770998 280825716 163875329 181430713
308033471 163612317 580946118 604567274
427987982 232460211 655969762 678273533
941742426 888136451 371113864 407997022
648036822 782744867 59403735 63701625
508620159 701324745 637668378 703295912
508150643 874166444 509575479 547654862
255343410 172724524 328173348 372659527
681735696 449645208 743098277 839535998
442110898 164396571 20450283 58342096
921777492 220238022 428497518 437347336
642777980 574916627 60518372 62365358
167452480 114680615 155639380 184278557
481395966 810587307 736850872 789765695
506573475 638630026 760482140 836586015
794757149 10296498 740069546 745444940
601721895 551685531 972981642 1000000000
177861253 348834024 479674515 554824257
397650499 375927517 821130662 852913660
463547615 901477787 14693764 78204971
420865511 632557655 824527674 834397472
180676724 629317753 631243766 674676978
438883195 901356336 500912654 546626612
785468412 449634152 542439715 556352255
558114931 288008970 851615124 910696485
719217424 7026619 406414791 446228592
380525086 719451312 11659417 16877070
395848194 315460247 184026106 191858579
372753628 36488008 262109454 360898096
634692309 945512015 434072995 479621498
402982226 449833006 939249235 1000000000
851964155 558907429 863252404 942671589
748678736 491637015 158248204 218764261
198270621 406722780 243021131 337482114
786182309 992067493 772393153 778532338
741950356 760927981 486216242 554210360
84927046 340208053 655592045 730958131
660193955 935633249 106998117 161957706
906269619 962849478 138876922 197191228
202122826 347738372 452444784 469571309
676147709 778331887 36890358 53609645
452578001 983929527 441366025 506753812
386520527 572872933 733892694 808013901
747407215 532724895 141355943 218985000
951268161 590514338 209790302 286891414
572710517 965345006 191010439 217991654
936836386 982632177 607652098 614087939
897037127 71152140 819561096 911026768
265935808 731315272 723952969 734362068
295052998 651405646 296606431 387280095
258259885 966437445 41924101 110026328
52984741 175216524 72336421 100600418
388832389 371955966 360230726 446175257
751494126 484317760 311973063 320713809
128201429 905020144 19236430 39200600
239066944 664305132 932343517 965734165
656830027 237375980 997996196 1000000000
108150956 812718347 287270597 369701713
500110523 525201224 336530607 433660092
46679307 691998331 487088611 580094687
499506402 999797775 773288095 856136477
933950633 231327689 334485062 411176786
115149783 364097476 880552744 917262356
429494560 705103264 46373996 140279988
79943592 454824718 899476059 923636252
344253971 461688556 323790547 328151696
804150205 670178596 690779112 730928921
421784898 911584344 153241308 239349380
689085869 80055569 384664456 403893128
143608753 269321865 664641791 708777188
733142654 633612872 542274936 638966657
295651961 832840969 339348206 370464372
458215280 572692153 48644802 107799126
966914553 956239601 100036797 186934765
687542680 508653002 598351440 610345420
130433001 893688047 619817552 644544660
532126609 384725862 882930432 958031161
201615757 209640179 950496131 1000000000
483340908 708529724 254439287 323805114
56367734 907592845 933966454 956224009
421791337 770500642 208534232 285842591
556544664 809958227 291478727 351762033
987098498 13719178 780720477 859108847
136355132 793610753 661517645 661832049
403629510 677278383 906434621 942950362
105573537 206705163 922348048 989106315
693171394 361560244 62170926 69751280
419931557 591185717 470275512 547670238
455955909 665800431 590565889 594957143
302878144 611955283 627671550 687281780
354578526 682013437 356315064 420735692
765998632 28883479 687972337 782934131
694719360 114350447 949930869 994104850
152659414 447580670 297270977 356575581
97284757 29448122 58890288 90358487
231682722 764087746 832924888 897787322
668362522 333736232 922387318 974174335
993024935 148165756 642999579 647451875
982885299 510386053 746765951 811907591
614236435 408953617 281242854 372568346
499456186 520382329 191626084 270154731
190897343 260370642 328607863 405283717
152786510 415502899 768738079 837394324
143398825 905556335 103960807 111323615
168784767 740865291 299435424 378593540
306745757 14222729 301159201 393639326
10173125 966174165 109986689 209629817
60044176 748373930 879243187 975101003
700962844 127700890 383563213 447963380
199078664 824137768 259305677 314590351
529419437 817415114 538608970 615362215
923946303 478038945 175311024 223235387
407305668 868827146 282595649 337874340
783122331 218406147 792069033 849314073
896350301 169014718 662937221 675412068
294057341 487432781 815873198 912279188
233894446 137920403 631443541 646884573
829489957 807327949 515653095 590407484
691899138 984791330 305594265 394687627
724120089 954449334 519546619 599308182
219627328 880897166 566607393 594596707
696269500 78698739 261993831 280012743
505827778 18239587 148073536 174166267
194024930 483999782 52468723 83289107
141220370 451044560 184423437 212421722
445714236 792230663 258417767 335734080
897356007 28471670 867525830 935238647
30140504 595895382 728672601 788316254
266131539 593062826 441472867 484216175
110893690 696226456 384497625 407596590
378839556 194314708 542686150 629967385
161133656 185268278 13187033 32060957
349875789 770734880 811683918 867312017
191136031 897270863 869894911 913952260
810979190 918338052 450964747 542607208
318940067 459882454 243950619 297310918
567770944 542053974 969214124 1000000000
178150566 829793633 610060968 659337758
502696934 852990374 991529785 1000000000
912209127 794560623 353057361 391796789
462238929 688684250 691293325 744830386
512329843 942707787 950365423 970948437
953935575 67622841 423464513 439271228
582651745 404700282 543478836 573939803
696279425 263238767 319778818 404539976
145874026 916805837 478996372 513445632
217668206 994396209 181687279 248788643
772280846 956896338 497504538 571903039
669309770 8510816 628165909 670040016
574039037 158683414 716276560 773077382
844358888 883066612 850110264 901588514
236691460 363564816 120344593 212076413
370194844 683694430 977441482 1000000000
72758268 889009354 13892605 50581599
773015063 237439673 910924994 951724088
865108401 220147401 268991066 282814931
899349592 60077109 814231168 839218557
151385336 215935242 455308524 478119192
480569450 58968523 559444170 591224262
120803178 364908343 620711249 694118545
988510978 109229047 262021209 275351802
768533321 480159078 522600035 556669846
101561412 993155974 972923455 997104974
357580148 778779898 355195602 454413764
732240108 86354754 377546725 387655240
696070511 214519292 673961236 742081429
362172496 183989973 920735363 927357481
977033525 582268990 328827697 388060448
805871079 524645039 791196615 884074769
487866157 254043676 751732942 799478111
923865309 85353168 187304644 203993573
768530387 707172849 591035582 629908438
864012180 668593188 180067717 258733420
296486909 922604962 314549163 404469843
926305351 854984608 804028583 862159007
259385638 399247422 644072949 688972779
287232376 392334520 8907291 30119446
989717326 636933670 115230518 117555113
587054424 658901335 794706362 827814956
557157369 39627750 136761421 204600234
531617116 450161142 341476158 416662613
639651145 555995811 968532956 996622776
533586622 441966316 855731864 902016990
851248526 265039437 904562266 976314636
398830645 399791120 300041451 366758949
301861464 312231855 615159803 686841518
547572928 510643368 13458475 58742847
471049713 887785703 675198950 741899713
545417430 648897859 948791472 1000000000
616517825 165131158 75432761 156842358
24552621 455617625 458087943 511957866
605435110 502288609 399671446 446605824
732475828 96314404 616911761 624549937
483637842 338441098 398420388 402899627
557870881 238419205 86295031 154621509
846500498 51686222 570414208 657351620
166920705 681279994 255389123 331163931
172047584 294387820 700147165 756048310
325390168 782772119 547679339 568222954
560987080 71469111 784931286 793107196
716872468 449461836 911708665 1000000000
569546698 802342799 488707895 574885473
376490476 390229286 609267076 645165397
342261026 250619849 115088169 167672362
623576053 451412978 800723547 862929640
278189410 616403737 491381455 573219026
205468824 578268492 434595561 452987824
842002241 558962169 501676193 597089605
187593689 250118741 865703396 923651024
495975602 219428396 967679858 1000000000
689820599 557198518 595529818 636874144
740656211 352343667 246103333 338922986
498839819 362115377 213887809 231187900
895279 894266039 685104109 709675402
648994036 902243851 992578820 1000000000
783640392 281429442 996310460 1000000000
523302352 763694392 876965729 966147540
234993536 178294206 907720832 931945078
599956833 984685195 484977042 499269323
630570389 740062700 730186545 798435181
300112262 695860671 92295182 154904377
107182683 109169210 933538257 960851388
356773714 502234315 418933651 497715013
766290565 565808959 695302596 774173214
736407351 769808856 285135841 367487921
483886736 850743926 763396918 801336865
962893190 59396369 146775120 240660043
87166435 586511674 742252153 809661907
492468979 179865645 15335562 55865171
771303547 412202615 893533406 982225895
528790107 724565548 142830608 154465519
933149403 543909164 965002552 983199997
861127635 586589547 75033820 148308326
896218309 403054279 192718743 270343920
107327134 927586841 789997086 827449945
417135514 534704952 479712406 552567367
135591165 520488174 576404427 650260232
388836997 752012691 463454254 559212672
140660716 959504786 546710338 582276790
620805030 357975224 440249307 460739242
295723784 194971145 818162640 873885064
680951462 683263537 225415093 312035159
950248479 488133217 890397602 949997336
467756479 369680720 257440793 342125637
855731714 311768853 359075460 442321525
991959278 283121293 977755738 1000000000
950006124 252045447 792482867 835052612
919189087 143489509 664251222 704052261
939316287 433492576 994006349 1000000000
527530454 524327816 663361378 680218027
699568300 30475683 844723990 870106666
754203900 33099605 511062001 571118942
277784813 551780579 573837705 636600186
467321030 553217455 424662027 463582004
241730037 177255623 398424861 462030269
280637938 941309161 400929449 439509292
897016580 374675128 842687312 884483517
895333885 291124167 281343998 362660688
838596762 130085383 642395383 679993401
734014443 758038015 516415075 521311172
161286714 187197168 904282805 915535960
851755385 814313880 534351319 582837900
131751679 647993573 247247959 342545705
996619299 119571896 916068032 1000000000
815303725 430298204 618800662 704544208
157693098 854307825 964602692 1000000000
203763944 395772051 913407582 923003931
895778970 357409849 13664155 65351195
46237645 539504915 21868075 34849397
288825360 49987136 477901200 513101161
582412895 616739928 862957224 890709816
267485457 47484354 400436160 445752338
826027480 425122816 127408904 196906788
824300296 211615548 1679162 25683895
217082562 24882073 886584832 960379865
990460977 576341624 49347475 52671873
600577035 19545776 141348327 142912764
560375288 421381604 611824853 700987572
931346855 126919280 808836176 837972760
254566610 822837194 170147217 184164737
675041207 703555157 61620649 146648384
327905020 473977926 354930109 444792920
150634986 437281929 142104991 170700841
398542024 831111498 711857618 777676420
245891469 268261402 428628309 469073694
668506101 301980324 670726845 700426541
457307743 822490914 327282115 336967047
29701644 992807852 55552828 132748572
730313868 543441207 12147257 54326098
211523134 51230402 649296605 738854976
158559570 702330234 817144403 828177066
369447718 282094489 133622093 151733860
463553484 377437470 891849650 964393738
941588865 585975870 33047906 129046580
418437047 105248057 955109529 1000000000
869215186 728171756 328372156 330590686
714609118 675155861 342787390 436368162
259954269 73590623 564275456 617424985
808862697 901694111 123501571 131786846
253409647 304328340 496602623 500883618
58305669 493600169 836168399 912257817
422884004 275547544 584328556 636959450
812674167 683509667 129333547 163064276
343682020 906772626 520511600 577907835
879519170 599007499 237316097 269509318
373841108 458214629 395934700 465253755
185256286 39621409 262508069 351044222
739742056 176021403 877164626 898020357
932227856 805757462 884244262 891340243
963192987 115618560 655242032 718140605
702491363 158971587 447079921 500247640
717223989 494877378 252053189 291286550
800587278 92950027 683648690 749419631
92553459 467489546 551089079 573302933
77258025 437268453 636910294 677663027
11723694 272384955 703001066 714617580
823862546 310391201 765813003 815710641
368876181 344495670 216923381 278400279
95206196 504712880 621213374 682753410
157523108 214682873 673164937 734633483
74804042 195549750 934494069 939924457
549352710 176184337 522321379 587674178
261219265 98589348 19193408 102193723
934033118 604370521 26639598 96790856
453495496 819214930 490531695 561546836
982940298 583883918 479877213 545560531
730152924 899932461 104832720 190750566
693009111 466995135 25662908 70546762
135034420 97843560 991008476 1000000000
566044432 983052021 3071321 53652399
997668365 473423901 657757841 755883711
5389083 209658235 424380860 460416718
513057571 848330883 567677788 597899121
894263800 848485174 93027249 118687177
548210580 561800214 309891570 384185106
891673230 853517046 322250993 353070277
875700372 656051163 78482351 176990617
671950861 184627587 482742876 542223092
290711105 578710094 237380601 309469124
582388325 633014939 811930801 812071784
155250573 28712641 322839470 407997718
580342202 456852362 422094334 521929147
386291381 234536306 825475938 908663607
31215296 480339531 593972808 603717121
70536254 892076058 215856971 290955875
566916826 345649053 560743953 623505583
527994671 229703823 674257825 758858301
935183866 488555586 757574846 781791022
920124283 823085113 157042049 234241035
72771712 894963818 503187430 540070948
184557240 779397962 121300685 177289016
647870090 163559224 726867459 738079677
647110135 735400571 858845423 867094716
526889588 13205076 535215212 577799849
36627440 580694751 873287096 929793027
426335761 897768566 890237511 980643641
701023830 833070913 811628316 869537003
55340431 975036982 336863858 377461350
922287427 609390759 127552327 130684046
596644335 963827932 387412466 484888639
310528359 303348558 31099245 63216118
169816467 621667175 335054450 348445471
954930926 174759706 929653247 938360988
171729546 912673933 926159014 977919503
835733986 138954634 546853664 606283047
856278912 966909588 679872682 771672143
247604881 533824765 840391030 887577770
44126227 613323514 87425528 130045510
430613511 787342485 852678156 886344810
577747949 779866826 864913233 874115203
812365839 26405099 865272192 962907660
641788684 278727266 639870222 711255325
983436889 748093446 715227824 790353390
846312960 256352002 666469315 766099619
168901432 116440792 171873557 196466751
858560093 818101958 975609791 1000000000
342835217 125888736 68207502 126730664
547971806 505343498 171568547 224980534
535379092 104226021 920204038 1000000000
917027574 426233115 6740968 71727321
255540025 682854314 155486975 202505683
368810458 671426591 524839550 581446040
951828597 554223503 710280119 776215716
881581681 175291915 28206440 96655167
182193462 999755994 712859319 727178007
493252778 367577026 283365194 380751957
73433555 521025591 479740577 526335881
322545888 820953435 781941337 804148170
723124321 204632822 299054430 356254471
537190035 450394670 363774643 378469754
977593680 593843088 137196591 160580429
276053829 231128650 770412163 819098448
222400 144413135 138011063 215653887
759426368 491231093 482541970 551955578
331062692 813661628 741083248 778677101
721981411 101277734 198808109 202805084
414024730 707192995 453065165 455364326
751974054 735831157 121924007 190151683
615023341 849759998 994077997 1000000000
526990589 55351669 703423443 720054062
103436361 876831897 517435629 615358075
962051912 241543274 997526199 1000000000
47098385 693225773 248912636 263456924
413042920 994254972 315993595 384675644
43204693 44589453 739481416 823973211
595393797 187271029 193543579 274447002
714039249 597628993 263812470 315452286
873202530 433649651 683839748 776464397
112626511 583461497 33594533 82535551
267370981 70192005 521668384 618172472
42731548 260919961 615607371 712785939
412119133 761805413 920106246 1000000000
398806879 531397713 598248498 672487376
101145787 907054587 962969241 990969600
870497323 539621369 558838238 625877970
685231870 8633702 863740272 929046088
975777322 736364230 559402538 578765959
897922922 161434125 681014878 693431202
451135091 467373724 270755922 319878613
390187843 375079589 593771610 597007649
670949418 815456429 779744850 800273197
349629216 482924336 479263480 483213468
153670044 584024141 513635711 527057479
841852265 266007897 623224230 684503132
248209902 95157433 360924939 373136599
655895249 769402112 943331669 1000000000
633062682 977224978 38890560 50041758
512882777 715578804 781590548 855305186
509335808 982186455 696635787 772825442
511387070 454326699 439564223 509724803
635177918 382847898 588784263 616727698
936006325 671424149 54854406 56594463
880061930 947174338 310380299 348977638
356674944 441481194 960363765 1000000000
535618601 483637184 406938385 438693172
192709462 40824213 433241772 515087624
60568161 580635202 675706320 694039865
915759013 807931428 622723249 674583046
504857939 494809964 607300544 646360615
110973633 120160334 30835083 130431814
880980154 102991604 531931274 532709920
837747438 361866809 534494302 588018836
758264622 410734251 804244564 893612855
635278055 408651190 511862487 536783470
825715706 187747325 861809591 956078237
960335743 808432447 202901253 268730695
471492837 174880695 976831500 998320280
180870183 71464888 225691519 264373513
528655922 891486551 706409130 776832198
245599605 471558705 81824845 176797726
478322341 882426271 497354396 546841257
83309528 18360446 281360163 309450678
53145130 663157904 88621055 122760992
141688371 650075883 919940037 970146175
947373115 32832265 473415199 483214270
347110521 140163354 571211428 588458188
459289310 109521279 685963464 716500239
760176814 162251218 199150250 199920293
221471752 385544257 118734908 216427342
159268940 42734533 816759907 868647970
12056011 837206319 454989238 523167929
891593810 217884118 624508402 722311312
371341858 738934020 613873728 628910719
255998548 438001548 776491045 798650795
853408482 827093586 143248947 175523327
323084553 112396562 166719355 213398332
956373384 541906837 685948953 733255641
883383550 89480208 658589157 701799441
184190045 809310892 613479625 625148907
174434404 504552827 999071135 1000000000
398133854 659063702 61095104 106754640
550501300 739052479 676957294 716129404
777369010 735520995 202396945 284673058
566790603 188965539 651883080 750687399
204194010 173945213 442063025 508880837
478177276 887367396 7192441 30541974
992549640 264293956 549798443 592773666
18358767 451373977 686664704 709223782
806753278 866252895 426926058 479493069
786463130 319553718 763172711 789927715
746649608 201125900 102016932 200841992
234071993 445920716 405536723 407069780
432261489 312197668 401330681 493745393
220558872 962608373 234923578 333290032
276022456 175683934 395520881 489868751
214886203 153647200 458337848 521688337
469317139 574492821 949788925 1000000000
776716414 212972010 329720679 409514414
170461890 804402190 211878921 252301014
889563450 834339543 46308850 110681636
860924275 143038749 259776151 303455702
523866333 800493187 736287880 783721613
766665105 979398755 101833275 177382584
997815099 228061947 130967849 209531125
436185164 482050042 749416172 808570286
156140669 193255982 201435688 281756660
241462821 770583824 879532161 922061657
954499455 813408794 576537093 657490934
795159816 320138206 908171008 963480637
667671921 2055108 384446572 434018318
469583362 266712283 951276011 1000000000
253654144 959173856 862852794 955513782
40253207 200201580 812307716 821899492
498632928 454467107 180288031 235258692
779300716 562857260 461657056 546977377
634979517 665299809 207873316 229556718
984380234 996808341 480403469 558141550
387961330 243622696 973428466 1000000000
137584000 659437141 459928106 494118574
430747022 195950029 494193100 506803258
96643917 88762663 289277521 337211994
197465590 74491518 400950604 410486518
353436621 431457960 652618095 663936689
635932760 339793400 418561774 481597988
660583714 9766320 24089244 40791791
706885250 162793799 711869662 774102886
146431323 3898263 70679371 136031788
419981718 345509492 182253183 264844968
857094572 451651837 466787839 491541793
947457661 476295005 769190591 819194478
329581667 153865166 214646922 281114793
243151082 63529991 505833002 603688991
313920636 88256300 908937928 916614487
367828843 630290928 956800889 1000000000
580235581 920298316 346512564 420166601
210120406 642775648 590874423 656216426
266493162 274590335 993348858 1000000000
354261022 769853377 619083725 638025142
461314350 197339460 866507256 949709068
624046781 741975678 762077005 858795656
373016150 10692140 289315485 315262699
186949779 7952135 419332980 436681958
733611744 720579481 729510775 790028968
792970548 776396098 346883248 415793189
740176710 30714114 45102291 102021950
483449025 75739192 409134128 508431640
987229612 953413665 785787811 867840568
922054549 678907443 690270248 747407467
993426507 436573462 213932893 290739502
57503675 451087355 581437202 597466286
442067896 810844468 844320433 870811923
766172033 912655257 938216429 945863418
395378800 83630099 554568087 573829259
790437622 991521829 682734178 732202717
997644252 272853322 431608259 484051438
933020794 422933154 864254037 897416534
918478280 755536533 41529100 108395193
577327475 669712660 369313023 407820282
289093648 152381135 716761955 809409756
581057827 450127500 324107894 346968598
660722766 323073350 317400888 351655490
829193602 730390743 776442956 850131030
134614624 331798260 249587339 288832270
371116596 879578046 744380803 785033015
728680659 871660203 319044628 331538787
324038695 984052254 26952667 72149517
253278611 312592919 464564408 536564745
754021121 628170574 998037208 1000000000
894949250 849311136 579874154 638629114
791410037 11148788 895554232 992714382
65302021 663935414 218989690 236920134
624622055 264818598 840017352 888493055
992073402 568632692 332923419 350007631
773826970 476470038 502526429 556521412
458866797 677361224 83515231 154043003
720883311 147898027 520528661 586641605
428486113 991016851 70776420 159527261
147886209 768295660 70561057 128483126
43462324 783574613 160052947 185206472
537195835 778813573 766087416 768426649
210297974 313847077 951260564 997389621
542355045 902846916 739064778 803934887
849416837 957553809 266587250 287645048
2665522 222355033 356659656 452483597
544934710 921905564 10332103 82127812
401848881 333360468 381163891 476231836
374631959 279669460 573860639 625176481
162422192 284441925 206708449 285540031
556788790 571112690 923918656 1000000000
138596603 17987777 748735975 775656701
605910621 547441607 975111489 1000000000
123856379 530160711 803938665 895423115
171945992 788319547 249185209 263008008
196425250 784645945 105820508 158097844
945462863 172888687 691208028 739915425
161521633 989177755 401218569 467554495
717991543 568396004 151114422 230234079
696786882 139860974 906559886 916787293
94585494 916687688 635380474 635746160
639007569 413619147 990446761 1000000000
118794788 105199042 417824511 516172224
377469751 282151082 711460087 735241338
735564863 296805435 964556188 1000000000
902564965 23803012 849012957 888968275
861244250 307453193 326341427 422977824
788389804 216566996 849999127 873396398
705207076 726593237 570861584 658898705
3191055 438746671 743446865 835257640
825548631 304836754 310111621 352885639
182326204 390784088 855613643 893948004
402299195 929707207 20539619 106969248
641214060 823032554 265105977 349889899
788716686 573880768 17377538 65373904
617917582 657759527 220515313 264797693
151569320 552876849 673540615 742964880
164619504 910145902 949648770 974289524
104066356 705909705 934627227 997064246
372048565 618691489 764034311 839246711
495842468 401091983 368990580 432437496
9355222 813266071 201722995 301559296
936005887 235188573 553282454 622124893
543143925 324337533 123998822 130739774
163320221 149600642 786657514 851155158
177769395 28575142 123202394 191734188
864747890 817657279 330927670 332878092
232794000 792253433 796582594 883602729
650003139 687655548 385720748 414318012
70153329 372501621 222429873 274796387
237904750 329291614 793233495 859992772
778964652 996049237 821867003 861390901
268695775 209631326 448818736 531892771
852946736 448985359 907199304 924995967
572315036 963486612 538917074 596574842
85482838 993968199 211196181 266990241
591929288 581943757 554887703 571108628
316992374 912121639 595642545 596207417
264420090 626848433 555721062 603675675
617027818 330404189 807947426 827022637
526151128 930346433 628496511 648037755
96712000 788782857 362858875 380919998
345999904 906794785 835720082 933330132
296610057 996756034 461869501 497185011
220530286 207089710 286892855 330179663
872554820 732869697 350856959 353389128
697392539 763059051 822092672 836687719
285652920 137248327 272541198 347925395
859648402 852761049 92028275 142618642
542365083 37544620 893518667 911284003
117089765 299537970 631597129 648440225
543469572 185741876 878029102 882718127
923453391 475716841 760756148 793974626
512256971 917198836 777735656 845926233
367616177 412777214 178716352 259946078
896709342 353081766 679645287 682404823
50807392 399282213 957489412 1000000000
322649616 443122892 658851802 692646748
70926247 752088956 592487680 662477047
41774061 293902622 292149122 336596898
343393651 205908531 759685633 835053327
510327017 309057574 355544873 401464280
567549600 563760404 721302862 782269088
26142999 794025898 769831884 782760373
116625893 751829644 729200691 769726528
720328295 635940988 974613957 1000000000
171079605 150340382 355171607 452928490
732985380 869283770 757078645 833777334
391392535 388515088 765113621 793541379
958154091 158674271 12503071 59846037
858878454 387741246 21775488 27446653
828818805 678851665 545655384 610219220
26896061 988935536 7914080 50325313
868439008 88068638 149434547 239659142
217026019 811544504 743246175 842236143
338205451 6114600 486816627 548450399
918223120 529979955 914775666 933507542
463247054 612869906 173671827 213493879
365828519 651601178 850902214 855453252
731196303 65840187 457366037 469953232
998623245 718586297 665042764 719777810
140068671 884499049 73930246 169601319
459919352 388040319 797548635 833572708
702442541 884679679 995965741 1000000000
355892482 99117560 581550863 656516725
349457277 541761039 455649411 541697190
992125758 504764727 626567281 678134695
675114156 558266987 121502279 151412187
355470845 426005136 54049155 141278151
724585059 32392992 704222342 774835345
224693851 266451171 715697386 728182365
48309451 609074273 535235090 633344838
140220030 274368535 777701391 799078957
87919206 448791552 592235871 681264766
996847648 34116912 463693921 466041244
685412550 238626119 199632307 218733029
194275118 554312359 255032326 327487139
620524255 451706799 658383466 682177426
286112592 72477287 953869433 986328589
336884799 808661959 142646766 220340625
423318142 294931306 819578544 825915181
261336556 434859103 844707674 882603905
752746992 607886164 513357040 541356804
962815407 658999106 726150794 759180961
334731681 946231188 762681771 823039077
713610631 294605643 4579852 22102027
587277806 95050467 190899341 271687596
880950901 881772803 427597798 480709567
482256652 12926089 514762585 571543521
480467487 808135228 955850549 957267825
494275245 9515980 745421995 753718275
9021000 419225231 282757787 340657863
374345957 35771943 485736259 543783289
427012055 480351176 652058544 744662009
821477994 703708312 530313707 611539501
123876567 761383927 722290276 799479613
241247689 958126843 48768751 49186032
430418012 48731211 377756207 464829931
166589738 974364868 768423574 857510042
274911306 768597627 58659829 101194430
475695264 863290896 425976803 476446243
844057258 585227194 143037 88886059
715650658 336074486 675321147 772029507
523254099 246280423 239653033 263602116
709897756 582284402 214953250 260126451
339673835 672865460 157200067 220363495
210516215 334809568 247065567 312516767
156767289 60648964 733335886 815347305
840628769 119736024 947538348 987351047
200861666 264455321 550770427 563273526
732112368 661797650 942493610 993588925
990452867 828044146 646382490 725926030
727874611 980186288 581398962 604091151
335071366 638872097 143640485 229597737
481489980 974375733 34734798 114148719
623323025 700868062 643089711 716398865
580786241 772511382 219162647 319048946
314249654 339527092 752357480 809561813
808502315 686900646 531947849 543461606
197064631 414118321 69257611 84025018
881586356 107125217 401047205 420237804
219508401 429756895 258872339 273939003
47972570 48851614 646407959 672933321
1321021 697391794 432571175 482878456
29803195 20810910 552065469 579875401
577277401 180340927 834879766 855662494
465044644 765105085 943488761 1000000000
189156830 679473330 727100081 790324527
315658180 485331607 366225327 410071189
208007765 675955733 831164566 907179022
981158953 741833185 877546266 955646858
196343620 667487671 219009858 265343550
175764348 538427881 216062522 238286250
154714537 84047093 32766075 53468448
699292185 270004981 135816037 214543099
588973849 303242995 752657830 781646717
25653594 951579035 384308184 435643363
659987243 628649606 487513712 552852430
573292323 150917064 141339645 172195875
936319968 583081971 530478238 532463748
621506658 298312460 357057519 391465905
688356196 585024547 904428763 910440410
764100860 687633086 372553990 436577805
435318714 961159891 15660361 77176649
119488844 530805820 83974004 100999003
332162265 939709998 88766371 159648608
858087991 92753165 852387453 901979397
837780177 702132081 212545043 304104801
480177368 121792600 129586861 130972253
511550519 151552392 660282433 753886253
303754902 575019638 368834468 434616602
728613122 811832650 285729456 341555336
227753108 218982504 829568386 929465138
99839969 322151344 654647838 667398634
708805708 882922601 178324891 264189019
256383977 499535092 53856984 116444986
257826493 926543846 569860256 661736415
136593550 793226028 481035743 496569079
606421359 310199573 927673135 1000000000
334973028 636393555 294134022 373807349
313175824 833981417 433444372 517080900
354996975 774748354 995307142 1000000000
19461753 258603128 870698158 970288141
517695343 366202614 875106327 889473085
119923019 492697153 585510548 588189907
704246674 799154951 880924256 933155893
765041556 124518978 456316023 474387780
914743131 312638603 172474680 234231479
849370405 748120782 205659933 275309346
68673202 718969969 412580308 427467841
107697418 878329700 530536908 612057764
196614805 3666448 578241997 592554767
609312701 621995188 910851908 1000000000
460869734 186592447 763731975 771833593
14760896 722087640 978037239 1000000000
734717382 698269333 5997420 98101509
956393337 239473561 742673160 842252154
645115821 18362011 188565285 276241317
126978872 713713820 38087741 38853107
838597509 242843409 625750935 695733950
661292966 357618576 580233613 639527062
561265469 127206807 762525212 836673068
613113100 430273965 371050633 455419726
429286412 152628301 185710345 193988127
841277286 108394973 891399488 896176850
119874577 403635875 284241635 342486204
683313430 816668649 190088236 270330015
938984960 200434836 13826938 60046215
280721879 163231606 647161635 711433946
852272635 137459413 739780244 790038362
564917847 894577321 49856145 91114522
313907945 402698009 942626906 1000000000
680668238 997564206 843687365 863358501
230720381 350143269 423931579 505257410
774049170 336219300 888895085 937767613
141065482 940408250 765101549 795094027
865502872 625528689 386937932 431882384
899315541 717603396 781649628 792399411
983208626 349958290 623477995 665895127
31664195 315176295 160378866 190309526
269333287 191974435 876192859 881529602
46996764 993074480 987546109 1000000000
405466628 646523705 446354742 492043046
84590437 697433389 753055140 844163128
785243281 403748362 78033899 140735289
515463776 149028039 221400095 284947805
854683135 960019736 66882016 124738653
924551275 518125524 208930587 250728563
444901 816516875 987201722 1000000000
120779668 886779238 273523710 299043905
244351799 259423319 855318515 916638402
624492240 146846647 428720387 515632846
828424741 262875651 707071628 780500985
205880503 407431486 944842653 1000000000
524229450 96937018 263029169 276011584
105304163 262742619 372114210 439917185
175156210 166391421 878641877 954804610
347203598 516491650 979332988 1000000000
905712762 253225465 234884384 321719518
746491443 358295021 91655150 157920753
352684340 521504598 488860183 543634584
865903325 129864676 249863011 275445460
352724423 544839417 720881060 725860789
200101782 607376335 585369009 679511272
272198740 581397829 669034375 699555721
187037364 164276395 393206710 430109180
89145147 664012274 810591543 867789652
12010386 698462786 55906751 101411945
567821894 889090373 518910589 570978165
870241596 118254370 629141974 707291418
684637530 235278263 973340385 979734425
801457056 76213629 295419351 385854637
509233574 311493026 51326189 123473304
788156443 708353641 940841203 947925477
321070265 983681139 309270677 321011680
695928792 622168208 598322495 636094706
516264393 339022357 807707850 858233533
970198758 854227269 451112130 480997961
573919085 134101936 587885715 590470233
713920506 69240801 625614668 689640552
35648826 304715947 714518055 807924534
880030388 710514086 888626927 940112422
354894800 728519619 62523964 133631335
12025318 263049406 480862235 524970573
618746194 828461065 451970007 543063043
514067979 612182247 481572263 491230597
768736347 376903537 213408321 215093348
509400767 96257353 85731844 170750857
409096882 381384879 81591972 115985679
763808044 245596157 315111330 318744683
779751938 377149508 438156521 458132671
809233686 650415986 585880954 586234068
478770326 740024195 712574088 746319598
458605099 446871055 637351409 679879541
756966589 789267774 491569090 537636024
33995117 548805307 493571744 583631646
171621393 365423626 328391491 361594899
583917992 696289796 353720885 411888501
915471931 133897449 596660444 605051863
778062635 16258138 836450718 890349408
580717670 368619319 675440566 769471013
298548884 772177964 547202898 599136866
513819285 726624866 45748591 138016330
154883744 767573934 6484367 80161284
514973416 382635283 474413867 510079585
273966941 457743160 36411042 58027190
480286534 423881635 212925727 280170791
793732722 508940408 29609553 71987941
295176016 852633667 218884451 282998720
782070001 667503483 12119506 41643366
120815583 393027402 122246176 170524405
108530510 60825523 791715279 843311722
13509718 258641314 206240974 285879630
236806712 551989575 246528015 325482499
837216030 490059955 130828252 228106314
488365160 515366870 122786056 135482708
521140521 347370232 393308829 436892862
250167402 215908080 876145735 961743158
136767420 849799557 907460372 945978507
719438818 870922322 802985569 865524266
742008181 815300495 389989475 434514506
948461884 314131749 874177045 882082582
871114536 545635709 699355627 740911019
998324861 685244281 681084089 746153541
645024111 633606999 20739414 81763513
153695901 440261137 440325549 483490933
933054068 331734952 963658417 967795474
366142353 484019141 675342283 729979386
376393913 462981097 418355296 428174685
758685967 751867555 287761661 351282090
746155948 413315213 348776765 396201051
911696987 377885979 258169682 291857338
532857067 659677783 702119156 709741199
607586128 800372313 801173255 829667579
458041766 678795562 500261044 510706558
92413363 443359801 350664891 421601451
916503045 801680202 601183783 663352925
800054785 435079228 419228565 430525517
105060360 737986958 642676224 682578204
483280544 482713905 258145288 269548125
596269399 883286820 613392403 634731756
5887394 745463684 332174500 359847734
278823464 127725654 99039884 102064530
690472328 87159373 767187843 834171843
756605675 421719685 591739519 655194146
620380280 505127550 592612518 664216095
197650113 10858626 842125148 941807641
981299940 754001168 12505718 17597779
828292703 528981205 628796556 660587642
156511170 189103213 620206254 717933459
745471351 236586147 183276403 247110280
664309182 384329560 799953678 850103886
994378695 442342556 152524285 248343100
850881619 867160622 453793801 497995807
211493444 870716851 368953448 435889528
490022744 572063048 224514540 250381699
397843926 730701344 564710081 638015592
775177040 558734761 856569984 863558390
595567902 255766200 694729007 758377464
562338367 309011898 329026496 409770304
597751265 503106579 313039357 325308366
993581738 76369017 813406935 878311898
720433623 358236529 321873144 395236953
744788090 840681998 690531449 712055657
291580663 980965726 849663296 914133443
93424507 936127142 119916313 166999453
486726909 969351847 168170068 217301363
742085159 395825642 728573582 762214261
914346470 359627792 648114238 650609260
955918538 16532463 527193624 584013417
301036689 587618867 240586490 268027864
802772733 491508492 886539522 950052006
817040392 734742404 908798820 937844190
616416772 413861676 590221914 665779099
906592425 612286589 790025904 842582914
476206367 671021354 819363111 869802005
808276840 963863334 364394722 406237724
560900872 659736325 535613172 613653298
352539995 991833034 499089 21262368
515879712 513568661 448638851 454687770
564628925 769863927 145400837 166390185
274135821 660862565 885246252 911407782
241270161 47016806 116349043 150157582
36534625 622196737 872837143 943024718
362730688 429004144 334297261 418813124
121595678 197970579 598313841 658547214
567977759 171094866 495758879 559652026
694397750 556936413 452821404 500461350
245019888 987827187 114164136 172022125
222471564 336565384 58030394 147184450
103579192 419097038 721667011 775062243
415328306 558312696 615356806 685337093
85676270 726441113 247180363 333746858
370674289 903344664 184044390 259788857
687733734 900084721 720722339 743079934
691210580 456683954 529305619 593851835
72528860 848232683 482716343 552334350
560524823 695326480 145395598 216368979
891336572 325369236 336708701 401478533
144867500 786060406 909965494 992379396
768056217 78932074 456143043 529100686
668407592 767781100 661452990 740759787
567934461 349286250 735654806 801917190
875731122 250854597 642944381 725942994
625871734 516328526 445557668 468487438
133575430 606993009 541921616 627518592
67409462 329169626 512597057 610391457
964246607 911029332 554501173 610753172
415034160 749071371 414317591 496589881
470653412 504797573 508449525 524431063
472617428 488435262 621556860 662398389
675058076 519554064 236522015 327847166
515768471 522353943 463583507 542712074
349677223 966472728 46417253 66072368
557434919 724266176 591573482 637532656
960172424 305548284 648789096 713019093
405255746 658927898 441838114 517046302
727219442 304133889 78839219 167564886
414039862 129404756 301813687 367723056
572770306 127392726 238732485 253807573
617067331 420160332 884303702 921294365
459203758 874609140 227042213 230195083
739846110 585544748 661492664 682570327
414941322 565026566 494516715 533283213
393183702 132526442 469655643 527779441
322716374 751991826 292986839 310112817
509091475 309320802 779332201 788687978
881118142 952327104 520241426 544456541
109537558 627648196 237922331 258704219
185561384 313928495 62987177 150343526
423633265 175577521 928564602 963631633
321270728 795727359 434743087 496590870
582138551 73092101 824665346 909278439
140288974 176664533 552281202 556232575
61437445 299189301 391866690 395754866
366293853 772611265 716654003 725548863
419509448 621248874 520220713 523034653
441509099 168458671 940720523 1000000000
333225284 270774671 350388202 413942935
273144644 920246546 49393050 84528967
503537368 664001486 560914323 636236837
839888683 98890999 719457114 817651592
354785656 933894399 95721070 109262743
599887960 851969978 669796266 712940811
945753766 373954447 592930145 647083650
383919251 22557650 95570550 160452171
743009673 619921859 259126449 333918944
256865900 174936746 198290639 295969222
337377469 127682611 541818057 556678158
601680309 122948083 817833776 891280565
202851075 62407399 239193816 339128267
103599416 417366205 578506719 639326132
865393832 44349070 926467930 1000000000
594348485 654079489 950569569 974254934
335684832 303560372 446694956 453336552
560195934 797832891 2375590 74279377
400593146 493090145 118033724 196464407
58741771 898131475 113492175 151254655
137257 572716554 808156002 814992891
125318061 647458938 339675464 421258932
851461763 698138757 268949276 342496493
394499742 759650150 949491836 979597307
490939574 62745948 243210507 318331834
846626892 159060453 978041146 1000000000
610483787 815839857 263397166 290018214
138838518 884007428 730196306 811101202
766507417 719940446 214819810 301697962
230221179 717204240 370409071 385404863
426731073 483705119 673735633 762234635
104338014 658726604 300514101 363473810
633321430 811078400 700003499 796722864
