173 897
656431246 118866352 225455367 289618363
680510069 11149215 437390372 494133831
487903775 178650979 810802964 846361249
504749757 286585896 785954790 854488644
294646504 54709041 374255238 376732608
967284787 144010998 795048439 879323542
464871696 501885615 471263289 518420426
646103412 653142630 698441522 707402629
3237942 209807823 141293492 177680008
843444006 202534541 934974392 990657410
130595529 888121096 94920179 156877184
946884504 796701357 450008464 514443324
927240993 396846031 681780742 740713249
137185809 722400934 31044557 128746090
459660135 938433978 197831765 268769369
388499833 450794896 588043856 680730197
114296763 464738817 38181191 116473093
836352009 310534985 908908550 950470117
353604104 250931822 504923715 586775727
117146925 402329452 179270562 180086966
62963408 505615708 761952446 812240986
423498754 489493228 664548420 729240693
103090883 129919562 971639317 1000000000
973455114 604913958 477930360 559046047
661611652 819093248 454905346 513398780
160196828 740772249 94427766 99795145
533835486 67724999 552498720 573756038
311961228 737437536 820745816 886485000
20177235 954777917 564222794 647143690
117556682 25200486 328129181 336282787
500329655 11722853 601463077 662185606
14074103 202201579 473514231 557150863
589361066 633867106 897860928 970500151
889043981 230526938 769721454 830882625
713480056 56042861 294767980 390762937
52792534 870803505 610239421 678705069
202764424 892344491 66714677 101809889
238208084 695301334 97201932 109367326
511470411 850147144 196195919 272229857
272525449 852832108 317340137 352336942
821297844 25472403 32066103 113868158
822645380 632574571 537492224 594491555
663846590 242770914 691409405 701929390
883890903 754425528 26631327 61327418
778245628 420777829 917191486 1000000000
975936240 277941734 303021708 347783681
979163930 543308587 160182272 207352942
985917366 137943999 999581139 1000000000
167662105 333468116 376565351 456015800
185026431 126394490 505057736 566236460
424641129 383122792 461421927 548462958
53101642 275180452 272513188 353747997
451280654 52877678 951605767 1000000000
870910129 161429621 542843227 585456297
717904997 233642507 296083498 315992449
160828609 352160418 387728210 482504132
174977469 212983851 887582163 906567150
544176870 575447235 671655626 688992049
507271824 502526867 745740521 801429766
407330395 890182015 888115585 949254834
261724004 855532303 167945798 240645367
909463080 978973742 192561004 245879080
679420604 345950247 388700095 453061898
421392694 973966551 101103419 174650532
166207260 668337330 169813380 265935926
577583176 609900587 151937455 184496967
814195826 104969573 192470940 211931585
397538546 884291056 906459409 935289995
275559500 477893978 226395060 261603224
990857702 334741558 169545322 242062526
221165254 210112067 324440520 353926152
457996557 423417845 515941604 587170654
610395076 25646749 758162463 849348328
193421266 703163365 8519095 86437343
205954661 753886397 445787091 521417846
238431941 885151973 47356731 130618096
472109679 522625244 207670059 297414955
960338917 280321632 926287878 974227146
313973710 779205607 664822795 731775378
214956054 274292317 546371329 632841708
335821770 911125469 499827674 555610625
398484178 716585444 259371048 273652271
631785418 244507604 14323983 26678536
200692845 977370631 855356775 924722823
931572873 669753039 724138835 733517724
286848713 884956445 646893342 658585766
588021081 960331500 832514107 842361431
226678039 378539200 738581361 752461466
123587838 235589351 222128088 233739045
537674069 114359611 114750768 204676919
383731278 963852740 810538442 820013088
45905153 189958035 273570087 303342197
450139875 308819444 580304541 589651479
193969461 289802186 515095508 604066170
304370735 351062065 52155017 78036905
730179445 381812128 82253931 108580098
619810980 754852727 309407248 314109915
489877807 523734661 395243263 409663720
698349720 588196730 510831857 524614920
502665809 476461030 200342151 216394353
516942874 238632556 238225482 320406496
107956297 962148713 706551088 707672653
591855458 725112893 927690694 1000000000
350446310 203974137 206610899 210189642
933190429 34378562 188031554 279092637
122508621 134832868 771177204 840784148
99480934 793762001 895378728 912968984
880953649 284562977 765235151 791837884
82602925 184407485 752327064 785332163
36934115 85675100 535868320 609220091
119696815 534802013 532814543 576880500
446773384 175124033 859156992 904401421
688697298 686680095 804397865 851946429
68689551 431946697 346615016 369804068
809941823 344614037 836324341 850667447
379945043 378931501 356753890 440054700
706430391 161057822 483438587 536283776
722535577 620172336 201023374 243984166
72281812 46251315 756601128 792956352
309932535 833742892 805823150 898611831
848317255 828789594 63464933 156541978
421367197 726110694 726882932 751850317
970807181 726068775 186211044 264590344
747837757 978391196 542995557 587573132
840668737 462680079 687039565 722146465
743262415 612896672 524348662 616527447
332977738 918380466 200481762 209005224
6799883 719114416 847510107 895108574
429459980 68250732 569605769 669066979
121378444 15110488 139693069 163473972
335504173 436857016 465560555 494147448
188874934 12209830 987157971 1000000000
599736392 862473033 412071591 499006322
555324794 752124558 109948056 137335624
519132053 711273205 231320846 308851679
180986818 742401124 77342397 97112175
235901660 986922598 658786503 753561833
139266706 36741993 921450249 989989311
289176082 118885178 498936026 554804722
318448145 21730441 698638457 762224356
37329305 621332484 834106841 902389100
227748798 81918603 397825896 413494970
271642657 123039517 928049494 930279146
557056146 481949289 224630684 257376347
864210594 536064161 55611787 153678174
726986334 107135635 805932406 894848717
637287333 587672043 988869188 1000000000
17811890 31184943 557038391 614558700
75967793 739990484 757925776 839413651
462891090 190171722 387161838 414960552
173063017 265585020 107184829 178582173
492705088 68122 965602530 1000000000
389494592 209048721 191779715 214200769
999800047 718763529 299718531 308801934
928424847 924580109 990166013 1000000000
313921088 117383826 793627787 871298077
996072228 29924901 819865802 842479952
197353862 619737659 310088886 361760549
925759942 752988179 51900272 102643567
567233498 51950826 358772200 447642464
307108803 478812726 206050843 227852004
49006888 585157223 659608603 676815725
836276588 244870166 770924464 787565952
698174709 979316725 69408046 156021638
272218901 625652513 176459786 272090066
617601221 549854175 879112835 897886346
373634717 975087464 694423855 717093581
105617193 521566236 589282121 613084764
433250023 694566676 937116763 1000000000
333085108 612689459 275801577 284598180
651385900 671147141 56674779 113602831
710942142 735609399 766200416 787098073
168010035 631965425 309919316 353842579
288813548 935879739 857446412 931063036
453959654 343129461 602491902 675008644
94727352 440144133 461866248 554599132
54317494 629884427 333871424 366478491
344611683 530871622 632773108 720973829
594167840 64322921 918637630 980843731
671485392 614083710 342906307 402103165
577336332 749303295 726608317 824060634
330890651 262558208 59856877 63195679
295258584 450562556 21604447 32470929
299496221 236835300 355455140 384288204
551129322 757619517 675195099 699549702
150338408 721496010 305581439 383295431
914371177 127703885 860473990 898536836
471897015 296441975 81874459 142327386
976183378 386588409 994166318 1000000000
527846955 535898378 374399254 443955821
494403522 836955842 652700072 670550807
739825601 668919613 859684069 890292934
657442146 642936384 638755613 706684684
553347275 381729440 659012384 720374586
443069029 436414436 678380119 770354499
423989348 817032378 437819952 522946246
975270696 545493897 194696918 215334828
639921936 724505253 643791037 691620782
20550011 153064284 617962052 622883540
946047415 412176639 88819385 108940227
283848587 799833360 3234233 95371864
547542895 327969504 768891066 814459749
579039631 656553796 468018922 558703784
177798019 566832015 977894810 1000000000
187364741 829814611 972480870 1000000000
58475978 37711026 908496129 981543331
51623997 435574421 535246625 542359254
791163440 555225933 934707695 982010925
80599787 46658323 956042396 970161085
224129936 894316657 388444600 462224921
389259575 269359892 367729165 455694877
970816049 523046271 548502591 557275315
491054662 124854155 813698067 860697166
86587496 841469524 307200855 325779767
360003030 282481666 901982503 992660230
808975493 596897132 847651635 939594880
303015658 770575335 96729410 152951839
18283073 466193782 657785450 706134974
560253122 181712462 610901240 647832957
555132551 930041944 545545029 601466992
903703356 814272126 980916999 1000000000
637269938 893105031 605025139 648058543
113712608 274572370 854718257 893127739
172576025 420779603 997350297 1000000000
94036962 431847347 380171994 406498037
541664727 378773862 721203681 794962298
706256367 678367483 930855029 1000000000
500609721 743334194 247857636 293743709
918960958 606846797 998790218 1000000000
805967167 6390338 914834140 942359700
924114121 344504387 713093341 756275203
570090669 20457154 701009850 773385110
441212434 712245405 538822113 568074071
661443980 616380356 254244164 292967278
798355699 953381492 425028744 471051651
225192259 425571361 825268939 847408656
887483932 529013366 162288338 207860492
336145906 627738918 448897327 484327938
941304137 383637639 54920074 149211243
631080274 169874787 812577616 890901649
367123119 462550885 957799427 1000000000
430827116 442445025 757898 70178413
788696719 713176010 866913711 945891664
935578818 352576662 511164462 538609958
692264794 154331034 630429692 674911999
205051411 210987633 557311732 655636401
863448954 941633095 717461391 756849028
266148364 903539338 68765133 118323324
302880731 872917694 193384347 227133528
3691437 609892055 326335988 341820220
508160019 386130290 844875482 853660053
881310564 935923296 316192344 316731500
867687974 964253309 236404806 301937332
322065324 867438238 380677297 400792063
198833531 776172412 806215546 882057219
512317525 93439306 585206039 650027732
985139237 39708755 655358650 750667926
723840357 115198947 924555883 941289923
649878802 228638278 843012047 933636023
71035500 911322549 880116326 964132148
550836147 850058660 772924889 838942879
34846548 32681912 897984230 987070292
452269513 146092909 228559780 284925410
395531717 121160389 710491620 745990428
989857032 710487523 318929069 349810683
818959558 767589973 405447688 490492841
841986409 81716090 82301785 140954111
203088752 180523150 461233342 479465877
231537735 255561178 337369676 397596651
335481694 607854867 769632162 808225931
2106651 318861161 732480000 734474638
89378595 750436604 130435342 226481726
94113810 52595527 998251126 1000000000
226834765 165509592 66522222 155385679
143189218 640794719 471055318 524733302
806796975 915335117 657050688 735463141
849622879 844160162 25177078 108943347
676134735 105881841 224548192 315599616
237824779 671597960 492973241 562867124
234164336 676985154 748278924 767461872
114337446 412567372 573986255 636845399
280411046 700169798 698188968 742086228
652843327 284400253 33989146 113925991
20435066 450606062 57627338 97505954
161633502 258227578 761120148 774594474
345250887 230669570 208132890 233940539
814949731 340487543 856295314 919045625
399266306 139757287 337164443 434484542
865619422 312790485 17816619 69152183
523160269 768030428 435434855 516207504
278889917 335734154 715587680 748753215
512794257 758595426 204997209 239738002
652675790 888124519 162185378 165191206
185198346 122319683 907222403 996096588
712151288 747417758 776582400 807245635
32311245 804957942 634318616 661798611
801078108 799251418 106174749 189626407
978277140 30408777 134068104 207450378
128876013 232737017 294807651 389975409
894748314 228377402 243487764 305477952
473913303 334452390 619963107 640868923
40901159 772506949 763381948 862823207
218427425 766914960 327200136 412847005
664172977 221149709 164544678 229417856
788550598 767931336 575153101 580581669
914655396 845553298 336871271 415887167
140789456 710770145 981082994 1000000000
188872435 368210382 605068353 609414584
305766729 462790920 642283795 729676836
178608130 20675669 361532845 422084568
502542501 134963093 265039326 363586768
388247491 35537897 87351310 100833282
159278131 699041245 557489403 613748391
531138002 426835018 171070182 229433769
286701018 30710916 122303198 124396176
707306094 975819962 234954967 266047909
415287764 461255938 8901460 86515151
836376351 29273972 666417927 701191615
396369725 790381543 470444065 550622261
662429966 990332173 157673047 244838794
619928556 757904262 379606409 387916626
157490722 210382791 155130707 242369802
86776423 161048309 385314879 453851030
248576000 606927237 26220941 30769172
128617284 748878247 703361784 780291286
351734502 377995774 261679621 315487371
978091107 184807957 294559601 295595666
725119298 152297891 368210144 389468276
889247468 591600453 607281166 637154119
283250625 919795898 471750804 555798896
438688731 940840951 895465192 908111844
553142921 648094375 262291346 303662681
836101322 406184180 631844140 711096944
449513321 131736628 431509301 440710394
713022404 893452894 246443551 302328150
717203482 657429354 266134980 364065539
639520728 641153679 779867824 843362107
481902781 299081075 776240962 782580576
614504707 869190058 468024936 530967143
186194890 656692855 210618352 291730524
97093353 829210549 438211875 524281917
126344163 710423956 516804817 557157195
68530189 871136880 684033493 775128164
386356552 786957965 475595069 526305840
12141319 100592196 263817194 277858652
34782890 953495811 448487241 472230310
414182267 314827688 542327629 593646348
424565426 352404372 844457271 914403270
308558490 377481498 166685657 173479501
65875470 996319444 580176988 592962790
946814772 11689582 475429192 525337828
195035653 52520747 988961450 1000000000
858641669 484722121 531876697 540569460
228357902 940003524 66520955 133491985
864447813 647618866 474240564 531500138
280317964 689785759 124183742 145659238
869476645 943956330 183371869 251655136
816197830 483459750 330668636 357458866
489771235 551411528 411627856 474345182
189053256 759739567 831279279 867727508
53088595 507050591 240489739 299965849
860614152 391381694 214195637 298893343
413594924 528563931 894385049 932494585
769496954 10040282 171211916 266018722
765155491 769299957 345288008 430479460
727032934 694095669 231880432 306447297
530627420 619831527 604618372 674738519
481748275 981676317 522574354 539485405
238174731 264186337 371763343 389310794
30961275 195189823 707027083 726673938
300563063 207765659 363916222 388809307
750044725 459336146 394067885 489728343
651856132 131213936 761494422 775190358
923775455 107348986 256655985 290074029
796869095 783534377 133253951 155818113
602361945 863347666 832457137 903305735
883519524 156692528 80082242 137951466
407108117 277825951 911598826 915079907
874878057 475922883 146033223 156236164
415710207 857394568 570075001 633726350
665905864 940579856 877479396 895381145
949418961 792041708 544998278 553964633
902034590 994026530 253631776 269809414
977431149 632855749 534912021 619718335
468685332 118042500 463971288 536299253
350107611 862920423 15175513 18969982
142225323 466578002 985671477 1000000000
980906987 882706549 662869945 665795896
515893981 708023425 904430772 988153613
232167727 975674295 414238874 475002918
235266995 977387719 788772677 852085734
442699929 504833409 204315890 291499323
705301727 913952863 290062819 338879044
281904697 813948403 950567075 986690029
339550702 462998534 124413007 221588284
967403079 73269480 754520353 763113201
953079658 886578554 318732304 328736344
114416316 214728758 332857686 430663882
281693129 518891998 680607097 699886809
35969346 825649763 965932888 974229857
523844721 822696827 395678988 427708705
543396117 960867173 557315536 625060484
977942033 830209259 646322600 713483333
995002136 985771279 678690670 712869157
604952438 53632873 974423007 1000000000
560816948 713814833 83391596 175036804
638967096 71824087 428805978 457231670
215560065 505361714 686854386 751211112
815968961 467628874 550487099 560389801
493469666 131455605 348423962 447689454
849844853 317749274 543542571 574918766
603449517 472374999 833699784 926732004
48959241 746590166 27680730 124271748
581098440 954398945 892349760 947838577
653383479 814452264 75734881 99409163
256199093 756205169 384569003 429099665
388735204 911426071 991869671 1000000000
513832150 365053198 406815340 484666889
707802307 564735053 52227499 123901051
474012951 729220534 598937122 670390670
371478501 603471959 667214707 705478404
124032803 286856225 911155552 956068789
550574526 41638336 143942812 239550737
12260463 941298824 891178742 917683169
17491509 412000935 820524628 825455177
544400007 263842772 581658321 643654075
143574009 95567858 623992649 644170521
104259709 894701580 80389118 101982619
672055126 362110570 747974844 761236440
794820023 17483578 945237711 1000000000
726403379 600707741 391205293 440288218
494690746 286301804 216777570 268001775
541966241 351821551 41034314 96738423
685265715 882858534 497796783 568119708
945238706 265094135 637516060 639507470
954179987 439957494 509319316 598028056
18654889 539879718 225236508 312667004
272616434 184714493 273434352 371876156
557518012 245081236 260612496 297078710
703402531 624645909 937410662 980954962
460023700 364603267 566524574 572899367
742482045 383083858 190557971 233703807
517796305 492764125 629629683 640145962
347170201 39337696 736641264 797393788
451060171 919581732 98957825 192064536
216852857 973884412 467649775 535648167
368503300 840884603 284289059 360789501
679900658 433850445 26057227 84296709
900441997 852467477 828999893 851659896
859754331 962095962 393082146 471119059
488737917 507195404 204211017 242987694
418397606 969236474 609950904 695456402
750172003 260465017 303670960 335213545
818144569 921566203 264810792 303961814
180169252 614965021 930920074 932314024
592084787 477142515 408173296 480031653
53806513 126374070 623253654 707203569
868023873 958729882 275399699 313516025
93540082 237493223 353241747 437749241
370806767 832061595 418021785 420308980
837093323 127447863 759071016 785010172
541194567 937880089 983336660 1000000000
525706730 202195425 356866461 436386418
47571272 813873501 415893181 451395675
23162984 584682819 216639544 280689999
225455794 784532020 897696232 898676206
407260793 458138154 626444556 645147932
637994947 104179192 378741362 401878620
910311920 157719905 730284003 755587900
320351687 653182842 109891092 167802480
788096743 15088588 608355601 684571353
270038553 272380881 963931627 990283578
566623340 46694524 240229597 282373675
464180199 693465149 493613040 543291768
250893070 907407032 792811324 839405127
249790738 841461081 660976430 754767036
599664700 151585103 213972300 291082445
481197569 505775258 357539792 437971822
111956879 794686479 391116702 478878780
714847585 74454891 933362359 974742902
59488473 430434574 397264376 399722066
636363352 342904838 791096740 873989953
566284855 464229107 423003707 474795953
546536755 613780144 840516865 875826077
866233383 850365224 619177047 664739068
24943419 316264877 203041364 293397767
514775396 647557779 387805912 391382740
273074012 989743198 777553530 849123838
668510107 416575714 477700019 514733269
626910897 960666670 33638446 97754084
737568890 454529458 280275948 326478331
223341855 774782709 393055315 451326787
772159767 962366223 498263759 527307352
320176249 341426423 53412567 62418989
91629600 989224536 881831507 934049039
27732946 217303649 364288360 456789993
936667210 76025239 712524241 744196229
745524880 892978382 947959168 966199314
834339799 782345925 224005539 233076286
66253482 135896075 858917176 952480361
435849569 783662246 326571938 327499484
546254346 717686582 274972041 331953875
20250931 382836375 121128219 121869729
688626276 452913104 623041422 652514195
175465150 516758072 737088872 796934202
392246123 312598290 271650828 286549089
812996158 883704426 700398376 713763970
520943355 673886552 193669055 257327722
180710851 913399435 608744149 651987758
160760405 31519902 746063169 817991956
38626212 444778102 279231351 287578656
293293712 110664315 632988625 670516648
143515401 102280960 470742605 567584986
883294966 713165771 170444549 199048220
793881212 983502117 417869413 446344172
303322433 302195314 715059781 734353943
488405308 801394131 65391546 110742014
973666688 619089338 900638706 946084426
18116527 588619348 462248275 557748862
844887254 356567297 134416155 189091336
681102146 182341746 141522133 204659415
201764053 347180760 591950084 593687503
388907651 825877269 533990654 556342588
798863106 702400750 742752580 804013921
997135053 749375638 82059265 91319675
107506321 343031770 508398866 526128626
142323979 611203643 123227743 144047818
433558304 981380641 195610750 288199701
159479819 971593 248538620 337919312
428449455 732832467 354793911 356580826
841218895 940335617 523383135 569469901
1954325 686482920 831534196 912973283
778102852 445395605 334670401 360694608
710929312 467376973 588104601 646558977
229364634 863693739 436310620 512488378
457882783 980268818 499210213 589117368
125324117 484653137 588996822 644741199
37309183 68969257 461572185 519949570
296786268 108791725 620937212 645914396
598616303 737431955 800658135 816195624
213840839 990893293 754993100 811918713
317423797 653156861 443668350 445817305
476092377 558490755 406657987 429825514
779801017 700152652 131866642 206328242
515263683 802134764 973437290 1000000000
909817118 34757269 493454034 501488616
52463772 811372289 995686901 1000000000
642044404 497863388 243344267 265056202
656728741 26979469 964262727 969393938
119037211 802267165 181689410 191864348
689289581 973291585 851511057 929639756
173257470 371012934 248998819 336959271
966286600 444760921 94241300 102721157
221357157 517831817 760645153 791452735
994411438 198296493 215827861 239696470
860930044 660072119 222783244 270856975
674628051 734739140 973146942 1000000000
801333956 780407513 844781245 895570486
504200952 359090394 766865361 854819740
938727281 494975074 167545014 207313600
635069485 863556598 796136416 860774274
237347830 20697212 923681855 956330567
963622522 426174885 230825454 233972307
487336064 463735348 821520095 851090421
39672455 319099805 275463621 328064630
957547023 768713285 55195214 84574300
290268833 261498464 610439369 684943259
130082749 883436961 459095877 469534241
69651431 181237064 573486630 613949633
953069288 382499000 88068863 107665193
239199210 994640115 549731393 594939316
787683622 762617084 487204872 572047062
604963444 178387917 352454736 392828912
773484839 37729886 149443885 229616653
585171906 430673134 207920510 250511048
417167510 102682801 234857213 245006962
490236798 770600995 692196835 714082059
632870187 348538853 696647664 729248076
145077689 192459169 270322488 328425392
335193162 760418062 357646134 418717134
869505487 395751994 671069982 699031717
427894800 743053843 216800279 240327788
123362133 903664992 338410195 419623435
452426444 957953660 368923872 382453774
895972184 19569162 953321528 979204232
629149708 371787247 394081609 450377370
392904678 54632724 332142671 368310653
698546940 701390493 71770580 162575049
477117808 616161293 247457362 329085069
993795147 664645167 13321975 49727573
585129854 180106315 128010822 137540222
263984711 689451520 684953748 758132468
11205904 221551225 357637967 438578353
315113180 127069348 274628983 304786838
905421409 187791169 834719565 895589735
261599963 782831603 475007528 569795713
749739450 1848448 496536466 575894151
705807160 13894427 547130972 552932357
385123919 618747125 731988004 735812071
22497037 374765905 242926140 253690219
323612389 105411399 344975661 348671910
681369545 894906296 377581737 419108383
367793366 55061622 448248955 507149064
393222188 186379932 108117693 156925965
895236733 947430764 613442599 636846178
909029398 765215526 145173481 186406302
90807423 968771720 963052570 1000000000
720232362 442465090 283384233 361589379
999823672 649670141 569098226 655418551
219279651 702003655 625267228 722916753
93015916 274839086 2925575 35725964
841232168 100599157 390732020 420782120
201180566 209152153 18654056 99224910
223320141 607645695 31949087 113683929
306846091 63574076 873533357 933258671
495927835 315708947 336686256 371402412
618387009 38250932 847096395 867225020
391238942 719450381 991284080 1000000000
13289330 293617249 703657882 771833288
451162661 214407104 861492399 904129726
545328244 581485167 830890072 852702792
642428408 197662774 311954446 363559653
789934785 65784037 91658993 118666018
469221057 231419353 633222405 697631232
150153692 599545246 331089902 419739619
58913332 675472007 440082489 516611260
377561396 22152566 6595545 21212877
371736368 631327744 913991871 993470058
704233623 842430358 316203249 335173488
411345764 569085336 127434007 162237398
434921836 526486076 484291467 578110100
726855781 913942534 659292373 719082689
441668322 542978422 568926484 646744697
800713218 722021960 856741423 905523093
150305748 615871271 361356952 431633862
181108760 961326224 294774286 331039727
221497592 694635396 286738100 288088074
464619087 222728093 3569947 57033547
893050044 209486609 505763768 527827128
31702596 853934295 861755674 949292029
657161933 200415114 48936475 95879167
234483545 367293438 750993497 837312267
281350480 749325165 175066695 206335443
68944655 470883077 976186414 978681542
125409693 175738926 416483387 510275163
787381928 595197442 281629567 308763758
977369023 302042615 354933017 363538343
644301388 402081961 343253440 416471055
863539172 895946053 335504841 368765528
389060811 352520702 166951679 189401994
735444147 7120857 218578519 283789854
768754394 135869033 52260241 151600069
455088170 468374561 379192483 440860752
603705395 624596202 597924523 639806299
772751068 633659211 532866564 576938618
831303905 754170666 121834699 122966666
348207424 802332042 33447491 61282137
803594262 195587591 998391484 1000000000
471788506 422107616 533379763 619282554
76523626 715216831 28427714 66306720
662083945 585713798 571486272 657719104
741688660 372776917 735013244 810510560
400483660 513230898 389072156 416529911
35474745 92481278 277360957 299844260
791976914 750496590 935711849 961171616
159446561 244856639 595576785 666646810
585234791 116993665 356973652 407961103
640743275 134211924 859789855 931857650
212743655 416893815 824077789 921606894
196530128 688632319 367607350 436287344
950216527 610185154 203816215 226173203
982699358 194515797 913496807 938714199
253967352 584964487 810507307 856093750
48227723 91795518 508187358 581226252
498031073 203587812 288012515 297373858
747021123 960996673 203066427 285689243
291563214 806210808 177804740 192543700
287610745 36398527 15173451 38617744
248973656 311204131 896380375 958134906
565660763 91055647 318192452 393251385
855569138 552698958 711576622 765559287
365936794 447236479 833572988 892365135
532101188 253521719 774563733 831677629
725254197 551356841 548586260 593925902
789295570 985233707 202921656 210802915
835364843 766180241 865131853 906757856
378485270 554287202 50729267 122740772
421142235 471095183 10889722 105270599
997293663 60157880 152905003 201893834
89091878 18109432 572030141 651007199
78644094 378041356 316084081 334510074
999593191 341778551 47939823 49248009
418418140 779687029 154271316 217790692
714528410 273442716 39463025 106541083
436539893 898476414 854739573 867532121
184370738 519954053 262549204 311249769
484307523 475510563 475622249 536276320
734821450 479096480 350626585 429933517
236759136 620694793 816455154 841685570
331732035 433543319 196009376 220541379
679230557 807266862 894764555 958257132
426709975 666533933 395558145 453685338
905680966 716698717 362791838 458992249
46961782 744391872 301446955 311295820
463777058 280939536 667582280 676511888
987984127 239248883 515677153 606048298
301174003 52270262 439078177 524714833
80632280 944145864 941829547 989050983
479369656 120718778 946322442 980587257
12479190 286901281 810906358 873533577
450553395 302571827 240690047 267835328
702477978 168491424 512507805 534764251
252106764 909259662 617856585 686006645
868530557 728154260 187883133 222584824
943698510 596165240 201554505 236741016
528397802 886563204 648980310 675018437
807710531 874031671 687276439 760551524
80323228 6755354 45033232 73039411
621824773 278727663 486600387 517756159
134580188 691563125 455402272 513474539
252455736 714851656 851307915 892526332
310321370 80380347 897208343 957652223
697962290 585809695 697320922 769419635
611211180 597606047 564025921 575857839
675278668 389464230 549987823 569831938
363844909 84803966 668975182 693468138
792545540 100201585 257032408 318008253
665173522 557507645 43655117 112731994
554792807 417895319 259805472 288347270
166665743 655237351 867875550 921820718
28552295 600386836 147576521 177361588
294243874 371196767 73491472 113537616
219952680 978065327 978578447 1000000000
577323377 436801952 526562053 562819556
404771119 820682401 386830304 459963468
671329476 250715561 331569373 422742844
2566831 825983280 348333053 414047225
796318095 24919407 414653238 503515215
715515257 202891909 567070197 569744198
169083458 245313972 869270067 922638055
1914749 112314108 960494055 1000000000
714608986 255987214 206474295 241782678
379418621 407443145 160219368 254691017
820963831 764216041 2743378 17803354
987377374 25785799 66216417 132941147
405086054 479786566 920715568 934847056
89529729 44799479 475284598 540488068
63478513 712820489 1540922 95990807
336547770 274845491 37598260 52520705
302828434 512825880 342731920 437052806
884946824 612972652 866639513 882591883
526571421 831114925 832587222 890412767
290386480 321558225 764816915 809622586
258827773 295231194 631893060 717667649
441508231 335407357 219518815 229618834
343401634 684560438 178028852 239927912
882439810 994834903 849394633 929860311
661097307 725334574 950184489 961544469
199779041 553032262 317606758 362580891
391172430 506792973 126083144 225620976
393672743 299420603 761521319 840346108
75647376 973674066 709430603 767427852
729877227 304423925 187620105 252862443
156251726 527388945 349085559 390479940
39463514 440145093 930444482 1000000000
116093661 248532800 682277032 780191194
633122658 195074122 706841180 795958242
835287391 820441773 84738856 103724362
943366496 28123671 64545025 131719875
655771796 663876359 960781895 989712292
792227440 305772999 194197618 206197882
137907624 567003993 598733513 695305714
805408269 12789487 192195753 237889228
638043671 197782549 432856217 524754269
206724000 278777260 522901009 531750424
65577612 560676119 446123077 516807244
590881059 329719866 238294276 299156182
439196564 972945523 20004955 117415487
66083795 869839971 343364725 368516407
597071813 701929432 941452742 988685895
439318919 737816586 608697184 672303621
545222465 732747609 248886881 342401851
680140695 861259311 679294357 769777039
656052256 585771162 330929591 392468872
781865622 922074161 838728361 931618752
595596843 341448689 517495086 608747199
946813591 688751047 569640601 620805067
596890889 895239234 8720492 68021453
43899854 952500480 713378200 723815046
994242577 19109182 520367930 529717394
75942651 973947254 254193146 342603328
463246985 695582161 732473514 774968695
637039067 524736255 533791088 629265720
34338276 640910035 693409831 758987859
983595393 661416096 84191853 177384134
142298819 43645316 609953054 697410282
545282609 670230856 526196269 598518266
958405665 833829549 791663482 850645087
127109788 764778907 832235045 868086424
334439046 612304462 896010248 991405462
163493549 694434730 805170670 861775738
656341669 318187101 503659417 531574432
694664212 618977902 473881175 504160284
964228365 819684562 496805347 571701490
854629957 386514974 110131810 110639146
949783726 235724119 969689091 1000000000
910188831 79774140 97137719 192048483
232631435 773863645 930484059 1000000000
184305360 628155488 838061322 839120763
794650595 366145328 107877953 160821250
269928098 104591626 922021438 995358635
167300374 469504626 501581756 558933604
539045297 906061319 778295617 808084684
359395354 743800384 81112185 171354528
310729186 200154946 336285078 336972681
115227022 932240404 680468512 700194167
266594465 425374980 531563096 542814595
357338772 374441774 483445947 525521407
509186024 579678003 446129558 471237745
124504084 255528350 518866938 547096917
766072578 110006735 188390951 284171138
551292742 349881673 132999158 141762758
375890076 880632789 969794480 1000000000
597862987 824141994 127364096 188025296
589814196 858281223 79419179 88195306
249529671 513472108 234679848 278320329
365849762 65774646 115731284 132282506
581793706 666511222 452002671 509806011
195008319 759918586 855464450 892817765
330245331 195758244 763324406 783881810
891643441 272424006 377988670 440371720
785610258 312740864 744914926 799821878
896425674 172146708 81807891 92339587
932115031 454867634 297135317 390791314
376094468 790060519 899034670 979969788
249238073 669852765 722214124 737983297
632228334 952775090 99715473 121441003
946182066 994334451 122658225 124773765
215299152 395346497 859085975 880498112
507492619 843530056 403091754 420532282
391292248 47332790 646352109 670076115
154315175 471482142 380714205 444193488
827662823 669587353 844589890 850423454
226320481 603541846 118742288 144188336
961798748 941722740 443436958 457996892
847495298 813584168 396311005 401883641
44516256 204276474 415395123 510884801
382407248 977324276 638682895 726531438
680590880 781747073 612885440 689295286
260446104 242901196 422935711 516996132
241097238 323879062 606255936 679725949
196678019 875758812 624179232 675727428
239308298 915377085 260312868 326864173
614532483 32984247 34727932 44985197
536584464 41621593 861167409 895718285
241084299 429629371 391882950 412382898
423404610 777148252 299304228 397431900
512658362 511865148 646921954 655042636
615926966 633154268 602458326 693451775
387999522 902880836 278529902 372263146
848781540 648201074 671192615 717469274
597270853 759144613 516928300 587049915
1801783 573030243 180795084 240602167
564293568 249606794 941784897 979353941
361045954 212791930 363524764 414107386
37015995 406409199 783142370 803521774
720647502 420973705 160926931 182240258
408513483 116775616 892757492 991243728
997178660 40126668 610334884 675492447
348877156 959451020 922707550 966451031
863289690 580354890 571548218 577981591
116594532 690767032 748778827 758350368
527022403 625451537 204504582 237642262
380931556 645743875 111078820 202242051
289634306 20833981 900451505 951625269
570375270 492529193 414315848 472121031
665224669 442528820 100144827 112258664
211160863 636505637 352154246 436916510
336067490 608394921 442555941 533599856
661016228 286106991 64652667 154964690
350752165 187836470 488047115 498913987
306349411 692736493 489818880 531666337
293105257 303399800 78025171 122011063
405627729 248693491 96065056 110610795
464118261 534404999 188024090 256689638
918979875 146838203 307233984 364342720
693291572 888858805 909071421 976239369
550613391 486480819 415039982 475918506
489787724 849864425 928654426 972870962
79630590 753048445 979916536 1000000000
873568506 791400273 178373331 233081280
22950851 186946056 241866284 265914939
789043298 307486410 869930610 933141324
201308950 281887465 194902695 243813777
361603297 960040474 289369354 320653514
123769084 774978320 848868457 908739628
127257243 72489568 24178492 84874676
