51 192
783864792 193341856 248811396 306984347
188644312 616427433 903415181 978854887
166053790 261299193 331509781 354259607
742293198 292371877 187590871 212414328
286956029 460041443 598336097 636321231
247041352 754312679 179317538 195927958
744857629 651283228 795850015 849627171
323591264 845909073 56909809 143106218
350576302 819996446 873273315 880904343
32775729 791523953 810973862 822278388
798457376 677574219 288635299 378377013
774956301 716255551 222027050 280607175
971274847 333517412 605404632 648590555
768603348 289627509 88355708 174757400
211950584 234379712 273402354 313533356
949374336 953336489 694075781 757344482
872329904 1813005 599470608 599903678
444772870 555644032 546595276 576931307
733772584 886278849 419630888 482591915
361983379 322711993 256237658 331678369
454571593 592599798 965391191 1000000000
886000253 542503950 860945592 958775947
950136987 125211061 77672522 139546037
470418454 172875046 713835090 770666790
415391491 790054011 869219162 871548347
936277272 408620137 632217749 683698807
723178314 733175198 149842940 237164909
882340788 883673832 120465774 127332522
697640878 484825943 659928443 754425667
172015501 286144305 662516792 756968899
814017965 715471310 16601190 63425131
803342206 598548445 329342229 417880547
30074065 61718202 738115041 804823952
155912396 714475665 875403685 954612536
625753792 148903990 288791517 382828273
438944463 136123496 974057842 1000000000
561421044 455820948 949162891 950606442
139062758 662609805 811119100 882370893
109260937 452353473 74472411 98006587
903416366 942500068 919541632 950309670
257589108 866947696 995714858 1000000000
303312182 640769442 392196472 453361471
444424576 483737921 646749988 668704215
324060210 282320667 446066712 453197123
744214695 80581637 61826002 85025899
251568249 482834196 197316174 242061593
799941065 457168511 55313141 106648584
546945241 294715615 189931566 203763070
187084992 972984823 866393650 893468924
733783420 362529904 53007765 100649214
242317684 8666513 518426299 596363282
390151633 740131265 71476076 157468025
970453395 71840094 361833729 429570590
67739495 168944673 659346170 661239677
896181532 55273837 82797826 139045599
271519608 347658245 986873409 1000000000
798128429 137792404 712272912 793546089
264710029 175909806 320202392 401272907
216667006 627543374 358738020 402383658
7084872 329913487 933062398 1000000000
483315108 824858910 641832245 686279202
148947220 153049 367473631 434493195
902072534 190501274 841096413 903175571
598388455 367089690 396436175 439527073
744930288 628670697 40740871 62135024
463753304 153415020 818168977 888317859
865926339 526512174 847126469 928304411
158606052 346992281 493615559 497301505
742553523 845922361 903745335 969292086
495207569 878864792 761855494 776151792
300127914 462021994 576331819 586612525
47101359 849930619 150144079 189768729
277920035 740430475 683142993 689941195
963272746 590233239 656897512 752564427
376780968 55987803 221760957 300760378
531952991 625520795 41196850 120178396
822860413 87939224 117588998 153574263
121570145 265719541 842816458 875449857
740158728 827690617 561967949 563514850
815554110 790258626 878585441 925587655
738460514 67941857 559527761 627702968
631772668 115120072 982732515 1000000000
277446615 623369029 707456877 744339310
613677227 588185161 907717870 995896424
182407782 717154670 778623202 859867478
92992475 579432292 366958500 384268862
607256139 169999496 272329877 341410454
636450707 996193911 38477687 126017089
286721936 359254024 229501840 319171554
723096341 305474879 851029106 884460592
960780212 466421781 148618841 193160111
914895708 4102492 704453291 779917118
632501141 23271196 574804650 658523650
450298806 572038433 712351883 797922573
236061235 711760405 242606772 326028659
119549004 758108561 593667368 622008050
868906002 974741108 548060359 583853417
492940693 37965630 621428048 640801253
755360338 241152713 360550042 421640705
849045619 881430714 824563552 839160160
427065486 980436716 564818562 583922792
125844221 24366560 220087714 301446831
770013134 665461479 340643243 362775830
955856295 647215306 735808977 798598288
712313571 329619381 387204211 449165906
328903023 97532996 574417747 673454225
908344961 353102720 875136111 917333550
220226426 421432910 868783053 913362184
474709421 413059606 858207038 892600508
713754771 515522705 389086897 480729832
364704869 241230452 621604721 667361216
342385915 473554055 669610814 710875097
721754949 899047636 44397126 121020516
194038956 621688349 514080450 565746730
870354468 510528294 823463674 890188179
879869675 144439983 932933092 981022612
200240432 435357069 112450346 172271914
752822925 173689769 100295655 106520111
878002912 819590136 16209161 110012838
766959814 885807819 851029802 925331672
982109216 787406093 592481928 600122926
903890492 929391823 634394821 649133274
869954050 939179916 225711921 316542538
423568014 642087293 184671459 248057954
37011581 41355283 230611688 272148626
556710554 659335388 640942866 705479053
670862674 460649492 910136672 950669210
303297673 760633329 121668124 217278158
802646049 52517023 633099200 718543612
181524983 175801087 816604299 840647005
877510391 179672362 188413399 232629262
856251746 880934380 898442792 934514588
564641703 637324885 803846382 854993359
496795807 332618928 168411218 254543825
833766749 892389865 851935866 899921168
850152650 223013600 905964756 1000000000
12476670 749154292 884401282 908038694
797569321 4350926 301594351 392885465
61450178 438668665 705483772 733853511
944270769 131420012 297777382 373630657
699455567 145640334 835957036 923060351
794726732 604672388 44636154 124024965
629782902 680018513 717608126 755904568
875292108 81333094 942208676 1000000000
282359086 39325694 147855552 210447377
21564308 363607383 163428552 184173763
706574583 974593642 577317236 582787096
9963586 797769739 226171685 249889188
520575774 519622712 149932466 241833485
881081208 916218805 931720393 941784910
74217259 979604216 625641380 718550953
118978725 331556584 324022950 389311218
883505985 954413403 143674022 206100596
601735057 162033245 357301257 414011116
567168989 808054446 381877148 452937447
322645422 592623199 833241431 882482413
826944956 238479902 316134225 377318331
257119522 284061832 809768578 869445757
808914316 416061616 866521652 873511327
685992020 473772405 346470721 407854698
249589592 921244737 326941149 369038007
352559907 260467903 952910559 1000000000
399527048 340315045 702325821 777640900
395098660 520762588 40493153 136896581
38361490 854954849 589788020 652877202
334972647 933041309 938580981 1000000000
255419634 131313927 984255954 1000000000
278008577 556378932 472840669 483028354
602000878 116273247 138913595 155151593
282422049 787067443 359465603 413145181
25694224 341027138 41283659 55896148
916454108 30942841 267916214 299797421
784604143 511434568 307303874 380363630
279210768 850425203 462104772 464450466
599822004 675248876 334888125 343542680
109326810 684253912 199033233 219410308
823191966 536191730 642697698 713873382
611120383 70927141 156331145 222049792
676205264 589611288 234865098 328184805
782241580 408608132 475373339 481983006
640532508 786508014 606151424 659521891
795768143 812928711 230926594 323918232
537418477 247842930 26240015 31406789
620768984 882946491 883468512 963782484
403830595 644501697 667981111 675113192
886791352 499079613 195234249 268716482
468539792 120311639 764596741 767143945
313583332 351591806 937277177 974310797
866187987 585299462 997905598 1000000000
845529698 718793706 285537524 291417946
693655685 998602597 822645456 827941171
673305112 724852089 833187096 847663722
