220 1263
179250098 624543413 396656517 484638819
38169274 505086212 703226837 780911832
313521109 774718396 903350998 950080864
294161229 243074235 520913988 608536382
534577738 816621633 187772576 287488869
627403353 295589375 935683032 1000000000
567702116 879989178 744871204 765714594
601423692 60200628 979772130 1000000000
752404838 634214454 943251194 1000000000
223014631 825665486 619644710 658054426
782533694 934011254 307720078 344559394
194428761 244872681 970191374 986143784
899250479 242536117 938088258 939233336
92787956 519296270 871351787 947488143
604841132 236602045 48606298 92765637
180256004 267694865 448732347 480198467
386648558 381674996 376157802 380715529
562045211 349630423 547916522 562025744
420963610 110464894 974689867 992940275
36456998 26409906 257983344 282074948
597935787 588986419 80096004 116317480
589254925 607407776 711935419 717856214
215772854 843897346 879319525 950083943
761315808 903101951 910471918 970219543
883929595 851180246 730270435 815165168
970981347 365616561 955045063 989316350
93772114 204121152 689139047 713690317
877214192 13953300 315706568 381706928
788785561 695745365 920128318 965607907
753750481 126956180 213115168 311882839
848454356 765868232 58721333 59042219
964029335 678533126 771468316 838433498
939516063 820537753 656277034 662444023
645748846 994685275 721584256 804242727
930611859 301799707 703293320 786338243
927521134 978354252 449886627 514542053
906400 679666001 681039732 714871704
628281212 331002894 632222034 710289976
721185691 626192012 241671696 318712646
154308194 13304566 543451013 589114650
554861893 991899873 233757284 253556458
344667480 568736501 828654208 831396785
131827836 201109996 533857015 605812292
196824582 365527956 306841390 347620322
780693421 799937608 349637214 435710945
129564539 576549506 602663362 637490275
339288523 572923849 71182669 143361776
336028545 715846875 584551883 587799662
129011848 19957353 60822586 114756539
214237755 643676252 669701440 735121080
792514309 724192696 585188745 657143740
593225560 447140641 890555979 923792503
859925291 224223301 317028464 370621203
614302170 140776675 117969540 139046379
588759035 486120756 505786623 523334668
624501491 781302092 447517814 456542249
381170870 176112434 304548098 309835376
882309868 848537145 859647936 871120119
767196857 698234073 107200877 111970745
161143520 694642935 177279174 240693908
433411980 944296515 547208535 635747073
885683052 774876225 755423339 825086218
616421638 374004535 955096578 1000000000
245451729 833823054 54306511 152703275
637142967 689292733 45790633 125651908
423850872 462097205 503691625 579464085
585963842 736697843 933173189 1000000000
11264817 799558118 445161476 503040959
491287204 105749514 592515438 605946764
85115979 968560021 210246784 217462173
285060533 653246522 464882292 516901810
532741671 24379570 64440410 127817247
600695017 926954492 658209614 740604598
238235252 468575313 628321404 680678113
337616290 894140159 365434499 402100216
327675363 14732275 472165139 520325081
336623959 25760552 980600732 987787344
367741310 776348851 512581811 556877191
49122606 168119981 134949620 217398021
498201258 849219681 315862580 327392855
588817103 390744449 825462028 858077891
520789182 566866671 990310459 1000000000
161595991 207209020 693755539 789464659
853711159 490596807 819582539 917788232
208090543 157356587 543178543 600365281
713088997 958199086 169931658 209372669
631610901 842039165 522303342 595690815
127257630 935080990 728156712 786354477
206124840 352792795 561657351 646472707
750652276 155031317 133424011 183561276
76684414 172350968 993848782 1000000000
633725477 975647814 581438753 671027129
907444309 156027618 641706345 672433954
332395417 893741253 625208830 642865416
889496552 152491077 332243526 373965565
497831716 874295398 231093225 330467978
305088892 222679283 692742022 737206058
361862743 369351082 253025632 303196854
772410704 857239506 607580034 638805269
708043269 189220211 535495104 629603738
771477391 428672534 64681587 75935697
264282111 194237121 553493565 599403311
102523798 417298908 680968340 774592795
696184145 818601927 636846 56686765
319225594 926289989 931021713 998328748
913829510 467353421 931873091 932608594
917243303 33385932 398313812 465626589
89554709 208569525 250180041 336387021
905997281 297500902 774803206 808965308
265850830 194854629 320502918 400565972
652386140 558720783 650023348 688347217
99490872 115229716 266198789 283972142
571166783 184351912 75530462 122686891
599543182 487882547 212927825 225374631
441829129 844544598 182987893 188765882
90233050 963520764 271258771 329512304
380936483 573050837 181660951 260563592
651100243 633412162 516612973 539236931
981450913 12996649 868108532 914176139
239207360 793344689 292094175 378111922
906596484 729373757 940112295 1000000000
667649832 818141410 915839086 948467162
161389620 4735392 737634349 796904221
265872261 165414689 388598117 408531968
283731028 740607412 493844637 547892088
751911258 804048735 843625205 867538357
56925056 772584210 487301260 582036694
644258896 544455845 359093865 402533737
485741174 44405791 149603990 190946620
538235620 482872813 802089713 893705935
196617920 522056765 482831585 576087315
971266051 27637299 327623194 337623986
245718176 675225548 503852238 536326558
47066592 36711473 688798747 780326909
757424550 899495589 895535191 911550533
10808878 791821741 917848023 992720065
551868282 748014969 275876589 337531495
398496268 746062522 746102032 813898698
779011396 388292327 281904928 330725299
801054940 195480035 729329164 763894714
64978032 1923553 272811700 362914003
471937733 544022151 622291198 661252717
308386107 838144299 714149265 752188409
557850193 282074882 58034000 117361582
98492011 791928686 753804573 810734044
275199371 160958988 977485511 1000000000
231506971 658743225 771774516 823694264
343478621 967930188 52081547 108099875
658546746 655686175 87065166 161583165
865026728 840586597 754292665 843827474
915734299 876667178 164682660 180635606
678910870 582675214 336998023 340904339
333485469 975794573 594208487 689700577
752282776 397658178 821790297 908051862
255842066 373657975 418815412 423388372
229254086 497609057 319642092 402489591
999429851 64857734 801758971 857841330
817956147 207922217 814946266 841497297
965785686 513575826 654828482 736262032
119356913 603996720 101628912 120270733
952060847 913029788 470334428 514558282
29382276 69182466 533616830 628732610
356146241 194675573 881971407 919463448
429363460 92775673 9665508 26778527
208406767 883939012 555590840 566648514
649872139 64104815 691966055 785200566
589961118 309187572 743123423 824532176
847308022 496740578 752106996 782908061
647794854 21703756 378267743 443283189
664436931 571705232 295753409 377373764
918318902 285755636 236715789 302374046
595643873 799422300 241079524 306051534
27720453 875094488 981318059 1000000000
705234478 767005302 79353466 89088246
75937161 86025509 725297827 757291273
997840060 961354523 302148491 308262313
275028125 612125022 465777745 494129883
23706102 400609772 361212612 377764529
643212270 310747181 589859418 654680511
893579655 426165482 758495564 796294226
866347900 793889979 487579510 515287157
577581525 542197618 934352399 955316470
750233135 874125566 466138149 508246896
534537031 988054747 41639871 100455121
417901412 982490598 48834816 124991169
872499631 246704258 655276995 705592587
70539268 601591663 672588598 674196978
228753832 316404965 232763387 244687879
962036937 106057589 960598360 1000000000
854046836 300819004 768735016 824927922
88530304 342525285 526139251 574395696
310655344 952920110 224586566 287062609
601706148 745890197 669505820 750149327
790774507 667847496 72383582 98197147
861911482 291877551 125727920 195756508
551932126 696574619 883206799 948337350
480213793 403574635 797412148 808448951
770828433 282559363 973527077 974281318
173155904 163390521 998161536 1000000000
311222994 603739452 623551330 690327836
76564068 153630316 424195117 428752319
680159045 143829967 103794942 148223159
518333586 880288676 900773555 953527773
370247521 777334924 261700551 301047161
594704521 227422624 322443610 360951758
956355613 10405936 710775874 734229845
786489434 599996517 669513234 693096513
183063918 433820491 334637941 357562356
230505903 391277843 504049463 534797162
567688535 787871596 922871361 974764412
194343692 628568680 143964748 235804220
117790378 722812518 90296803 113950932
741469905 845693515 921644228 923208490
999095250 813077134 872181535 941280522
5953209 99306248 270373096 283170688
607439699 409671749 942155357 1000000000
762358173 821147214 902473268 956208920
780372768 324730386 731949901 827047756
870534473 16072542 719285223 724998406
668589284 486182810 516584905 551344571
767427329 922391468 963775569 1000000000
811069614 820845143 910603830 929651081
538625266 986569788 646955977 689295945
702068433 544598447 844402978 855480791
224572811 170340560 764107283 848871796
316340637 582909152 842372316 873774470
374498577 485235042 505198783 518418359
946394488 411912980 970637920 972495608
290260265 821517489 472715219 516190694
312096806 926441067 644293312 685673154
345473812 735576704 766892319 820614958
970561870 172652943 526369383 625340558
789495231 692345753 465828010 538061063
699275639 239937504 592346785 643923915
239322781 673064715 993482706 1000000000
685943523 172266822 462566435 522190583
554428312 648936267 130401528 190650656
34253067 728089407 932783836 944052792
406922010 810453766 78700035 148054595
667149354 720343863 291767686 386140209
384527938 550480341 74959807 142876252
97454367 719296905 234396414 282926233
876365115 52318802 143542876 229925332
431322361 606420341 409576231 497308003
48428412 582466377 772468671 825753901
735569982 595730875 308766563 388718550
307835570 477031039 748028515 755021226
153558228 61126670 25970065 61352958
30385504 978440553 279738495 309885178
464558151 166090635 97372900 187052994
551752949 894266666 104455851 193807161
2027291 319295232 812964643 815102414
564704355 816985600 950934901 1000000000
559077118 682284526 897638520 980393817
584431948 66705867 245235435 341248479
126163357 943469786 260941982 352548492
459642836 211388910 422193367 444236343
490813130 157078699 487618030 515550462
320758655 226378924 957838375 1000000000
292543927 346765380 498650870 532854147
819160786 674205644 345680834 443965192
240745280 177323483 313225724 411230733
386229680 480408507 308333087 404407404
961949455 234290852 196204598 288312510
420258334 952363142 271051653 278631238
293797602 716971241 304255564 338471079
605548343 36869541 968664002 1000000000
604100062 334036244 385906050 435979379
86817277 475723768 359006136 446325060
109090154 770663771 806112946 889765700
69556473 772053753 41392016 86931371
900017495 649957930 858292591 951821583
845338350 299485148 840113669 875415272
752213923 643865763 728177659 766779310
325192212 311349325 422225824 439495101
505976611 347152522 79722228 114178755
551639923 338989723 578396948 650227472
660651185 67432103 910430957 912251281
8337957 708207996 902442557 976673817
206286081 651216964 410680558 433061585
523189527 508356707 115119314 119548403
904391309 811456402 328527912 400573049
993369191 485276357 280601548 378108331
205640430 641574714 250701654 285726921
970600653 26197095 148168845 183977545
635996376 728437979 937695769 1000000000
667312711 770653876 90435765 146454445
475606095 81532031 205685311 246773019
621075256 209455667 58046692 135160623
367830867 588340544 595424566 686298561
441353322 75038197 559411523 597683013
667081471 190964512 83399092 176497611
986626781 9853076 597198587 651353403
230802846 768557193 455466169 513605949
748149819 411062857 824744027 922217810
657615123 135639616 494568827 528659059
434942214 342800416 456939579 516919850
74427307 984433417 976747813 1000000000
138263535 877058936 103573045 157276352
858067148 124497777 992369013 1000000000
11961303 611567336 93643903 136935752
187924497 465682977 403605957 425658847
870790856 280334227 844454241 905354548
386292905 869965809 772491893 785353472
664239311 492663888 707013809 745346627
906537986 637143619 376901651 470392451
47374807 638119515 925409126 1000000000
805386084 894507694 453471345 486884195
704377997 912347137 569380237 656976727
362974498 960756414 44194818 140412216
873609750 913781910 573979183 655887320
123967752 768182435 37419035 128409024
932542468 126674048 795923261 884294737
11544043 69599959 678703895 696205893
377163262 35071893 264882496 293102810
132504400 946676464 833730323 843335912
622851321 616397910 904341198 931163837
692183360 899261277 388511685 449786563
904860625 200972699 108927183 133360286
89740966 926884030 564493772 566856896
445240917 34834299 510995467 563854245
937120558 340220324 369392124 428860123
377930663 401354627 136870122 163310139
424915803 956485947 260192122 294758515
114727603 999725157 435871935 526255379
784593423 819917525 563133837 603613840
137215820 399786800 43668818 109645608
909591704 981445255 955161574 1000000000
119309170 548852200 329040261 422773086
530698373 34775207 779257843 786200598
789805185 120906825 124839962 165525403
546960402 529279683 154830400 200918000
804729920 100590303 520669484 599645716
218688386 169181767 324877415 340845273
820643216 323496456 5728421 86588977
230979676 280030914 595608296 654091917
480234144 119623082 127792068 160711949
972123007 293615350 247287323 333256390
900006657 853779745 628475624 662171622
324273798 934800150 916296939 972021644
834844033 249331543 419124296 458748815
896504821 259811674 364963339 432054877
796491015 630914611 922546193 922837294
627850996 853109381 892285237 918407055
402966555 643851342 178068191 187232051
761681110 226493790 432158004 463129993
630117816 428013999 570592821 646006716
853191911 639163924 836097173 889594474
355147158 271467402 527934556 560784958
389852617 83242749 944179886 982864285
735500332 274492646 460786787 541224721
768663090 164775312 446363166 494675269
723493438 737439479 590680546 681425292
3369171 478172801 373273204 393515002
16405241 89408389 215653872 278281543
515585943 675084014 194895471 285818311
864560156 168439207 702211926 727014786
417436665 287117728 781895951 804420225
22337164 597791466 510248764 516512771
210331905 27993595 447841206 459534496
2553075 890408842 8020121 65925783
778907042 237105971 557412632 615202026
65531668 705720424 482286315 560918226
785779462 99301571 677533427 684537624
819675154 796162338 147248736 163786069
821762706 721327972 23698803 64925035
656098180 825081359 530965658 574330804
513354765 959518848 89680950 100499259
517241355 56063994 235476023 267047291
391000423 857313053 783611822 881019982
791153078 911559830 438081829 523845103
227021435 160905922 938192287 974325943
499467288 582050192 429740949 444844728
467100311 657084284 734286869 824653476
288271554 331362988 577131827 666300933
795418708 648484451 192121386 214655653
261256022 282603180 207829055 302679465
164398556 412297137 761868349 843501329
927217038 809540088 50626955 83493066
207066339 788605079 554429806 648058628
868571705 393484613 314857630 399775232
797967428 891295594 887149913 968372430
786153280 392656609 603319724 700801737
487026512 331713027 845555184 884602769
67016989 382203727 979776768 1000000000
211918058 899791213 97744910 122423181
459406858 521525724 74143820 76790191
319436128 984106517 625649059 700466942
314954214 356495847 375547869 393438363
825665849 187354039 88757406 137940673
384916200 164264298 847665760 855465064
438929359 249969518 237729250 320551753
146206108 287042843 598890301 616902041
51934649 958169140 567322048 660766503
491195132 699562370 274784924 339477098
412137671 253012844 397737333 406105992
101531880 349589705 818050057 907329854
240652706 10295016 562906062 569601509
300492802 454219151 861054358 914398133
357381106 267473468 616685653 651381182
43083856 708285656 399372838 454872404
568758757 334363904 17590269 115292992
771962342 676676203 490402208 551946545
46030533 794297567 125046820 203329807
1329312 9931541 722873638 759697890
414441453 935029231 21751899 55632000
432483996 470418473 132204934 182085185
396706845 528163938 507958191 508350922
460774911 797372863 652613377 751080677
886717368 429737850 278527641 288662132
807528035 694191206 495865350 566362761
518560052 72352310 906011783 999984497
697298395 219069291 687514943 689052385
890254897 61530601 443551943 537810256
449804357 762262568 702873077 775806373
625572352 695745638 583437765 619898081
183125924 525333252 361940076 364187476
445346539 577994448 201915788 249264882
641979105 248406224 590716257 620772976
545327127 903977791 553875403 604486208
502479802 881387102 487870317 530342110
261949486 708233384 44613653 102838829
810983461 15626647 119808241 194020368
756811869 36801509 653460985 710849890
390048044 882753671 373085710 419527217
463129264 251493069 971024815 997999459
475154073 425114972 637253923 677730410
172999110 735160287 366657812 465458698
130680809 351183690 775545066 847709461
284241030 414358230 417327706 466257453
16910730 119961557 250675539 274814213
886056708 921247062 482071255 571925848
663861405 178559076 813639704 898233461
813115103 335069053 128812316 214921381
701430571 158447409 775015779 845197083
203616735 274459370 129275038 222536410
144691763 903516366 304684929 368898988
593158917 844418492 259953681 348489222
266228876 776459782 426529306 502601534
628668466 544409607 60985543 118761336
881248355 592651277 873199523 943808950
844237045 976610702 619707819 711371576
456606781 355509880 645427009 701320694
370504552 801583633 129030469 150574924
91669158 923876068 451223666 457985177
153260358 303673828 450714180 519944173
131636063 347411749 694551465 697551295
136126680 104335163 545853946 637389448
174653783 640671349 485350224 545080129
234749331 888565397 884334022 926590427
934978520 37392966 735123933 790579568
702406058 125010335 58254793 67122696
791616152 875679652 6966577 21060258
220541526 619179728 920605681 957268060
219735285 364895822 711066201 776853367
644628384 977116984 574669210 622101963
210841379 717956243 351517149 394052175
218472748 330146231 412894066 449703357
364516931 225819606 465025707 545045967
941302111 503305695 340758717 400098743
689453958 766661190 661261520 671370061
895805561 801619810 673072495 750862438
376376664 744097620 376792578 458213117
106131972 569200799 511783461 527440330
465978604 163763937 977298010 1000000000
436408601 609539535 491778737 569875718
373025495 985257403 119137201 141890219
377858035 226535433 695543450 730117905
43056959 543392055 101859614 199764173
732905922 29763703 61566657 130559254
530215886 604907292 940205682 1000000000
484989800 549459697 619186066 641095296
891343171 969299785 909015439 986634151
344568832 186957045 136467689 219058752
440016715 91238323 75412013 127078941
460645729 746427080 805929146 839717227
274664438 43758940 255525362 298633762
387239949 963027489 852600903 868212871
484994450 758263699 101854393 186596589
898994504 526015089 762324604 766668349
477644141 268075245 281876857 308819489
551611554 508813772 896182264 923603531
409662985 727339276 449375774 538810651
422596883 120887858 260532045 324480840
200410651 798918146 801092065 831032535
120701478 19029685 338743875 357971037
826516404 225995362 748575579 836186782
414422102 98759896 828045579 836288509
530984908 942258527 319587653 333136409
981749565 912341965 882190731 925248158
759795674 180906654 641513511 656770498
906968088 114576031 346457729 444589731
383008940 880735469 938406276 1000000000
511913771 106187239 635623723 727813242
22732684 744968572 893823881 964379501
502113674 273858610 539506836 548686906
840000955 898973713 326192739 340548635
155105230 838022381 300731511 364396474
821011087 115191513 182134044 209883606
864307293 703255631 508873519 567677544
452013527 15427574 928779875 1000000000
334663675 523634947 227220601 280613610
883007787 455349466 831561646 876714084
136850259 483249770 465719302 488633025
124694924 902039660 868167235 956302156
988496321 457588067 552765022 630187380
193750261 376304480 841916100 857450022
997487116 880716630 348251320 398314805
207624609 303162762 61600599 145454156
863020941 365673648 883024705 939200106
562445909 116978603 435849378 472643787
580810191 655075827 904275746 921448715
31878340 121604844 998482292 1000000000
981574208 705294047 602711791 640092356
305618048 731376364 817718816 877124455
744292953 878039090 478746195 531760111
744416676 849126644 835765428 849949074
601695308 198436895 546458438 626362565
766718324 656914978 877692703 950941851
903240007 670513593 302332387 393489668
553353766 417726738 155232023 231376089
626431510 896062138 876864509 929563746
260972598 891065017 633464749 715724400
968667367 262812179 296143458 313592648
254998593 747015337 893705460 912334863
37424215 536522240 935988525 979367315
166425683 14691095 914640789 941682643
776305027 512013857 26064652 84496367
43716723 958267052 579098980 665932796
470220712 596466427 760427352 775182520
224221231 425645901 26617326 85040705
999542827 700204050 924586477 971953646
647936805 706044712 260691750 316985228
419591263 129934421 82401662 140919924
370886531 18875357 271434766 307068414
383748491 256463820 714623375 792353818
53243648 368972126 440345346 538206683
334555052 682284514 158421566 237025596
232145860 696016040 945160988 1000000000
136973236 456008267 680966888 740784693
378566409 385276514 501923200 549645460
497414002 787764021 661616647 714228105
307957997 926229915 9840464 108646861
562806293 189760587 583353843 670230398
486314468 496726634 358910509 396290784
178951462 279713745 115151738 196508691
593047498 740686518 172305206 218189962
955582894 53307018 158462756 223578062
300648872 341756666 264935686 302675873
276887906 712628926 804728555 900649386
11147852 941023331 417919913 442263503
854398183 370841636 744941371 794672281
661863049 512044065 471403916 562762327
752855703 947800885 875528807 892135889
869222370 953986738 653293423 725142373
964766508 879430021 656014374 744169423
401038794 421924825 735708894 779359293
705026322 379949677 816176746 839513202
640041806 858863664 756907810 759451523
105041080 452432773 460748171 525948180
39799904 433441225 859520389 917435481
123945108 899078615 103686020 199818390
182594165 276344869 512378609 565377223
503014180 490167579 682383734 740940825
609201497 505633142 86849812 122015200
716824097 80262981 772737690 789262786
11888760 707909087 788987171 821219054
806266772 624739838 906912243 981042983
66525259 508588263 136457406 214686867
577664093 58374657 267206747 329817816
695829624 112663843 729355553 816094254
417431426 506374675 831277759 867502839
603497687 327826702 471603257 525255183
175583746 109207739 667266034 674252050
10495630 922955332 43526054 135859400
258925533 544584524 893220174 935453458
603924761 10309653 433027131 481008728
22712004 815433666 578193433 616239755
40518106 651774139 936562969 968038763
929946783 614430255 535928357 575184834
947977903 351063200 907532942 991934005
333927900 419932428 862820848 936320684
451880957 296119077 429043558 432409370
980470182 878114682 857686283 872958938
458716885 348101598 229126921 273261118
956751500 710905051 322646943 419219286
413868685 326547199 821980625 873266219
649615035 964624073 32600168 42226241
128284635 858313672 592413642 673256378
718729209 647569722 99040899 162237383
827781633 642437132 405971004 431482588
540113168 677689508 337854084 383925814
26644050 772576715 385652392 418476374
497635010 250096070 534574065 550400737
633732997 371632841 206869111 282264221
147424672 149573233 710360089 746453285
31663091 113490605 426641786 449867331
47083731 981211781 767529246 833134418
79586475 786671780 218810876 272837185
466903934 53101561 203115180 208047953
41999650 952812752 692241140 745851868
974646938 643627792 54502241 93525320
153797913 603785289 241564808 298166222
629986883 786737604 241870509 300164464
329636191 228856663 625238238 631295546
777142144 716095278 216733311 221171580
204590255 220055455 651030585 716236217
771773828 258382523 666294150 708804718
15663995 339369479 763911566 823410677
8314995 124951343 911903386 1000000000
317538167 980214387 26153129 32489884
617804701 457106217 130081692 186485383
180314556 130759093 550910741 619433811
983021299 967211090 128909460 138620547
76961371 52394931 32387218 114662932
954154878 264905373 249988683 292380789
846462649 312718791 964319951 1000000000
304561055 412997890 79824409 133363310
617924110 362054313 36193625 108587316
735787852 709948315 440838933 524710314
126395882 201435027 978756782 1000000000
626670654 236933562 406851854 471630633
603605655 62046557 941272763 978942294
345804001 889766122 88179840 119432817
29241100 436537542 167189991 249217279
117843092 375765565 18095340 81036332
383625048 877754726 737165262 753423995
369526276 191609133 560011308 653007704
684387082 519050349 246318219 277966787
567613223 145593482 633001022 701855573
250723868 93779474 897111747 932790357
665585517 411185051 721697855 808051274
554520187 155179756 925715399 1000000000
924008159 409150321 349437569 448466167
965093083 444949917 782701504 793937113
409575595 706965261 75784108 106868001
819046298 180198978 162546677 181957660
919623835 907909360 578414875 665171980
730762891 648530553 353931912 381018362
809308887 205233582 487178946 527258969
707896813 250697486 921356633 1000000000
476594685 724358318 239343211 305001445
201504607 127086115 478089978 557206226
447116737 679957932 49984517 62071081
186778665 966077495 280642256 333981321
749951498 356997797 708251225 758837109
834793028 226892177 636473006 678508338
122541736 535201070 700781171 780720624
983523771 537316077 117889756 164180162
957426106 490854967 324714036 379286701
952135763 212157374 334954867 347173421
350735243 346712981 696652326 771184074
436335179 750273587 778757577 853051241
881163597 161473701 97226878 134225278
546496926 934103041 194178215 273019505
552264390 103791874 565557203 603471737
56974503 669699208 892359401 946581746
611434472 392339208 950017498 1000000000
255708737 514150485 331026900 391890606
66127266 504606807 394286770 474377066
540486921 23250620 633983431 698952820
677823293 838903403 159186073 182147459
744452590 201203359 435682662 530832018
118578760 290735879 378186733 423223575
194073719 39481259 159772019 239745845
756837906 931236215 165147954 176317799
268609122 517575196 392518516 403985116
126292404 449862 788134316 800291670
881429712 949275215 837130514 895874874
393994919 157255231 173696435 182415206
882484675 693661661 652402398 665894527
113413648 156218830 453146432 453689365
724749117 791510054 285505663 355832999
472988175 653591788 665339379 712927334
89824428 27425937 404932666 413858222
750896459 748648373 82710352 109519006
516656194 233243506 786105644 866889785
327384156 46730075 91548701 174850494
497659429 716735602 272118424 360311262
106603575 563165097 31580156 53346425
6322700 796633330 107435477 136817821
651757480 444923070 599112864 669566454
251604671 699668033 529636013 530241791
380702069 992033715 192139934 248268135
106418878 420854967 79177695 113244861
656632557 856562384 606435116 655924271
573766790 391606425 393617669 489150637
325295952 600764178 24749705 86797570
551401865 887189067 719172057 754979871
885831849 516327370 40827994 56476125
789420923 585193135 458356102 546904153
106511112 350280111 961051108 979672247
137736558 613615215 780767288 876572131
958430627 665877 88517612 176184682
66425129 201925509 281281840 310080832
801849435 195893785 182120285 188883029
299578383 307515162 226492924 252862802
611929036 289198448 391683927 485337379
510839223 670216201 151317347 247876402
439694699 522066955 323526691 404323759
842867059 737304199 308830128 356703920
822559624 67403863 112295666 174212117
217161248 433692488 238342971 289733478
897784091 418592227 844392384 905410999
350750591 339590048 824405967 916212931
703712358 599453140 558584612 581443079
288073217 289936927 339422310 421466209
133148286 755590476 439712329 531691386
168962714 82028064 655997004 713949898
93719817 192770551 835398577 924226664
72321077 559786462 173865560 224058254
955130312 548522212 760923709 824617702
900658052 845310356 442625244 504893504
37730992 234130817 225729006 282629247
566970826 694907439 487492513 490027709
993471733 314354584 833696932 921920531
20940814 519865695 456944629 518460355
317979618 676380812 925107571 968299576
932233026 132312658 575429536 668322102
430274336 785878429 488950356 524243994
450809111 860712489 428242821 492136802
149488585 363996894 518939001 569600175
483396058 580968346 832483793 902897571
269215363 354040764 181709634 222020048
150496942 604798707 701751328 782058034
210055022 269831300 248301759 279524586
834025254 460318602 822771185 916422203
565728049 229466848 92800920 141221731
866526449 990491242 629852893 635028714
384016749 278664211 287397253 325927117
927472709 164635229 438610805 450230055
896510952 979600259 614198474 632423789
644005073 238548238 40103019 132281064
56811978 643679281 791944790 842564943
955102934 539291387 463863873 482231913
127754296 20536456 719529817 761565492
483564723 29356880 319671724 413533529
500334844 844438746 169586179 257928992
204692829 367687532 757366093 783238715
124845126 716016905 588991827 619014172
523940476 135067149 526384803 558618377
807003377 324842547 448713209 546953405
239408243 991898311 766335457 825039464
249062107 448572555 326973462 344749332
856334578 740906513 689500403 727321501
273302107 291941332 685775870 751433654
944845341 28740218 223839381 263275576
63265785 868267354 426097390 482868265
101888078 429521763 798534687 848668686
74710966 659525645 6658362 9765998
313473136 403357494 257165962 328807075
88898937 622035649 720767371 774470021
166161260 244398301 948611455 1000000000
724652761 832538057 241494892 269651157
226875867 913939526 778899970 856231938
415785255 569325209 865190016 910200738
421531852 929942544 128641915 160875977
609564901 529772499 751869033 770280411
899670871 695199268 358776680 376117755
850177575 718982384 374767668 413722239
262894186 187643532 563942130 631798936
812076725 918209309 896359300 921316616
281715140 245069812 870407161 897460354
147585792 828027748 742897719 811023379
422231087 734608008 911289700 944417437
854706582 119064200 940344293 1000000000
113172421 660023676 585690576 675881914
59628963 89666627 672596561 705330472
461214048 956273788 149646731 225574284
307718510 156069215 689119664 743325204
788637898 58179047 236507917 318753526
30396665 628627350 363682439 373185406
136247718 383714488 561198269 635998925
723886781 418053663 2744321 48820008
218981517 143280564 444799334 542717033
444071584 287914649 869197650 894903975
504519451 335298159 473353876 473399593
546541620 915519101 980908880 1000000000
968977688 529737628 408771221 410842948
884789002 252416971 209067337 242460631
409584422 742606044 946985025 974954487
724617434 70516779 92960056 178341769
267988340 277609653 205350427 217949659
482986277 312825599 627696804 670179813
982062945 660428115 374622545 466243528
641044725 590487288 435807706 493148642
525023858 65343015 416730667 433535548
270033148 339663318 875389978 971484710
241970414 112077312 853089707 874691068
631645586 138885572 576002571 623397606
628208219 613617129 281166706 364703147
119466752 518323941 491290678 510658145
115683925 785600916 805338008 856719510
807084847 747826584 833885045 841205439
167691177 348102236 649436406 683286155
144662259 885229742 143077496 209140640
638699806 557823701 349171148 369926003
230687000 821780101 403114375 403781069
561678616 2561489 342448747 436966900
543587644 464810749 945830747 1000000000
427690659 576172082 532937985 559730517
517538897 368133802 105228274 177814376
635698775 61896770 743687145 818211789
159884786 242495306 354297103 417196063
824420975 278102111 673259270 689023523
232711953 730486342 161650825 208421095
630467145 508315238 133770470 212521400
509379668 836390188 573655271 586851094
633794197 268692364 978423766 1000000000
235004837 262559219 910730491 1000000000
236527530 704731970 13568637 90840174
285178069 371684161 607180130 690765235
804102389 578000480 819809899 915564706
648951180 119261253 700566747 767109754
440360316 714167358 332573046 398937419
164259134 597849260 309990255 318637950
917976799 395669059 58404351 91196410
835994810 486653926 777819773 778106955
552990030 703889923 290727473 379464821
815602677 995139062 259872837 309989987
723194622 415849553 205124851 272771836
787640489 792418509 635479815 709284484
463516914 710905518 352169226 446617133
396030611 471924603 360799478 393778622
718217708 646180331 21518885 37467029
439564392 983278813 937015569 977685080
539444816 421923691 920871321 922423022
229215125 71885615 220648909 314551029
452768409 831718848 62710666 99596855
714208151 19470246 867949771 964224200
178890765 424669519 226511041 255310030
366810697 192979368 379633369 424149122
199000154 395854149 543855175 620771797
210329907 719123286 657308151 707408032
332816701 19105012 959767850 1000000000
156056027 569761644 380418313 447545017
218905399 489286304 377205347 435032328
995816526 264850323 542954098 568922114
118989321 568980759 617290668 625351260
543222815 389175959 880184701 901991366
87481815 543364883 974602532 1000000000
224747552 995028141 921479969 957661147
329912380 570296789 522434460 608579564
674469478 674807530 895783180 913896721
811159028 994594218 675181511 762807770
608005938 796562035 112802362 173938179
340357135 831599321 148834527 197727044
768873093 668862429 214543694 261904304
830813365 937409423 64100838 117513985
417818113 658282383 799331543 811077541
56656191 101545367 789670193 882505166
355231447 866338197 253257559 324793053
577409880 857327190 121270999 169460257
724687854 103859229 262271350 302650117
920840859 1267923 448334988 495801618
544635796 323717705 493139034 560977081
102094265 545427017 432372841 498784865
364034333 131257848 184666332 239148841
661158706 492388934 930788165 977313970
59566461 540525971 455474899 471805582
204658787 866467458 176449570 255690441
248837517 278195096 901569224 922915803
516987164 718329795 631363341 688958466
60796335 286839009 41420214 119831534
730515452 68559038 71719601 86574506
208990181 63329335 213270037 286696639
90552782 976430361 914312848 954392075
361270412 826935293 660874118 756998077
377492153 313790636 19063292 43297478
339972394 238770030 98883210 178979800
196756251 220023328 189075051 196348977
864659695 709519625 165181865 223714005
558866875 858552288 614437810 688076183
213183778 698447033 402710368 435891191
224248309 412368454 860192026 876227027
997512843 741072066 657623203 717341552
658756978 875178075 779993507 805101420
988896643 74404214 900867735 944650329
982844718 170546334 774962781 781463571
186916987 473293243 850577065 910899346
997827893 565915814 763594736 789780969
331369319 929370692 600571757 669257596
5624152 648485021 984164724 1000000000
423544825 257160918 761067966 765241768
962547269 614098925 139043339 238225168
457170232 365780334 26647564 99848931
854839348 688086381 547727726 620704458
893115437 392827774 984040467 1000000000
351239277 67831369 484066389 515706340
581994298 833471932 122059198 219558992
234841022 183150160 356651049 364396691
633889428 330952928 837707617 897934131
4087473 382664866 289577992 349908999
983841891 853339808 486421133 554375750
524117511 567836353 165931286 220140997
550912026 728903296 918290650 944012403
367599549 21754337 780645546 783806019
318595702 35088557 617559048 683302277
70307928 47313637 16511064 19410413
741009542 135111814 199729969 235820353
561187603 247004170 804797547 884142203
357558084 296483309 397656991 429152368
437229343 75476132 995252908 1000000000
997822177 318005947 367818668 430215924
485178357 234832823 140321417 212651637
155633687 682971960 765511747 773714744
637826090 74768930 581533379 620910995
336523412 592851429 812210393 860686459
481699161 481340528 618482531 687133109
599735878 492234654 15834489 69036236
777216616 713916525 143025249 231443922
487800937 541819892 49424118 50587847
806573395 650083594 91360083 143231523
10863911 113248342 239580365 333802085
446735556 526202030 442202479 504539527
910362510 403871395 618590759 625705777
725788415 481426186 247474488 329058236
446943338 213645302 896014861 928156091
915519833 34252810 551108468 615127175
863375266 43435077 949574183 1000000000
561909974 213549540 999514654 1000000000
226231487 442168235 600744652 688061301
637755911 377963506 603239239 637540027
876958352 941870922 467141964 535505348
100021491 69670117 849214707 863152982
902171601 662279321 321860485 418147326
468847801 207445562 467496187 506683479
671776450 687680238 299935423 329310005
659217574 624064632 486651206 534851225
835979777 716401102 267758981 276777263
909229411 169645238 736243133 790052855
392427858 117204006 679959596 754497836
214655532 829284641 188957183 244125397
966900921 818509645 462057892 465486762
640270081 844220760 856824630 884260241
661410543 858867900 460601960 537835112
653878558 219289981 720969827 780606755
439830590 379138618 608962514 675304758
914832104 347186546 897151728 934568370
986523171 787945886 574491313 617253315
437348267 305371344 336024228 399318070
785279836 742645759 183866247 279296863
103098335 223945044 862341631 901627298
684388514 847546429 14629248 50625391
421453906 119439945 618111599 693800274
786456570 879431386 688416146 723715151
73649913 791733570 613439939 631164145
812311086 823882115 861788051 894805699
709170375 296715334 416209215 452018108
844006962 591566803 623538727 699726986
964415795 264833051 656955461 694742145
127169198 505486310 812534034 825873584
620873425 92393638 286817270 289949932
572863745 328000856 881806481 960442564
528640534 198765072 380683939 425118705
973116097 456587447 311023189 399960495
887236382 487831083 445564103 473791069
886464095 380274621 256911793 320515199
426502614 754619484 643072651 690066936
636886849 973683321 739347667 825824917
673709982 198116494 378901764 417710051
693694921 330594758 898086576 972221988
408450926 606863710 67338455 73088786
365673465 41344934 997811357 1000000000
262962936 775530688 258370104 324275838
477048438 710408605 646911189 710968102
642821589 987165199 747886024 819188674
325163987 881936190 674901441 744430747
189864025 121797380 541546577 601321837
282786357 309267057 895476205 982420511
487864578 727103466 368818150 432868468
803458733 261443927 460445182 464194500
219032921 386823029 792407493 835898942
949690213 782851724 18874977 89482778
715328240 81556396 603629540 657100873
987414789 954042884 626308921 670580987
56899494 937603188 454049051 454679338
803932880 373143240 48883427 101142347
358174041 199072571 988478603 1000000000
359446318 943189475 610415892 629909688
83210936 220246015 293879153 305172649
29975073 232938515 841310263 870861307
82566229 144918904 910614554 963335441
277333709 97455418 844846489 880581292
161272339 451177822 849403682 918818285
277644324 631526771 791656086 860429195
655926487 571213119 434582430 439891201
191389863 896094649 348628636 381129692
800472867 879782273 574978614 583416605
968557507 8096840 885592596 910374988
41023783 69854969 57232587 61749257
473019942 477023492 940632150 1000000000
138922152 304688911 994059258 1000000000
52347108 973035369 175511504 258355953
689346745 585572649 578521747 632449447
764712646 24160466 700619914 719661180
562644081 288197391 229862488 300410728
757984142 475063753 35199879 41801844
576310203 829129661 3500323 91630510
211344072 783950901 342862121 349429190
818172647 391271275 962625920 1000000000
308678640 251005874 810687576 857023793
853277916 37555624 487523972 501233136
949696712 656238113 761758128 765414667
927677346 101206239 936091084 995810447
882839110 451884214 306606283 379285190
820098202 934607854 440362037 455199940
923949703 354345461 879997131 948162589
797932442 681850515 738326203 805158718
172651000 930219090 994446724 1000000000
277313431 9691494 3763208 16355981
335512292 404880640 784747441 812823911
723374751 64300480 98014043 141620003
771727310 57293359 871348947 928180700
759233296 312429547 747591749 808079818
348184499 98947659 141316419 232541487
744854483 152372314 851978045 930111032
592663234 315690660 836297849 933807369
907450505 657304120 202162845 214982813
471659158 368825790 594966461 642066297
883866361 660285563 401635134 472542336
510584601 698990023 348181109 412919243
363578970 876556336 21402534 83152426
87234284 497323446 730930107 766743441
664335827 445088631 638102553 644894614
735980102 48095999 919387014 962828261
999208411 60119995 811122363 849846916
469876617 865439397 717829336 815085208
498619810 394117860 605855150 644448206
273981585 507918253 949055396 1000000000
570268069 882108910 424385270 474801671
890607635 23854053 82944756 169200543
27951496 21510813 3646947 74297276
805189958 845705127 952469890 1000000000
330595156 915111551 102978139 189208290
476228905 635683799 716384784 740345451
346005707 534783658 52755801 136434730
177703881 309661801 772556371 840537720
803311742 475044420 771603325 824288245
60031673 47547395 204125584 223223792
204777531 840407554 646857656 730948097
129635183 728868273 998250681 1000000000
501602885 976315667 675798514 740208643
766205189 870024464 717337177 732650164
93648217 832446198 691296143 768808946
911408008 955249249 209374760 259852776
666175707 839413551 203746523 299636339
538036415 185157469 805568384 885257761
594411968 534919857 792720911 822637395
979053353 756466753 139307755 191584211
698124160 453083472 406765589 476630326
952161980 191140895 879844171 979276803
995984358 905334316 514346857 534196863
18733999 962851739 125594998 185119962
990623390 495225222 180587368 210987026
114108012 846615583 943285599 999280226
116079916 457880500 363293080 427375696
302482213 114764921 324052260 386515844
712398814 43949131 48801222 148727860
440796137 267361670 529007648 550025881
274989229 734941395 658255636 664688147
825899327 48746302 150419553 228904502
251550057 569235588 58548759 129720584
559083074 43387619 80234237 171275823
292406399 888920291 528076265 596648880
363181581 405247625 965288231 1000000000
599148949 953088989 450043657 515691021
767938298 922538904 62765626 90691472
9505473 563297889 133609691 212886652
186013996 514305839 63881667 86960985
308939780 357125261 733158151 783864743
563013372 548260702 229271705 307068250
969077159 580016886 576480853 587721762
751906985 747747705 985553177 1000000000
961666621 270394211 709510139 774077220
215177307 732923681 282202054 378106858
600030675 580084968 283320703 339009550
497649936 809137930 633152501 648107851
467929631 916607685 124282809 157612383
441257336 206482635 324832477 376813058
90899783 447126270 338977852 393246291
443602023 95534155 747162583 785839280
850998947 655261553 990478276 1000000000
624580274 419826088 337957140 373951750
540957928 70667722 452959601 479694470
913616286 437727568 941265907 995275961
875738590 219673292 54851273 139965213
836215134 27081214 295664499 369446596
497951002 729913049 621591292 716186668
27960054 215749893 360472875 430553966
424356584 716891365 325098855 329849426
87823086 20217309 226546875 282205912
57247742 727786629 540176414 587598722
273633114 701834834 202818024 299883232
190005509 674457094 908154433 990772315
885725925 967269172 321992687 402673923
587810489 817681579 445031531 472009160
756131232 602874023 465195715 471822188
155409702 660833403 795865883 842213777
571540191 432670606 894900100 923569958
720852634 921875364 210243351 233609121
807430086 47075601 917171111 980950325
549530303 928516867 243746024 334783618
265266363 814791820 966116095 990142632
104481271 9797050 847976030 877797993
741438911 161864018 181529745 251125421
736677749 81674951 137563690 140396482
428117678 123621271 632376259 654630279
553386094 550046143 792750909 805050029
595612319 85775646 192145441 291048008
405861859 574987620 969012762 1000000000
487710519 34527423 958743037 975480721
27138100 99904550 82626324 86421865
794291033 806599454 441962884 455468756
465995098 188168843 894778040 964918427
618260559 231171748 933814690 975333101
1403924 628309990 876935009 911716842
309052973 60935650 182367110 250267278
463857857 785438757 317963723 409968173
494705615 196406505 371482784 387596118
713241945 393173225 818097038 858230327
45657341 581833090 142648481 185141747
986456310 275137178 851653532 882468613
748197010 962784997 304399764 366828622
979755070 99807319 511741492 570162019
78531387 817834797 130718502 162060186
287411981 891496900 947986858 950184600
820956998 471267436 877226472 917321061
979300449 842870296 63889398 150262917
973895517 642974909 219967321 310959047
815361909 227902226 698103429 753291493
653263166 609983502 844282100 939885499
725413083 454873989 48414294 128040794
317010284 273898484 190412777 195029695
293745011 89867548 13303737 82743179
792539045 5623599 572672138 595456616
895581481 122910335 545456592 563030418
428261184 207185810 316852412 403516136
781371013 195393516 855293848 953454160
656373163 983539007 585821401 599546763
449288128 637798505 12989343 51079575
376469037 123209929 318039137 386414343
142520448 384761694 193451955 198039467
19179748 483001807 344459336 403705233
767900860 471451596 621812631 670710045
341257997 261352980 724989006 748839003
241517077 660213160 673070953 700443153
260653026 973086583 275494535 330058716
173154920 902416634 587082993 666091112
216189703 399002231 289077975 325092236
944736727 212982247 709695616 744259204
566002385 60046403 570240851 629770380
574897290 602907688 337105190 426502097
904828069 527925288 180131751 255724955
946596523 910695603 464412683 516881438
384052368 410190342 487720619 527226858
653161608 777671304 435954914 511467895
330741389 876498090 1014978 68443046
672493345 987081682 561739467 580417478
37445240 473950492 842977152 872610029
587307447 536693647 793232704 847202347
276074671 573552579 10291722 58742439
163862963 604954267 551499625 552280119
542033060 18204819 401141003 452131541
840857101 3075133 62474747 132590810
676766918 828920992 767330671 795667352
643043023 86457170 550647443 594155509
467177634 297267771 351945392 408799531
978532581 63051260 870708044 893244656
444990268 889726301 921442269 979254761
541265492 854698747 326408214 423749751
78628506 461211425 920629316 949405989
729742900 169767186 639761599 731335027
793304454 5351899 357006862 368745441
554127160 573947473 27298509 121039341
917413475 22564925 904116352 954668066
470792336 492702937 562381871 574172873
33540192 482776616 696258910 792458778
734187047 827888489 207025194 235697375
157830814 759020055 356717096 357143652
171046503 344184282 580446876 600920807
440659391 110906584 946207048 958909545
932299267 218983029 473605665 485990272
876162548 619228321 262227856 341476982
743835562 854417769 665405449 737662510
530445000 363725804 235294092 242178882
953812042 184387138 44654709 120204365
213233936 170902945 773987787 780788435
209659713 940713917 369888865 413543202
438996319 836380971 315638605 400333184
286726902 140023856 959253987 1000000000
769879661 832051693 593016253 660859709
521994789 209177468 366106987 457087737
154391550 43357771 741389258 758450775
422972946 168340402 937180689 990742521
52162436 250584972 778015088 849070009
512199603 780673492 646605807 725269853
296334108 812994703 942993856 974653359
255550211 247530268 477105240 512103493
204453868 323784193 375672679 415516729
216366379 812123847 408456933 417523358
866751235 805874266 83939554 94601677
238359902 186012185 485584032 487910377
94480026 272068772 633049279 691276169
272583509 57290490 791260296 882420002
229615775 365803100 799625182 876952883
670941532 532943977 968494554 1000000000
114513017 757276972 58075261 104538038
812488314 40052117 346290397 431888299
68381389 749175225 582900002 672704359
600043065 744957106 920574563 948813930
502843856 461441755 653199765 743740346
420394220 802766917 60974934 107742341
574832320 123261572 927517168 1000000000
538349630 941318128 920170829 923410245
834621713 812284388 697074961 740598852
202953914 527947082 294987785 342143439
452275310 376585868 623757190 657203784
721002371 405983213 836751007 928239370
294980721 989396674 609671533 668100434
309684764 422164176 619551917 633637713
860286118 835133465 911276000 1000000000
205222263 517221273 489888197 492339688
853518691 540127117 858260871 914980488
265766350 575102943 490993467 559225321
102657037 458067095 393175143 462313137
191125531 842626129 742781299 819949511
918807839 974608881 957220851 968472705
267817403 353148820 183549869 225124208
586582444 170019158 256921267 351577468
362386374 205395948 978536737 1000000000
960965445 229288524 332481954 414284240
619577666 606285660 646861296 746104861
962687929 36958686 951199721 1000000000
549150528 347400844 929294283 945451826
186525321 562487692 335011086 390165979
380942378 144257607 606992454 642769770
173143693 275819290 9425210 64163324
845424627 792377577 251867216 306781976
97251712 305558392 164261588 176828126
977122527 587905158 910311957 1000000000
95017097 326092443 734278706 805960289
741712796 251114153 490517261 537698045
239999453 971960635 765608547 798263610
702935961 73746197 256415705 300372255
389138803 483547290 419736260 477413423
926782065 246354839 503347705 595012826
603359930 325120016 11361794 34066830
157928271 93422047 524726029 610668909
852517893 421075612 161291261 198100477
784421030 347193337 637066916 665844404
839429874 488165679 562132558 658207950
35069731 822209787 626422944 629873081
656360687 341000345 681701558 779765593
934478962 105842699 603077230 694157155
783291333 269196779 596827434 680567197
444746410 805188963 215719668 301104556
862073058 717927741 874845875 960472128
994169943 346870264 168356817 199145214
886048068 576338046 279210558 338762119
54603586 160627044 991411565 1000000000
381585405 962417559 912360434 946709251
224061226 869798488 978346962 1000000000
