133 618
646580721 614444123 748618275 790140449
162242592 746451689 9188911 73995854
190824413 40544187 924825377 962368840
991463921 79650115 165926537 254193906
807767540 324979322 115502086 210707693
83623339 38974725 648674597 664997810
400177211 299081139 685459288 752169573
363268375 728511194 952780158 962603816
655128444 820141075 570071032 618954992
433617058 541593792 333256430 357490642
934806755 159836126 438168942 487945593
416220250 999340110 609486927 675543638
594615233 899324690 717155812 796064055
835009543 883282395 297909829 300471226
297337589 429700618 360575258 431335034
228576698 316724744 395512414 447546706
313174855 343605609 1985884 22009344
878594589 184986167 993734188 1000000000
814471073 608407435 844474358 916959029
926321536 794335222 780873366 877409608
385435928 901325724 290280323 364648973
233188421 821167297 416024280 480006848
501356381 133516246 168150637 243084073
375858159 995512321 801773244 847969084
829314645 246501803 818354380 913256057
378386406 372390702 198690605 244000053
623025512 405845210 666877028 759384407
516900132 85574170 924196389 962813238
890111256 342606223 876317662 896484411
676792424 339502877 915820284 1000000000
828689169 701166970 474289424 510975509
924366778 414989947 645241400 674942708
928264464 951368089 821291077 846870740
912025211 302301622 73949227 142710139
309338288 200317203 278002965 312247858
559471023 818061971 240788278 286081712
999345414 323018050 734987658 778001337
405878458 288719125 321674197 335619822
880521088 978681017 462427489 487738651
515688683 443532300 361426682 407682286
164951831 589263600 169466405 257565909
884919386 544766510 772588962 820671945
250148916 48769968 784968755 822093486
187053657 323357380 52923337 56940542
46326921 289670558 212589956 250875081
903580675 580505834 444154681 467544164
597766153 537608617 767135031 828527756
834525919 930156024 686363290 755005591
444208363 944250878 761721683 838791885
701370257 369409032 81611226 101434494
715593379 967377839 277268092 283402372
512883916 717732453 81040441 107056111
948184894 540301952 963698857 996996945
346131147 389863063 13549228 30648513
930662524 881685937 535949041 590706055
553140632 196780173 615227238 660505164
170774227 94526443 372515769 393891021
908048855 724054472 271106604 358322769
472418938 199314928 595163475 617961758
951433149 293259352 730756482 821869133
272825168 935886640 467684007 468668827
555678341 563583520 457786822 552947377
993372136 925640835 363696616 377765208
877418677 185505614 198163240 220120668
35382959 135283345 279497254 379019393
428870861 497787981 748494597 844587985
894039574 939406777 145206125 175250744
427417190 12366402 413281840 424990778
595170904 231338585 321135337 334941873
110729737 396967059 111111913 172802587
650293886 453824713 905688271 968701180
139570283 149544273 652826177 662222934
356460486 703519932 532734682 627014110
784815201 677772803 228938531 259191029
826745771 276867702 933150515 1000000000
533425405 664270531 927198593 939185258
752669073 203652903 316649195 388941441
107405684 106584234 199153888 240097193
282081192 12940760 528021100 589425411
333716996 281789546 932820742 964985350
779315715 49482999 172370738 187765095
920955097 369205067 236789384 237934245
892984674 651364393 223306080 279493837
955252645 992926422 398740206 455261079
768467680 383700780 595097484 663801448
486921718 250373214 446137928 527173577
243666421 806700333 650587668 706228740
596802008 174014578 733238542 788237758
197431526 304118726 709930802 783065113
902724823 797992497 198037450 257061384
218253213 275731395 576785314 654427010
88100642 225321358 957398853 959386742
807533008 665567592 383762451 443979228
398215727 669553261 966897192 987112585
440453463 742592054 55842164 90572373
334925420 483979330 518215808 532585283
795015207 528436705 343856628 371956178
94562397 253288005 838953590 880536642
818554410 68892014 419251084 450654509
692426518 930886351 283662079 334551911
554597467 778207438 391359504 401771683
897943343 475580907 493904967 553064807
817169848 185734481 927333832 964016917
791687669 903653365 869155829 885877221
574928258 838084029 859994298 948921010
962117326 298275091 348711985 380011822
187004462 546431492 255342761 272114250
337962971 265418589 972916952 995804876
618642415 246119316 329904627 365394616
260511238 951431819 7149639 83171414
674553143 406699147 76129349 94956965
763707610 288207387 431503577 489108482
945124483 873980441 639182987 640746114
667312169 677610853 583977528 590141646
278196286 48108388 767168854 815049876
980097539 570489681 410142691 490578614
288592664 222465337 682708092 716700631
415193861 673036519 659572432 758358643
757401187 940229155 383343068 461785609
287336414 693255685 107694726 160812217
626158917 495442074 254742131 269266226
621838746 373948645 94388572 101064071
431618162 160976592 47868668 56746203
798290975 703676279 458906341 530553313
889166363 476471024 371457180 412305015
20883046 830327926 89225571 151572340
457569763 975047521 862355712 862454795
295680047 912098548 215567618 230015939
427817101 995020336 161347182 179805007
195054390 966663922 35515114 66425231
102695860 768009177 578653370 598025609
824149070 331905766 616955661 706439620
445860186 482205310 485781006 520556381
198835195 403085211 507000380 564021061
853428897 247254243 646251143 718306072
724118528 539592745 917657080 944372724
127576037 341870075 561642016 575212586
373448743 338362259 131724793 224370063
6902475 748011334 707731539 766489161
271169826 119871801 49711354 147300751
180398199 967651010 568596384 595787724
196178032 977561277 704755020 790862928
866728167 216716860 797465986 841453006
11835643 453036523 98154733 157457456
130662399 235135643 110103854 197814709
560710358 308613617 599985050 655779257
266584492 893211112 230215185 301432992
723731643 166937861 296018853 385438305
245608610 201087841 112315821 146900163
176876591 10968541 258081804 345959757
435159477 828804798 994626084 1000000000
903321405 187602259 851201304 934033442
295910768 345922556 63614651 128668696
509689191 433845147 916881680 968654072
916262894 694522055 632881950 725019747
422908221 637936723 813896289 893831286
829402118 184363399 186901685 203595707
449564072 322287693 812549123 875826565
141264244 49726480 756276947 790788472
394883898 117576771 238250470 326548307
987928229 508296922 504595913 589883969
688831852 391909342 547427720 596047755
966708956 403576317 758715120 769793810
686129294 776911282 204329105 251507632
508566481 500588880 135057437 140317886
887133258 290266639 507635063 526067423
828538248 111667021 76113759 86073573
772689712 23490703 606946969 680764202
274785898 179162935 148052043 193329997
866561880 189945270 203921504 290455714
450222277 579281756 223985899 304240439
142797908 703358620 934646630 998734279
531023055 298399695 472710692 546416176
688567116 486828159 519453929 572632206
828024840 674882956 551542190 630865365
940717064 186338090 844971427 848210774
750957806 409412354 650735777 665233404
109288027 751086153 971534472 1000000000
449041939 550272335 631874039 694411798
897724875 636182827 87835505 142780850
763632970 926195965 383570339 468968121
859333395 361774443 281959524 369743899
269402040 871305601 529293546 605134995
597131302 658333798 722834900 786017767
613591629 755217860 193497833 252955798
390659406 196144980 566173650 576377082
523130205 813214905 711410418 776858222
252592240 467845670 301918679 378867024
363692869 518121321 177563382 236833194
217205405 11569053 194730278 257097507
491637532 833798974 518114531 563149007
93272386 849600875 36658884 40068220
84405564 134995507 884634182 887746150
162845843 842259300 623193147 681005742
86788252 84984623 915462086 945628993
536229674 353748843 80500735 90364908
193712157 171737581 757634059 766652815
316583472 666321467 704204585 752823224
834051042 449736649 141391391 190235024
595743638 47948147 331724367 376863627
779444195 264102150 552885026 622578653
202819481 610145422 80888425 106187687
609520581 234956144 682856326 685124279
129675676 253893351 163201777 174762999
40623946 526034513 428720738 498576498
89155959 167531939 587940258 623912326
423280484 664319717 919907531 974114484
816264968 111245715 74778456 114262740
474517243 821297756 554170705 615012442
368068657 25365628 664240794 742024606
789502239 325245923 316311188 397502798
305316382 36293663 505694477 605126288
35434681 355480434 659170228 698370620
929132627 401285855 966861917 1000000000
176509738 665735887 900280432 950882199
260181316 649076610 867154572 874014887
613292608 907777993 185542428 247535193
671578273 692453511 325172669 413294795
996121579 118668581 8212502 103274112
373411526 857904476 152005390 218547098
829846273 798208291 889221058 949960251
899875163 390280855 27078030 73508702
306458974 391252194 966429923 1000000000
496855432 947585485 803689682 869884673
216113364 663831171 611915529 644498121
676879702 923804084 306454901 367385486
555739546 647023056 983341153 993548890
819166910 342902439 770512397 827234058
562951882 704714000 295757058 374373123
994881481 816727575 80109937 125163963
455215676 251363574 538635003 592329346
841077441 75970646 843448335 850830259
514407085 394262597 920238096 972737287
788860852 635172032 281507611 358936441
494535014 196253130 366471341 420235932
486601332 898811485 222806689 255552255
650670719 988354495 163105316 254709542
929422267 341959779 524200989 570478229
463737417 252586355 144376763 150307974
838296691 857620073 902468561 957425815
481602676 103536911 508892430 596766334
918888473 528060831 91226851 141431580
778159562 47859089 985930141 1000000000
143698305 765903496 816347966 830752926
310385308 546058815 849839091 903231672
301486488 999313104 834143829 887804344
619171049 789431322 894007302 952997898
856675207 225569 242886623 295124876
751860848 61904634 836410378 897307796
881205559 384820203 960503881 967709969
65150054 917960965 445835627 540155707
848780879 95600931 191900349 199020927
856011039 273122635 967102456 996250015
779732702 243650327 836113097 842241506
966800327 193904150 744488291 779733548
225922007 547719218 620846021 687253675
909942173 100331432 11990090 14870457
519613937 912087068 549150793 557387691
340200226 775277769 784892681 835851846
395809640 287577670 239467253 283303708
494030536 884957300 428097569 486716325
291145894 450892825 661739088 671202628
868110014 674676428 629773938 667310836
821226054 767593333 491879536 499770532
533087290 204982951 970445088 1000000000
356333130 828826538 582415521 674202221
722343085 22051721 270630281 270899790
325774936 437461169 242857014 312983342
70284902 574544629 307806934 309354037
437723360 58258219 319384132 322104021
484489059 246285035 290808815 297005625
840867796 807071946 95931554 166917893
464549620 650462004 901262757 951188129
538025111 716161127 590981745 613848728
915771455 208931817 335566412 368570704
317785273 583093915 949638110 1000000000
785363864 823934863 482617039 504799597
6684887 129246131 149194503 155847474
225117277 887058135 596142316 661838827
576938934 72282243 920088254 1000000000
341177278 966664473 288646714 360054475
37262516 563868491 917517283 995109057
736116266 729948006 400063226 422562901
838375330 679207796 817776052 851008856
44022305 71145997 105841909 151680227
585750346 37974353 635583675 696846238
936551704 701044135 158516281 226149482
91542174 529957788 29389690 39913157
270531535 200075169 734955296 790385295
617892807 15043544 904562305 904802987
912527758 338348465 940472046 1000000000
778815781 892777347 226409302 308353250
621966056 262890490 946053481 1000000000
378482018 692466167 194481981 202780191
752952870 16771592 827349583 848450790
51781656 790975350 230202543 246719564
101738045 589104380 137107607 227475813
113659797 345130698 140901627 145367860
379834273 214846370 636322473 684251347
937379144 449089304 745747364 809927595
396199625 589884946 299209330 301438112
538040814 383915871 159148082 197727652
327384985 586363786 484016852 536497369
257931980 784068501 832769660 870994008
66395724 779510969 733182329 757676517
614309385 564838726 26480887 39582459
338852567 105774304 110381723 113803779
401340623 589904629 201246192 229713657
619777215 459366001 193824409 236490749
639663505 333779087 49319372 97118816
439605257 402709195 710259555 779178035
908833805 627435890 922584326 954597837
797355614 280946541 169761702 173771389
987759038 875758161 708288982 742415977
46381539 586790018 941024313 1000000000
17556221 857911886 181355989 244543404
23135166 537818241 239762484 274401103
803951939 883602001 950227706 1000000000
432539454 999840492 630586944 694721701
663644160 855994923 136935147 139681901
280951055 77281545 63827582 84425153
174249278 821778208 523952027 555442109
17163882 98882657 360005253 372281705
966365150 86539235 149464788 163145269
805214553 655261495 833325760 865037220
617034731 109795833 533363518 587669287
125758776 734188756 414477632 443599102
127337665 470594480 17131919 63713972
121347782 137936189 221444438 250905114
434989734 147633305 904861912 917087550
843820178 97301937 882774277 945529446
14125655 527697958 405736441 483109830
154996991 134318316 137962366 233404016
467845670 893380330 777631008 821648316
1436191 475597198 25060533 75093899
479037654 738365230 133018304 184480151
242677635 920896626 531204698 612533023
305597594 106572312 580070296 668042257
147729288 58052245 378168804 390280810
603888873 355150524 778645390 856926905
812834562 493722918 373880993 377432269
211466552 350595188 310034644 345430755
525219494 4918654 863271460 946659557
414661604 153526796 839154506 861861816
579956748 140379901 448108002 495773915
717466870 731017525 250402132 334504173
746901884 663571402 39209694 121974797
206630679 724900242 622571847 690038694
857889523 320175088 548680363 623521475
878009206 700738138 139125540 193687489
734302088 430025953 237534915 244070900
729341026 64159329 991030319 1000000000
804674565 964994263 476436345 551720265
466037840 864892716 236868488 278637800
540460330 750999781 609716670 610111322
821520350 617317390 60370943 126508631
898159557 712919488 159283862 232534533
961216052 275108421 134855681 152675863
212483581 846505845 763736233 786926207
673882235 771586335 588705029 645572677
183809664 516386099 361105823 450564844
448184759 626611659 626025045 673166950
249048267 89305334 174908940 246895537
806775696 382035389 737417072 825203152
772662478 649103526 708296864 754782221
772549544 217533346 910309410 958519478
117468580 940641396 492924745 526345448
284923682 52115506 140390003 231098298
948114044 418108898 829902136 886499930
927267195 399742798 273936717 282146339
48373516 313732259 716862518 746189581
290012504 865019222 846526149 903418576
324273167 720783875 339180610 350172340
894683599 734662840 208592835 246626094
246413628 686667487 142440553 144477072
904575532 810533077 748876899 838150433
530820213 184935708 604852724 628138661
704896261 677003126 271811032 338869622
337819438 156043831 322791743 335276677
631230907 956640656 133887061 233765978
641862967 520840160 165048441 238517490
195960895 305063933 871349689 875720549
61433363 241664566 141746893 230132451
1868994 923106754 419874062 442773472
882485881 997441959 644744772 709004710
65864172 314357474 767956082 858330332
622773469 994078879 855082499 936473635
457607402 708606206 750311794 810852981
718278778 619607914 58742195 71054979
13016065 107756021 315382982 402132308
973699881 236236009 718349878 794665626
162428611 42880968 68771372 138500703
162952251 55703641 903728106 952884049
205734200 785283405 870474390 960606079
520638311 11762512 387849654 453898059
514748567 405335519 923359565 935875870
362239932 363756048 490841568 573251302
186476638 814497234 149792247 158787670
544387210 304718601 632747589 657179006
540118483 646125258 158733612 180136991
373242641 115185264 474030802 558094567
783935862 272298491 5593377 69305202
690615355 234344818 966321831 1000000000
781104507 255194095 719154296 733448509
816305208 965914696 139076635 229673590
40727222 682307890 293649966 362266202
415110091 45481038 306856979 338644097
130579854 649669329 233542946 278282087
887321237 687989103 516479738 527236063
327754328 200985077 21044417 35419283
750470388 908205540 311401482 401611949
924423434 671901475 987879720 1000000000
384851102 324802611 712415639 723739487
215875536 154020877 601081278 685787229
203458544 663099938 142148018 149599652
672596918 989013833 533967716 608688098
396740667 955930885 827055467 860060601
976262756 266334772 502647034 537627648
482089686 711082857 163622718 169359688
977564676 156971982 428565839 513912892
120526107 69307287 359640374 428515624
344974689 39980562 671482743 710777906
743819059 885010180 117634057 121184358
368447226 516722078 760741824 829654163
137032236 649296129 543055196 611209856
723126013 167527378 260839587 358805021
936072781 990946607 338589883 344944388
375785915 932256995 427292913 493784242
478193625 831642483 229348164 243896617
913846717 924384461 287855991 353000315
662848644 529463556 741077331 837217683
88859037 488304911 822592452 838996230
10818515 464616020 428784773 522696778
221017227 956978021 38302628 88582918
116892654 452087224 84009920 170802749
182659396 842860571 747052801 822299685
53848421 732157503 406005537 416426834
254518617 814318347 481613751 488970734
585228703 940171293 855951679 930261203
756801667 852727283 63732264 111916961
703781646 270246592 287968491 379536118
307919303 180209698 921744281 970049082
940518763 354329016 723874928 767821731
304900048 212048471 746659696 777551080
837729590 938464946 887751044 902311789
597052167 25635840 494458148 547520894
925235923 647793171 232575973 301262983
651055025 908301904 704367910 803638590
507032904 531951123 41813378 66853908
769896675 834263938 462135834 544344468
991753309 482326405 29572354 113994464
313809997 749500434 244447690 254384152
802981911 248055587 119410016 159783230
405836746 553864626 709923277 766900414
755109853 332797400 209221668 305539830
965668113 183658674 925335924 989791907
969688397 495450043 961204192 997159626
612766848 819677242 825399502 901879771
640053286 866852673 931787752 1000000000
608305723 874635149 918217693 994288499
115455026 176232558 201852611 298911692
509101360 18808536 381804618 454635195
580098001 233091610 120015140 211812707
605575039 334104155 140793780 200430468
898279617 14211461 620325546 648418370
797756911 865560948 15301614 76503903
902845 505841584 753594951 781916840
613391607 746425134 998898151 1000000000
555220159 118210310 719845777 762802407
358519777 201864903 427917463 445399112
137750455 530272518 787018629 797183952
973388499 901862490 810873628 840855005
384931052 420595762 869426543 873301613
852290324 295434168 681760225 700249029
767645968 916650484 73833365 78564632
973474741 410989033 226609732 318900633
625333026 77633543 637568345 656936312
334046695 633275106 234281179 271312572
497425511 629411995 550342619 585340441
480507954 930571532 34737560 133966063
266477266 845895785 102126638 158396922
705716075 160853434 853464998 929865290
997580163 964313003 639657760 688133062
869426702 12124004 418723793 419061685
474029200 440304393 132934120 155260535
475727134 641092298 937738816 1000000000
366153141 634183719 553135858 601692298
825579911 729370901 964563982 995872004
195161909 282850520 684860347 706521211
219364673 640991362 550379009 576343034
217158368 50181399 387714675 479740212
173330761 220069895 961757368 1000000000
961830657 165716792 241917217 252364665
992358361 688730710 487978284 512942699
217958210 819323678 291802346 302365992
695040769 629849268 722620602 748724935
163403766 852843365 815234573 867530228
86061918 697238252 210809687 235077657
39001272 773219494 425642474 447860085
570508749 901670625 560412509 613926991
560988921 15820120 425140144 508208073
727715051 19297249 622980463 628139370
870643914 592396922 978920936 1000000000
55849691 85433996 126355917 190003575
947228583 256073104 286926530 302180650
690383809 86422544 739623862 811476714
393370315 58999338 821294097 888825257
889345363 497554698 276845296 338793660
149195888 716955962 245735351 329539382
220960085 830056243 469702692 491562866
76600456 726719100 892544470 898237686
467780510 876945288 868323954 906846710
494430177 602607964 974753583 1000000000
244877809 585611378 262829690 338394468
546470735 669282947 214395411 302281608
397505338 171682536 303857060 399271836
525046487 940096911 461932312 558370295
40007103 872438972 437522981 452501524
338691107 759071056 434248340 514765685
828180752 313949552 639419855 644427564
752275835 614724307 308243166 339269912
522619305 822881486 351568516 437384885
412904625 566240813 627583465 638954889
714334323 43968761 696039059 712677513
762632886 787300963 998908708 1000000000
256067307 719075462 29737709 90149986
800527512 981035620 920259364 930861369
34565920 912843016 780886251 801744555
966343110 518080395 309375313 322078422
786178881 6437009 881300432 941918145
363482520 56956420 845077961 893010864
329012589 691869778 687665086 768517391
697439927 10262430 431321757 431414031
517745572 294661664 290832905 318996621
153217175 423350722 387122699 387447277
559211143 76396555 645566240 744489327
50687714 832098894 417803648 457148017
750386320 148521523 179286221 240031691
525174340 94191696 144069876 201513954
175823648 333530005 728995581 819259204
76407258 818202758 122637353 174325536
771583671 879173329 454805158 511344416
506572216 155189779 672071716 680114278
797602152 748327323 243295090 335318416
212360143 991921117 688021402 688244011
43670666 713791316 866667258 905615414
238982526 559906153 204809682 239817811
6858084 81294299 5417112 6863670
865501759 956245236 916035981 998805157
619650567 352656830 545863377 620041816
540683263 377014772 146224955 242048531
289814457 890943316 595951053 627198751
23636376 781995685 789262387 882293442
640472233 573630134 176923035 274827056
257776012 805330016 845053583 934185717
116304818 729917051 41728190 98108381
116309381 904675606 3240491 50956851
957761508 852256772 135539201 220922833
365817336 309488816 949872682 1000000000
345425429 630659646 453849161 475901247
875106653 133620762 186349513 245283847
457805397 566356197 18111137 30980409
928387061 177616102 434775348 451667043
886261424 426494711 954748957 1000000000
292712731 743136931 891048480 953987822
314774250 758037193 25367254 49585637
595711107 247297423 122293654 206888009
945317928 169018496 20658098 69204825
546133833 367975266 208129061 214724360
292437361 524574647 545260232 547446846
687394867 127550227 865653823 895943145
168174541 89465941 860388322 958151797
708218498 418055601 856060306 890617373
858501713 964450144 701139457 796221179
574212849 227870724 763865268 845957014
550420357 809195612 414212487 460330015
257019463 646562868 907351541 993040988
742170882 423550886 291591367 336994972
513614142 660911625 52956561 97191820
771914818 429406834 241122483 258714244
310951024 383018908 904731117 944488904
261922945 580973875 516417077 615521514
380773509 225497965 59897711 138525182
135080732 911075965 369356463 425664771
824925977 596174121 893242578 952491063
715077397 78335896 514628362 550688385
185498202 833776476 41775193 83034468
87528281 957976160 170740075 200613645
294022221 88535150 285386064 336122207
608712606 66013792 719667221 798305347
229606785 906136209 533917806 545660352
7284642 967148439 490918141 523026223
87173688 423517492 872478273 908042397
433748098 694121613 575341355 626526022
460251461 330658730 849130032 945195087
197185456 260017472 504218655 554912528
653193123 277157326 920581187 958726806
55321464 50650754 805928965 896248328
380610342 166453278 908357650 911328071
533003773 962140001 565625262 592231252
522440997 730050888 981012803 995529636
667687890 868088865 44177163 139501958
490524376 741851299 328369141 418300039
820871907 508594510 690741674 737479219
1686428 853940114 233503255 233857889
762364954 931540100 294483414 304398720
542070915 520331035 121715123 191914099
93986103 913439457 879889551 948323589
148610163 85231279 700917092 792628479
207813860 317919466 816930656 849541941
818678714 525952005 107568328 114790375
510042644 884735634 654194880 654800907
876136509 957342567 803891941 890759276
365145395 122185666 108607736 119362020
165852661 290501670 103026155 175117175
845770634 943067357 632879734 666990229
23034615 946302450 9417226 66483046
378627048 461028708 535037166 624701179
