78 280
362917274 372606363 316740379 324777361
194429381 769926005 184790093 272541032
794704578 98989617 582794446 602915673
427548683 148478031 272252588 352884857
415110773 628814276 132735296 212662717
211084835 198124977 473437282 501978227
189107267 454671789 814096077 875511838
848022530 956616474 572064463 660539743
887187134 616939947 872934092 913233765
686012459 41730471 304756675 369022445
860080940 851903417 120526560 209749292
35360897 488971918 52564446 69831989
357036633 992220913 269534670 331507378
86674942 57823807 277775272 341714339
503996606 77466474 134937124 158055758
51536667 457011180 333851536 429246746
430320253 78780108 681865386 700916273
719663587 597355225 227955721 303202024
745467841 457738427 998917185 1000000000
109790881 30996484 255115212 330563755
986507525 457546523 933476210 1000000000
117098597 103545636 465758201 466544951
325228385 186026784 20100285 107023673
918729771 292462355 728306442 793423792
395193763 809524780 827005257 834859705
228663156 223555098 242326407 319084671
495485305 274082829 797470793 852094455
290632693 542966920 606777649 696061192
933117927 934710067 736878299 822102770
438246604 174942986 933965156 1000000000
886364747 357068528 584680721 626270193
365239441 98489502 637002125 637963826
667716249 128341329 66045325 95545608
150515236 10800533 942773164 1000000000
875991791 837716803 190565070 204293115
812732302 753729117 540014413 607146293
395090316 158306438 294686639 322834236
80362993 256678488 767788003 805590317
148969694 656725293 218525909 316009355
394601763 858892292 528276520 564677756
850751030 224544462 443883435 524804156
296617392 146945499 698728739 707065984
18995409 426232814 511303488 584603790
648223854 848019374 291635259 382076907
19909956 761616800 903577601 914907683
857263340 42661427 461664831 493095102
539116795 300979370 575260827 645152609
992999515 4509949 545480881 582800581
706065547 392680196 337174916 338287405
820540007 986318634 697919101 711928237
759976616 470303997 874668147 940444909
189510346 955112963 37266317 43012079
962028975 322158372 164765983 256390315
771978236 907553825 273300120 344624712
645960307 91906300 690893031 727424103
509288044 744787976 87846181 155627226
236656866 961287525 870455382 957551806
962060868 323496645 59573292 107779429
614824196 358445135 186723419 274889300
95328841 586102222 29931939 92519988
28903815 839264982 571565139 600675980
132842035 882208840 522339681 527654625
964845221 845028293 250960961 323615746
198362700 897273753 731108954 799499018
14188333 41154026 286615113 327349705
480491839 705469911 365133908 460653819
116696013 313400038 940123674 998688675
301604453 662262358 204954173 227948497
527166437 218652501 559741037 601845068
859625087 66098866 743328006 762861494
573537200 509793789 881355028 972839899
800915284 729129334 485898299 569795933
845170100 618087243 834878293 916184203
477893084 834097500 495243034 575414973
410118819 816019346 472236244 542392244
730365560 823914288 4828388 81130901
857286447 438256592 696673722 780108572
891319473 793130699 320824197 413730460
118494920 176118999 759525349 855835749
574727422 29447895 837673457 863815727
57067988 722834999 681350568 743128251
533920142 533783441 618154862 619060757
567413593 638723421 239570607 277284924
531980307 961125991 82027017 129478440
519040940 402487705 681467588 737844252
717089819 595663861 974085195 1000000000
21315294 613626078 293437149 293978020
465397271 13217688 36003680 116987651
213465549 743032059 433777980 476069273
369771427 786401722 93014302 185690250
898615313 355778210 580519947 621043198
48188069 209429557 962186251 1000000000
829464804 389870859 930485933 980913926
591960985 658416118 579876694 597763086
538136416 207120932 145857528 196270031
657123429 800288213 250601139 270603976
218611656 872337597 474857534 475219128
655435652 401347257 3360422 7852664
299872981 990453306 522290201 579438671
407530661 921857393 508565923 529675603
327338794 996869399 843560618 896800068
537537808 83203681 21013647 63003083
624327126 56759567 741366221 834527010
50999788 755001778 426122391 525801416
991864148 258652136 999643690 1000000000
264521430 591612088 808218266 844161443
852992011 727170824 880387086 932780239
778824862 119850388 141075553 227123996
723470553 729095073 113206589 139560319
332862467 835496269 214023896 300552331
701402210 551562976 445385971 500590122
154348840 620505478 539722437 634038152
476976870 983561387 395430185 437976062
957900268 269053506 621494199 720098048
251587365 347313939 795476007 827963360
925758529 444639838 732414750 758106774
239553139 660570319 235543089 279302477
198025099 266989098 573748336 583126050
365952891 747991124 890689689 984847090
700817575 183818486 864392108 911298119
723713414 629492300 964922321 1000000000
711151954 714097240 299385727 337988933
662709803 349124071 748863384 761166237
392003268 22079631 852845153 880774249
730871007 174064755 410993871 505761383
941224922 347416168 566147499 638855651
780567528 412072693 297619832 360746919
60099841 498123141 280034812 307557580
26111042 930898838 360880925 432467828
746852484 395611084 523025294 552117377
247365307 848010593 453534830 522107523
281014290 293696322 213457921 297069941
986366071 361389531 459832704 507714393
56933477 724259589 194845695 262972570
31808316 727178553 584898996 604588077
876150274 706135836 116807461 130532236
505724262 588601117 169900839 192318463
922148059 242380338 772254964 860973588
797764359 571038048 425967994 480230773
815672000 999472841 474271810 552067377
550125442 226653868 691843357 781283009
341009911 722680023 784006913 803876442
964134836 842882105 689831821 769497404
98367349 7492199 561755867 582110572
133082600 121823275 620418262 657187450
563794706 146301584 866597458 890065473
61985882 422715060 364521397 385826537
945053496 309357888 444375190 528247052
781687681 948831361 893750513 922289301
416742070 134889358 700411889 713925186
200846932 485761622 424326390 424843543
70032424 513204429 901902275 914136005
506908192 170240137 694121361 786032836
497023591 537509211 292791880 339253633
239582230 699659737 884579977 900938166
236754307 824130957 514826757 607005999
88684506 205945198 750199906 786702283
324404669 103440915 903761782 993400970
564490602 830775713 555660666 627944087
938183717 899898248 805123978 832548040
721538801 347283893 98685163 142243199
909458443 298476003 305886005 328682372
780013945 39328489 703937141 763726005
337373003 950144899 313890032 394025855
851269016 779495471 814823930 816895511
586481041 7343431 979008553 1000000000
174386050 993042940 977149904 1000000000
389756621 577823986 351411478 433136670
511944483 685272256 595374405 670849348
836394747 835709640 619278158 676219746
852039087 17817637 394662569 483090687
494146038 105713370 739271804 792775874
186733711 386731415 874154790 897321985
235141394 738608548 374033752 459431848
923530756 347753789 488708700 520727915
376680871 96455483 664943116 760894348
757724886 587070965 745242520 760357790
294225308 155637052 464567548 470265024
534409692 287906459 334037880 369918155
653082109 16004172 456658808 533143053
234787056 156374974 208736429 295031879
706245589 630935356 118307786 205913340
870461356 62444762 685971215 730464535
712005855 885883105 700522688 783907863
369118353 394050828 764794030 841660506
737949997 110694761 343239270 441429762
953753262 588567077 484218577 527126661
495217142 411839030 127049193 207446980
356785143 15886681 138745693 201268024
351732784 530892394 691250508 767583471
699041154 978678241 624897079 670738735
330369933 466937199 203563656 221409654
589852854 210325492 422984326 481902487
249076428 358222884 607301023 616124557
757691705 47501742 145775225 150248403
215989142 519174281 582025126 620233314
370558926 508843579 206367803 219052969
945505858 118313149 841009860 860974393
926899650 501043301 964901896 992587854
425054668 117018460 376314770 423472120
421989021 569287913 507580973 602420560
929810607 381833359 839770860 926921881
781616349 368129198 467216359 491969794
681442240 847417268 186651744 192884686
362960335 91666019 663478570 718707211
434893964 262687519 294575049 332781763
261481089 370458460 849682276 865586361
58272277 747724452 354202749 405999456
614695494 886186273 48241242 139233405
893257803 165122080 809116257 900881140
988874841 506704543 932710104 991427140
142502547 500569349 758250262 838131073
251835732 66530022 703166600 767355071
71994332 505056899 384299819 476537552
462662869 282084750 446891675 545738803
24632257 880704373 580627264 618800929
882601423 966632562 688653862 750625752
947921233 583764707 583048082 622172736
508672077 719232205 146799528 205003934
570918954 392912571 533190848 544621945
111625409 998184909 23330184 78154240
587597701 57922283 331876321 396834623
542407760 400759810 642347047 710127100
246990382 44200888 241322003 258220317
703406490 796492369 929701899 960438951
310980476 810946221 591442902 638130087
221860206 12478068 611870282 687160582
930379396 221948699 948287659 992002732
915644509 776990821 652155577 740624375
627281825 31053644 311971671 335796543
248970311 987505137 793346445 817325203
749364081 168248882 955422990 1000000000
474610823 11091368 482871488 522512815
743900279 644178218 779253885 838946103
777526871 888323274 425238713 490331947
907163895 179581580 282934111 343433504
337327311 765020526 196832932 239408179
888042572 329663206 68682825 70896625
816123504 576975242 973900729 1000000000
539350070 545026617 486785226 571954598
465104211 852001984 109047559 147485691
81897448 41947960 838818080 864154502
876859743 633748175 308339862 405075989
647197660 741769269 498982485 516442790
661366484 262174487 765680527 782394254
396941259 88966595 79181697 91119757
598447220 494865102 674808710 678469540
114409153 326851398 575691648 583590831
658312251 61557834 390140376 421453161
97430372 713860005 461141512 463667587
997610925 131516518 89098919 146724732
321331041 835334066 640062681 682276710
57350388 509118492 437335744 442458827
493079510 393374578 339116239 418579932
287747613 874559838 469521375 563723971
150402991 423266247 553232081 597867202
879770114 189676965 822527633 903241696
657777636 681354206 451739251 512317545
55501454 144727000 782670757 831560944
822178636 325426135 334179726 336480879
637748515 190395633 271531131 277522435
91138269 338346290 127809940 134340716
778978069 700560003 95436956 160298879
697348991 888856390 860379983 949772578
221096859 30084689 918401198 979308528
817574660 134576137 641701766 697293812
220849863 127228400 930019981 978001960
159346739 534802333 925060918 999229876
622212722 274926148 814237791 911094243
53158908 83032727 911653336 971731345
12740316 106259372 85743616 160885185
349052184 905808872 542550231 603191738
724927534 927874229 11209680 108315510
775156565 127005891 653163484 665095959
919079116 398933861 717627445 760871906
419917550 942134381 949004156 1000000000
420367571 9767118 108871780 178592674
115322088 527487040 34320223 78503266
471348227 713929225 152741081 241352595
885181404 575342629 356899729 385057320
