206 1252
151958670 124635153 368694645 437036900
426219781 354805391 276264453 324356668
99825908 874092763 838905807 925480753
56889673 119616709 426328848 506570305
977775310 999407636 28616103 81860387
204527088 298004732 52134104 108929167
476502229 549085606 395608803 422530270
578864637 576809260 647585249 661524876
119928653 509069676 922667901 1000000000
397061990 933449401 808618146 843448592
34312059 961008419 463160371 547698808
151258920 52959567 458401927 482943243
109354716 52473714 563411119 612455465
997130947 988563277 371380534 428555461
227775208 575001461 953119365 999149821
444443321 934734471 843326304 940452744
726488721 415858996 940986849 1000000000
205209523 320280345 334067078 416775254
110676939 954627648 843482600 846462989
679425028 122588393 807389783 852520941
673418901 40835438 190751064 269945144
63153996 907547973 855934070 866561753
351878609 136404558 471513571 520476111
107602518 79640127 38625626 99714911
5903745 603120427 738568032 790778716
463748778 59046568 144876903 232574779
83385236 152247104 306325949 365496964
140265340 258278453 533637326 565669350
133222336 686912169 338454599 348443279
862241630 257632178 752475307 825774208
131965798 635270263 325177520 332982960
475018212 800664034 279971301 356962546
917814135 925648389 122476376 125291897
295132195 394919507 571261397 644395229
750187512 825431621 637858963 655560396
681036556 635262060 2902937 52967568
828589331 266040886 468027464 537249059
862674679 609811534 112399377 166528468
178604856 628117021 989737390 1000000000
745992067 186205056 16446690 105592495
228900437 217814626 553417233 579587153
250779871 646936836 455167998 455393516
121373768 637934355 508792292 538407204
674617315 903934161 246439438 280539387
627058703 549782674 839969110 907946613
390303285 776470437 176433112 184747885
29557576 246824139 987304614 1000000000
87388651 352991130 696287969 722554886
505010309 640936609 814318459 907007206
385523916 429951542 591243387 679790196
729545853 301603766 498529238 562005583
2277617 57290039 457442860 479516803
464961117 214172508 376394183 473531084
890976931 228454054 721836846 805851402
724504203 744241340 482992133 486822362
472912872 542529691 859286225 902890447
513057006 522370967 539531315 585066702
741669589 735006117 256142281 285318565
318004729 260183494 1921775 45756865
537316587 34962675 507897254 528211273
662825592 121435667 525667530 574437839
185969839 691446905 591745685 617371397
611148868 204585859 528508626 581768365
808404909 505185928 219523668 273946849
806938684 345264191 815640523 902400784
116879204 578424203 793522592 841654857
761130046 475009989 436644671 503796074
615781523 923728037 487006482 521857903
423730773 600433899 786860509 866466432
562554126 148767803 788978185 848739535
903948706 598091406 428779584 448228577
727678459 259115471 908912846 1000000000
892927626 777952186 876462860 897017743
12903457 665556861 357606112 403777704
953530983 208061455 932103689 984693741
263814474 182468769 777496730 784114111
947011665 134994896 176552220 260922026
451632580 706059472 480496603 544388370
27717027 639763658 457290365 489262207
636318160 267639089 370137346 397966304
74363644 193949148 810543860 881219257
33914854 411305087 973064387 979799378
841874822 531494492 356277844 372170666
254296080 998279467 426106172 436984111
465047550 609445985 391633281 446455704
110923122 773039434 60650505 91949304
225679166 439516819 107144325 182923746
649838457 892318401 535246029 542893885
224722437 95678214 219683382 260994538
769366014 605027520 33429751 124948306
888179401 279040240 277455810 350118544
656808375 266704200 909644321 964019195
374542762 653634496 405275560 443021025
726472917 798299196 705664017 728097360
664202498 726574538 716706519 788496695
540635008 546133232 628678952 696592054
337005684 487313522 241465271 327856558
870540811 700522499 195279469 225972062
960683208 8768080 474953309 507757842
680360775 385315335 348974270 429696175
184807148 733792637 411044831 439877321
419028760 664118327 187068814 227006850
981831293 303611796 213683607 312395734
873739174 755744163 42386222 97703236
25723020 617128414 726455028 812990386
321837302 386421521 815025209 886810999
545324294 473747120 725715647 763107128
517377651 911941793 201692026 206122624
952877130 715788081 742950255 752846994
106666402 479011727 29749997 98790277
319162763 258769172 739451685 781452185
630193686 137175910 244946197 277814227
435129923 708377380 149764568 162853450
348272214 735214615 748345116 796789245
59679279 883120033 27966789 63381163
838694547 237748353 755901306 828156365
650555077 902818539 771569844 808751269
869534382 611781862 84910478 176437713
444765959 454778472 884918148 889568860
892379582 458492898 186730751 204625682
325096662 626015745 303940798 390889761
116981667 710985939 311958690 316890756
972820248 710345018 471440383 547103446
948602714 183702573 540511382 577647631
260051392 759126317 296614551 345723402
594750600 463451552 640544302 645820886
553265318 573420792 863197199 873476754
725613531 206105797 409703131 480870630
543174477 972975825 465462151 507518630
383249272 692720067 724898462 738934938
707824302 882753895 179895225 188267627
421873327 848319155 803739518 897462574
831537960 852737938 790707710 815626969
377072889 530004922 520421988 590333073
57325572 755825554 957790544 963168789
766800867 132514870 696092025 719205374
558112990 208029768 606459730 693938428
448484193 723506820 609529300 643210923
809150803 853012796 314572334 368370365
735383360 661217893 981251961 1000000000
933774075 613159781 745095619 765852470
970301001 736728593 555192780 637732061
739426500 186887604 832086749 894435593
854891314 962139384 632870644 725459572
512091312 117680497 539213170 631336344
790388390 691450607 516978595 604506653
850394773 166548758 252955967 307650356
90697313 809656189 158449669 243318599
968812114 825091980 963820004 1000000000
630541579 907148500 671880676 730650882
738742795 298519238 616375427 620088148
32095871 748489488 136396121 171568528
764291408 43936299 879789985 879887741
279269490 927807464 473493468 557027859
419337506 136270710 226068291 299114939
201657846 176282111 970605012 1000000000
965129485 240738112 79049407 150250726
316316065 152675982 927926080 946227073
644721552 462692664 297114875 329465583
697453026 115151811 504413753 526995214
646158494 967035838 810473727 903630920
437353180 184377399 915469594 954263134
133154363 44202950 192354505 228516842
957852888 469363158 411726310 486546034
248491581 652793346 317048401 356034086
834978980 329867016 929561240 942096057
942780973 118657376 343179286 373630947
282991904 609280109 912778617 952763910
368857481 566975439 446384841 537212946
404697599 20707791 325650830 355682479
559064419 923782816 515541536 604547205
845787481 253489866 855263619 876018357
532986772 746230298 504654998 559094586
113813707 204017402 374476082 388824555
904705595 42719097 518746627 531286573
318158444 552696389 200237639 277393743
451980730 765200282 333651724 393280967
228055532 423623292 325844051 367045906
813911594 285697065 513000888 515916063
26199190 326025544 705257436 774918328
462898776 249529712 627325335 681647986
427179779 449842452 618685987 665738834
321875552 274892357 969336576 1000000000
404534001 438855076 882553304 966207720
352099819 425148998 549306117 565084864
299095116 288033240 254026787 349693090
452302938 173873807 356311790 430895121
339360359 41700840 562381212 562898255
21542651 31224370 920415580 961734023
296746465 732869179 504495957 600430413
261541881 218201943 87054983 178127536
207182916 335426142 184253946 224845851
629273138 531212877 544834188 576777942
183607442 764703690 422809702 474521578
186016901 444323055 855963714 883616328
237479313 382910745 89516176 111356622
992585017 14568530 58025270 122092161
211329887 845819772 214327666 310551159
488449404 663606732 851727981 880490375
857080271 534944057 670037713 735018962
350579857 918252804 147823751 203820371
548684895 299557347 237393012 277712165
972533267 776581104 422998630 481557018
123518915 169538133 309035492 385401900
137772919 970888869 49045597 132772912
492046798 700301783 674487163 688880485
200301645 39614287 349638681 389843613
872308464 149075463 4233506 15628966
297365947 195011961 336778644 338419454
900061546 303160352 410929219 445891266
776113679 38534269 897629835 910824549
772088107 257794192 799353281 873618562
902448326 839015610 557688091 613309131
113360267 164813822 511325083 565672085
418999260 950614341 580983721 594715311
21702818 802595802 405396181 407575315
164234391 810984787 338313491 354890464
288886272 24937850 602014669 606864493
915972731 347450628 460468882 464615394
956228884 445526505 746746813 796068768
569326981 620949998 295222785 323708996
787519825 255440323 258835679 284581681
74381445 660183910 208174091 214354457
131519448 505605499 729374867 825407922
785078832 949327673 566925491 608609886
558662344 690480260 44397905 85730970
535732421 668305344 438325393 492491336
567484997 182804241 622951080 689593030
985003237 200405215 36174613 110922209
274180422 23643356 803637916 847678869
641029602 494861631 236250207 309241537
31690048 52263977 546221236 584690396
633447520 981118234 203895214 281802368
323528995 193536304 478012674 538678786
884328307 869097337 167093577 239543807
22463957 348580000 249243683 324429356
58408895 202725949 123920687 153747868
709371882 723028967 898692280 915999472
419784080 648818905 703306963 758177814
654158935 363531690 791613777 821047417
995630257 242794805 538177461 544088367
953273717 325808754 709507223 786367426
680195589 486135199 288304941 317752191
940769699 31056700 550085916 648607486
824765096 296028279 409011472 412163323
325021513 377263104 273660915 276557898
268862192 557405401 237777018 293408832
856855695 405777787 229184846 293193408
270480327 402031766 977150230 1000000000
319607955 978361039 492535296 551520247
657279785 536782312 496945261 557963563
180223834 455573852 60508774 65283389
309918956 130178231 503915897 562464670
885064304 741093711 169035095 171145631
183546982 473117729 277079527 355447087
238516844 687972012 612251017 635714880
478579811 18523352 487344057 551321762
137387259 578072597 467164577 487409752
858606862 118964627 140331614 171554281
777971657 189459769 502687899 522149596
815539830 70562538 760660256 801465550
716139919 6537004 148366552 190549170
135374783 387748385 247570594 279280544
920832705 374035903 302408633 325604063
612831817 87846987 340995084 411216236
325916182 561539137 393994837 482987265
345034787 890945618 910751895 930067280
160947646 512077875 444302227 524175909
917247104 168325463 998960279 1000000000
438563648 133948139 61808938 150557046
351109093 514809917 862266413 915080560
657672446 913394232 149401193 221593482
157142984 245192351 155604850 232495828
136144729 804468534 649325937 708689264
456423678 734848027 956700442 1000000000
146335448 846257496 802162540 840653134
895496691 160511645 176360028 273189375
346010781 556152127 177902018 221641774
430857976 930970789 386536874 406961243
847145950 40349651 746073551 845951873
690088506 638272643 330126174 411800417
533670885 32480239 389456435 452609200
517430675 644566640 642818930 740391543
499582414 637470449 841410766 936357528
420125071 328797836 789783201 842645306
940702439 122833104 689481564 709953309
636621848 375218349 227456263 247622174
723676025 464750498 764275091 824747568
989780318 126924966 51106118 116454474
691447544 924973566 713546951 790901285
44905377 272030766 724131433 754063044
460569613 753735960 868677518 875028444
78110597 396897461 507554895 524492076
225631161 958070642 694598473 770700119
412779308 644505627 625832891 656057204
93164543 979444869 206611482 294737687
223395269 340331008 628895460 672673644
554940909 890286210 629276632 649076024
131821648 281531737 855672200 873301577
293429053 824868535 919941373 957865856
972885160 304362487 796180302 829466429
854318066 575144225 826318598 879652789
715790967 928538157 132870428 174650361
544962826 815601163 491813401 506285209
393601123 195589697 724893013 768783708
446021144 771073059 112128863 157112010
331929277 290866732 449449470 495147002
784158650 646193516 482433134 577168181
922602406 881229997 859296070 912932836
836874461 115962655 251502875 318989076
481369207 802161530 403158118 468985004
546436728 940008293 991548830 1000000000
585619026 573548027 154238090 241185057
578872888 404229941 49182553 100827196
589444823 446206362 372190635 421504399
583747289 836831961 935834268 1000000000
791850530 553099027 686505044 742617544
688996215 778730448 524163270 530207534
440496431 338655328 66978294 86221863
138333625 308230556 159458441 170951351
626108726 228371468 38346419 39085386
125193137 452658671 92197982 150570157
213439537 264675955 757251981 768860463
275998296 259290608 625494719 678427908
701530651 252298889 168987719 183065722
780797117 880948114 212951773 222695731
158163897 480512763 857915285 935693195
628269457 64248767 440106594 498438050
645325852 251495508 25157615 78059956
544496191 677478094 22456610 77891428
88068007 528664167 609406876 615333376
844674375 974916877 740292295 819801008
942193979 659428358 273529602 313377848
513603078 31295274 58257546 156971543
468005691 853715893 613642109 644211304
469808738 397196568 429472876 431243526
116479870 652411076 542802651 584142536
81903564 511110289 991711611 1000000000
120516396 147951857 247622388 338470438
895680263 492801134 498289845 597151384
945938359 352867538 188433700 265932231
166087901 53717359 7769663 25813913
409145806 352623799 297033895 356266900
609733037 276714655 741152177 784640273
365836349 592964359 214873971 225077479
974099600 456430941 456550659 523849744
543687993 546555970 504610824 559216746
17104102 753163462 929373216 939450753
748433615 188397810 189490183 287936818
538958269 357733098 262040892 314893990
482165768 151885562 480431793 537319037
529622387 342935327 717424586 771622392
218610082 153901673 510934819 591629689
642962258 503152321 343909175 379527653
311943180 610879815 981579612 1000000000
980336982 529765409 203248493 210283342
275655156 965628464 554134078 647625113
736504941 752647460 415991044 449841465
501739399 114210471 53621006 124688863
49925038 182801852 809762626 875188540
933973144 264014137 652390243 733154344
601424307 793598379 329220549 333867817
230614640 361768375 310714891 311639186
471506571 375553422 557287407 585590620
564917869 386859472 597047492 662924272
379627331 569327432 697709946 766399391
916028928 183610549 867217025 888754944
971747012 900208563 908897571 913049548
922082484 348880756 472534031 483240372
882140804 808387007 416239520 446641710
383227990 325095130 496999950 573326212
827786012 466066448 380034771 411324657
215741311 407984728 159432309 211415314
167906866 417865103 33142392 74703894
249724633 195097141 346481352 436138331
647956615 974263607 898904819 979745961
820854388 845139399 990350568 1000000000
239109264 798570048 842418796 881898404
580202822 959415571 442328018 466546268
397640265 501316757 615140937 664741988
428543407 884971265 589591548 643130704
722279219 744795281 150681966 168796755
681177263 791734601 434535534 508094012
202106966 649699869 167284181 202769854
743916255 449196414 433686269 477791257
315958025 702739521 386283998 404305115
194675569 147260919 967203974 1000000000
566220450 860919867 896524472 992154673
250702185 60351882 31327532 121292660
465943184 104796336 949319480 1000000000
105999036 593510554 911643417 954928073
45248219 936078039 309173109 335778687
237939723 340834772 560818502 631547472
377462831 890256510 217247367 233548463
83695372 150342532 135629032 153445818
198610281 962185239 944167037 948182098
238071082 262847279 285819977 287332469
34192970 697037591 30721600 72336859
188560176 175037199 463511997 535295072
300335735 826252585 546537608 569637573
870001329 231407787 954728822 967146849
794883861 347513072 342737923 439279646
233928024 340598366 676338362 695965477
107064802 517796443 992256623 1000000000
739032668 860946190 623415980 691503829
913281902 318915684 502448082 528351335
367298383 795905018 600951729 667517542
798338075 125442690 701375996 769689952
300822157 825589811 858363063 929452283
967267034 942200894 610380471 684444488
608049153 364781275 543140039 581297500
213182804 14749721 164618572 210235812
200807147 897714083 695122483 756680185
607713981 658166281 860657611 891301930
982865581 83280962 982141743 1000000000
769906567 705543687 428980052 455510590
131372169 237666211 1845724 72315856
458952031 361713935 406992307 449730172
315137185 447716591 770526067 834215888
534584247 488614021 860197366 895611501
466826723 698239365 682109351 779438708
393293933 52969235 36972650 51885952
368461535 220834750 464948361 508427411
841530533 678244062 412020847 511870486
37788981 620006164 239027742 239577087
113389023 867324924 938163676 938723231
35212885 284463408 296986429 321266154
420332901 406047653 717339575 748659394
469372155 501159557 590932535 637504088
548100015 103410748 397080981 417311136
158286836 824912855 687507727 783680543
900810164 51275222 762230700 766537400
192260205 768759256 585465101 662540154
263067496 991673862 56254963 153098190
406372726 368418202 975825255 1000000000
554626892 999790908 803445363 809304748
69344658 24870506 233685815 245986860
829410463 676175405 918658817 931009479
123181887 134099840 465080163 564763105
595041637 982565669 592362368 607755697
917921893 774984525 994065907 1000000000
801411371 945689790 189480031 234372519
46846478 443295497 390003955 421466722
281511772 784763019 934611337 987039145
804076370 181393083 715980952 760216934
20353991 343032337 488009700 545803117
744474188 970195494 99146278 187535298
311145752 130284613 144906619 161541317
847663338 186171263 71782629 139219720
937247577 898554458 78422307 141520805
924440741 610914936 934245331 981117073
225345901 50377971 565297270 651927645
609587791 607933073 908727578 918272594
490743564 351814207 772839608 791960260
248194666 798704588 133274528 153227748
643627481 347206284 373449860 411344283
500952065 246298155 652729129 724526925
376045252 631908044 176248200 240556646
95174754 411867859 488964238 496653911
246549029 65998309 813856663 867220145
268935941 856105824 841661751 879858264
396327103 220908054 649318770 708543156
685662530 859951190 203860235 294454201
725565465 94185716 127129659 202525363
247210785 524288381 187542401 207241693
678477099 571928022 943245380 994146837
200607800 990017077 148230989 244111514
384833468 79827670 736025988 792181895
351658889 963350444 733745913 801200654
253772464 717184845 446640539 535112606
42673786 559633531 790072539 858855390
536567147 449247501 435662996 476850680
772126082 377684344 427183220 473995568
889078573 618524091 891394825 935481523
180467880 493069912 706690794 804801807
691422436 341765481 37597394 119965542
703739124 605053349 611775857 674061982
81076263 207821283 290550869 324458644
134084101 753450790 574413957 617800114
394876755 104200962 17137519 82013818
695325939 262044202 788007238 839131665
758772191 608783826 707301552 776270487
805175128 842977311 946544360 979439438
924196081 762685435 921037103 950200620
486707723 259429945 254053116 269357354
14201818 374618507 319159942 353924783
518694813 285532465 117525663 145179694
239529296 149197063 754118494 776527899
494071657 652329256 439837853 491082356
926580759 777643937 183061693 263908981
90290878 29796335 970510810 1000000000
591184172 811452604 351737017 357956901
517979999 911163590 619758854 655373313
136689307 550586839 668952607 670487547
600291392 210868045 793176791 883869075
968890756 550859123 645778711 721105666
766234855 594187070 981883657 1000000000
308230680 467974962 311315871 408187200
759846282 445684653 936941148 1000000000
843326391 193795431 722282564 809647787
631613430 463852604 705030344 730177937
478682221 247752920 983006463 985846604
755033709 691731307 50118848 147381650
315169837 648698863 555279486 590687937
878514929 929727538 212160058 244857423
419079188 294314324 312924116 330980033
440275512 953621237 19788534 30442377
654195698 349034934 265339469 287597764
489260992 900571658 173032552 224467283
661243739 530625551 851000804 915920668
443295187 25492806 263231347 276670275
79332098 176271244 96093667 98911618
134998615 109486842 579853430 675007150
753538139 105664447 756129348 856026519
823840378 539953055 648327068 671230743
422620395 399843142 484026346 515165000
319204816 151243216 421470552 505488400
177962253 352734970 495460404 576504755
118489264 568069574 382339611 471333375
706127937 689029462 988565636 1000000000
121124901 179093572 271606636 332797281
995331987 320644832 949614025 1000000000
763338179 87754797 79843786 86336542
255187783 515997060 691177002 765680104
101173192 109101226 309745990 383887136
960589462 151707230 173493287 263897404
438493834 579454442 320865007 346193066
464161917 856911053 312352881 390749560
741858885 226029842 956870835 983403298
233566697 718360248 27968120 107502352
218535794 280980420 328975463 377815914
310652978 111862 955185182 967316002
117831748 438843519 843255995 911908031
749526848 93697563 314383706 322345266
484938318 447683898 793288616 877843063
759764793 40664065 115732682 209301724
233696166 861015366 95913577 169543001
128284687 158242352 713123290 735077400
496146916 624167811 89419392 100158715
291415692 585878435 927564668 963551502
172519898 22388749 968534416 970902466
656818962 684184259 524853809 588897739
399763662 270019271 796644326 871882708
987062914 754487411 634191216 643452071
959970271 713448331 149647119 227175781
817552552 713919593 500434163 579820073
941737440 274037032 47119879 88962355
328994419 642496019 656050200 712115219
955831724 267629589 492717189 589720070
316814153 417385879 913538428 994909053
872427430 940511835 354212302 427161145
626129874 674717474 144422242 227250469
500668929 764410336 190856358 241815010
289704186 609811048 327254258 356689837
399520913 428297829 224115408 300408635
965565208 212762220 950663679 991919741
105472167 83503384 64954857 86318662
761046402 44649307 855435975 879820332
628109288 287896381 797585785 892387908
530842011 786604232 677471461 740754182
706752909 943627597 510320731 603835712
778771747 958670411 655485358 690564306
604933413 672788082 879066493 950847778
51485800 197804390 350161507 351425435
415781145 602634636 181515229 213641311
188056721 999887983 750883549 754657003
250440979 128048234 416859298 429703270
312371810 672364812 129435197 223230949
381454080 87251862 336599737 378705118
517536962 490453258 582815662 652211562
81965224 838760338 823965551 898942661
429392612 563579074 232857169 255498688
110158280 117660554 115271883 126622891
958509843 278369409 740223146 817773010
520229812 582976030 543989920 581281611
721453520 883182722 964778869 1000000000
156055953 279212573 554218569 610567962
564805050 978686170 817849081 839034985
194195049 195714410 471643187 489785605
939717288 699476982 223398219 282770257
149888741 629907189 675395908 688896049
542499141 701979919 758863304 760425019
156331295 86159326 702194115 741256095
127906856 121877870 386793172 485601291
422964716 701867823 700143577 768592286
501136455 815426506 314610772 333941479
924471487 400277621 974001018 1000000000
289060277 948915783 175715174 264694085
17187448 821404066 165838874 264996292
852432472 807587429 816942855 860842053
444553267 880941932 784592509 844621929
674599577 737268703 263840609 348963010
726487239 682079061 274127740 339239783
610948356 731578672 341214295 356603952
709838661 313045135 599775741 639616414
874265618 501296850 104031205 203721589
205002656 867866085 636110639 651157570
428614737 860204205 886462811 899873852
690212996 71050220 774526204 836267204
404538699 239760119 335102610 430937347
913680866 11782294 407668311 435778495
485699167 826306649 449129359 534920080
788191847 248851773 127123653 186605880
301738952 320913639 729551419 760594247
789445106 940367274 126004962 140184098
496025053 258492916 893773613 923640752
153824576 967119317 698987371 761023309
153348174 492174158 674897475 676650817
488896142 563765995 228381992 266954620
274825828 649478983 58506625 133577271
409945021 192141739 363813722 448457281
650238499 526271754 27803418 99467510
859429823 867829081 453677624 527379045
396078911 780208712 162905635 181518022
679264345 460399091 797578976 869581905
266206425 85571503 631497890 687259597
393572466 732359835 722166738 764405896
394573997 414493760 609743102 652525974
87386034 492237193 563760353 635306587
14910272 812814080 376953372 426017616
449676377 681928999 603813342 703032963
445840043 112696378 213393269 242165079
655510010 237518336 366004977 452642170
362637362 469543138 309628797 322786583
312765685 639682612 51546856 150976390
366805884 475187897 348351791 443010575
301246891 987729713 239092315 328871033
654996657 336699185 640209705 642023271
418225686 146394643 115780080 207323261
940623644 714445117 833462869 928539149
261765856 458848146 460128149 524030034
5163560 166746543 702856307 709691484
405789774 311193612 242179446 331303358
283452384 327508337 222040860 314391257
494552016 154111990 279729935 332239848
78410701 531516932 14125697 92292663
513702652 589561856 267499071 290549297
973073658 553535845 135022133 192246513
765907300 691354489 621301373 710991114
119980407 564779288 46760942 90877894
877467449 689875990 472585610 569982159
945003814 32920993 65789598 74854184
327630208 785100922 731127702 783742201
620502188 169549844 11366084 65084424
665010374 240998816 938972284 941276368
579234602 413361561 321731111 409419618
921009474 432866505 312342628 349880418
776638337 345808409 577370486 586376749
739607892 133310560 333458598 359840380
377419268 837529453 362464153 425755728
625691228 451524925 962487081 969974313
410508519 480561280 368029733 427479183
918337363 932826698 879182572 941200420
904707051 366781113 108414262 112871908
39223880 631636716 408397792 411115417
784433908 32856097 967002115 1000000000
950564949 238845216 911094890 935843539
436163577 799639747 505509119 541385644
297171007 408379105 12877165 97734573
996538313 292850133 360821212 405231015
925257359 228648223 357907149 436972884
973352618 319815820 970165043 983416784
855678102 86271455 154384433 184838076
587460183 46552320 510444442 535927011
711220330 621875025 212094983 275225447
561968690 110444950 126616817 173788565
770214428 783185704 641129967 668100353
160072610 692985517 433322318 492235405
690264590 314349266 271762304 290247147
534265022 102222144 807051592 875328588
197446578 38310764 563317776 656068427
280258446 348875092 3337937 60960364
360268140 858701619 964434784 1000000000
960642241 673176043 940004359 992841754
382225546 385535234 638711257 639202619
819982034 364008398 784451875 821926642
859146261 776488768 211230610 232934474
607987170 423678080 500313308 597172628
362812362 851671489 153507374 228089974
244298374 420607442 727086535 767729409
513646716 365437140 652413857 714768575
572706157 991179215 272756536 342115137
711095415 380570480 833508596 860958241
179928768 39570673 201243172 204631884
853311186 507088369 485643029 573131406
113830927 795204627 464666610 561844184
835619201 938554135 670128712 699837308
906721493 912260017 311956076 339169718
643720660 109958946 178176298 201765088
504461443 609107964 281908146 381423397
989997618 294886379 910284659 928910507
520876784 222938567 491228852 539059277
105121743 7988357 409169870 411838950
404875812 450595154 798661744 816358558
674088376 837372267 976213997 1000000000
382258836 4029168 535748248 606982092
328272727 773630479 627053484 679817298
375431124 861114813 53783201 121000867
255215614 664351907 474551930 514054585
978800373 821970945 215538757 255033883
939654085 192710515 433805622 530847056
819353708 650048752 823385979 830299182
624003062 950067319 490703397 558472750
310554033 649747180 375531246 470855378
845943513 65858876 476737023 545884928
362458943 948629418 943166092 1000000000
451909367 216895369 277109034 281356001
878800047 204060884 225004323 276378813
579968581 705902545 633813904 684779682
906774977 447538564 946768354 1000000000
813947870 307627536 964591228 982581198
819595153 884594647 866943054 944302576
253553012 111890466 617704618 646980112
938879980 653600402 156829596 158140296
632504213 934366028 836262858 844735629
258876655 5790786 229366129 328836199
757646019 660056572 377799360 440345771
809051146 436282639 88215920 151135491
891650413 943417258 605583218 691083978
931743588 167551273 635622503 686256899
939598278 82836808 344384919 356697809
122285992 130767573 418894265 476435000
669726253 588200497 502460344 590296259
561382715 623724309 478275964 563614283
420597731 864423120 585588442 673312756
936312164 229162297 980841602 1000000000
16710399 512143584 438526609 445919190
935189826 51169190 143741239 163130889
427532479 48981078 411805156 416810282
359875456 556074970 610069567 640741933
359929711 938372819 555312155 634407498
589444956 427446819 643725857 709897763
161453054 532604612 888286937 908028435
371459376 588308718 319263772 411616976
427588422 658849313 682841888 773668599
354267148 957068586 680532784 774430754
283861355 617187807 274535781 321771219
832812202 245695719 434070591 476751259
217480011 269223085 390535277 481363080
864495188 110344684 480971623 548532889
950075184 474355176 195884988 294222816
536674925 929767219 392626841 425642125
10062119 203215664 607683744 625435096
400619255 982543651 872057032 914135918
735434098 966295517 563571009 571083048
622746346 392106778 10453574 11735867
183450641 340880113 90300267 98103597
473621136 327556837 448829518 461157785
67175808 132020737 608739322 663523761
258724026 528995563 512370222 518231536
64678675 43170452 654861912 727232241
284579457 498819048 66994662 95555494
403458636 742262028 137387791 226139090
575714138 995206188 12813751 86759011
807744621 931831625 670557198 757639533
65589013 84564761 874944887 940088923
574809822 177326793 422401919 483741981
533548904 412341244 297893557 322578410
184077998 647458779 391078844 487975966
460722912 801642205 390143332 403456208
155906057 921992407 78276113 99571728
658134732 805311797 697411587 737863104
200411515 756012803 611529533 674280012
384879867 703409818 713924300 797817784
432857688 711696946 561356847 616620559
172172173 420403502 651181944 705220607
997521099 55159429 411015961 488063409
282426218 690522287 177475295 267531432
459484410 233480022 100221778 186496927
717465653 831967471 151294167 174853121
251943899 384126441 185746689 219767377
359551378 234109542 999386722 1000000000
44617835 358585155 360298284 452616493
28230578 751658355 913525943 954851102
349976203 792686619 723923854 732413586
499836680 68099517 266905216 270969809
927510685 961957688 45737241 87526358
314372039 151081842 331731237 332502157
433549579 409489021 700690454 755432097
396559027 131003278 630426949 660412783
298931083 163776456 480961964 515463757
72814517 466118403 424074368 517364362
663116696 482224758 854854298 859983482
420613091 541904382 206509992 218301162
94061998 962684089 589223746 630978461
469914178 5633981 495927024 543688268
803057171 254726849 103299098 155361361
225893619 109021391 733823536 814484190
548417115 517770479 914447864 994992691
332749273 668056805 392708030 396180266
107147487 618949974 778544802 810313027
2596698 310368308 206748406 258426747
278328433 738704652 223254464 314965892
458598364 826815445 902993273 938971479
969500873 963360962 136958015 208063296
258725254 790267048 824319823 851786887
655993771 275348806 963217507 1000000000
913370848 441142315 683406716 761508769
308190503 846615830 3912216 82569013
322012599 240668205 22431116 90036977
971654366 18613131 21647275 61103546
165696181 728428351 608966518 668319070
810276975 28360329 481122564 553274551
931345119 627888394 740653835 775373540
79059310 680856959 238787398 254576836
21919481 795313414 905760044 948107291
229257117 681084248 133813712 172791059
395042684 234063526 588687646 589453480
526455351 628054051 510814180 546232815
432269581 830236354 503908344 528688547
621936595 850047371 675376512 697914466
304270719 719279815 35121786 69973204
886717561 261236263 152686400 234760869
870445620 17869913 788078179 885159827
934077614 680098016 529120916 589748144
395388142 226981781 798069247 880343551
551331212 550967918 93503696 185507091
108469939 956376934 398915663 439113734
276053429 481596053 460123106 553305226
826300170 295558247 182962402 219049061
452734992 960724958 858584322 939634885
55919458 537251326 624312228 662622762
570002424 634123391 477491230 560388514
958173203 156095242 75982661 131344853
171618556 142254890 938374450 1000000000
607779200 983661878 967331008 979174263
242606380 869137076 295911598 361496756
991808875 767653704 835589942 874561168
293464414 62741882 329114658 338343228
233530631 665377644 470570011 553899021
788680164 474327525 325896124 382752072
923077884 889918308 653375917 692969414
82099118 769393942 244527826 299568264
20091158 472683761 185076265 243716756
29508832 58301731 556737844 640859718
600622924 779127122 414682792 431031470
980340544 988332380 743183978 794503006
337641933 82807232 83782652 126215771
337337967 863109096 892211239 905985041
693384950 533991245 109209978 139235763
768413238 917373197 464627811 499656211
10049725 856715843 286236830 356943428
253182668 135111236 965770211 972247880
241048276 74166937 863081338 940244477
20013471 112670730 794597261 815768326
844147342 807377668 263738401 306053940
185109218 148447217 656089556 752154776
675521504 24283775 934967860 995662132
715174353 81506553 948078281 1000000000
750484155 702877547 831853408 846861956
264626927 637844864 48863817 100295173
68362796 223563156 364614805 438688329
922725121 47256283 303223533 375560527
798669891 925662582 296322170 310432672
690491261 4914919 4790022 73976482
753515977 442876872 902451359 929882897
256739914 350771106 50613259 150348989
984966356 186918802 454621952 496280801
293468574 253683055 526855926 530191405
596097845 781131492 25070593 43316020
310782988 7089064 757406735 823988739
545036373 122857184 627516825 639525958
491805389 180302374 979042871 1000000000
907335032 302756834 675286825 698765594
854433866 257230678 551003031 590461617
918875610 844599876 244311201 276151023
709142580 729400406 471322486 543248024
368926679 880819407 13967834 60394498
698512592 998078103 364064016 396672007
560363303 838299835 390891412 441668339
901081510 235246591 232601183 282085828
340199787 902316348 49862894 133524796
23918754 751324570 859874615 866270623
678397930 452332292 770161730 784091462
705471444 572318366 794156683 854207854
709315917 149154263 50870193 88875976
337008591 295971279 158901259 194106539
982022615 133796162 731606811 734847852
56804562 651792896 839362903 907884567
115531747 425184494 229321241 320822915
75622820 84246739 17347976 20701069
290998600 635360817 43640506 80794776
379320834 723570230 826737855 834622324
228845291 977201480 855890922 882884501
571955951 578425864 104129461 186801350
307345626 342613968 183347559 279285530
212812365 697681731 476854604 561424267
186065653 17909425 112077820 199311933
117906942 311542942 647636675 667092134
219991839 469671329 257408877 335214674
457925407 296140336 760608445 770906346
865671253 701736724 510286831 558528419
589302450 496644493 310371608 358067322
926936126 962119629 150767375 240988109
535249986 314961333 167868820 199687255
97987622 648979753 472806915 476633221
533968534 564312713 809142521 859042765
490593021 285276743 569570420 631165927
730648088 144124303 358016941 453524980
205171557 805740635 491723628 513358940
536958544 421456217 741961143 819111783
184534152 288794725 729083280 785888436
254439466 87497251 968199315 1000000000
105076302 809812035 329091478 354229434
331063203 386229306 863468989 955471376
734986059 484994012 741958606 792014480
319378053 209527377 184112858 220328762
731909692 443075128 369962816 376990099
564830800 795079738 503275942 589243789
543358449 779959174 888542851 916717789
538996145 582317614 512968204 573390779
51682022 272654594 595060529 641567807
835133464 974776551 40620969 134895919
443388669 879766018 407150364 497275138
631848575 109896191 604068101 604271452
365254759 863545756 760367197 839781746
924858179 484737656 934790908 935125397
936585622 769720460 976577236 1000000000
350325737 153952046 292514902 321287926
958032512 666067230 614200432 708400097
796874516 218910244 168459019 208368856
512903152 19009365 215368425 235984023
760215902 890243521 158598568 238446552
265741798 430008535 84675764 92427709
97291613 436242378 621815551 656109636
226325077 567017487 771795880 860924374
509758436 450148583 967825673 994669973
167028669 585274470 410580530 439579181
685789770 953825444 250763150 303730360
556933186 827032803 424804928 472690580
556721398 424809185 650032083 651489952
614456578 464104279 973553361 1000000000
384600307 107797744 438093662 480305788
117363960 184063362 788191195 868757113
751093770 908597866 541205220 565302286
633760576 881076059 117103777 195045637
284916369 496756598 114721004 154532678
456871718 477513081 151403515 164976096
674981446 172474162 88020372 185565087
726155502 491471596 429494766 436414121
403955335 279498035 567972329 635593724
420168206 166750742 494330665 509692438
874572475 395454114 762186543 845417563
162115500 567470065 499315346 539767532
880729201 960720022 922833422 926586870
713354920 912376990 976366946 1000000000
733554361 962412267 908591684 985249024
838291599 692969829 725396399 822827931
195324409 777271035 87039718 181520979
944502315 188159201 762403740 838692329
113896668 756095371 667443068 749847382
622418209 837188179 941388256 971450963
290033048 308986502 744881483 842681919
192119591 59686686 556301467 601424684
106516213 728472037 862579793 942072867
159148279 756481821 659618873 750039646
67985294 74900081 170645458 214008695
413615748 411573914 130270350 182574315
872257917 729057494 434058041 455237515
917133505 682923361 205710922 249013321
842748342 400009631 322859526 348089223
456150505 72903778 606541154 638783503
859800977 926561773 149942238 174756012
804926188 665737301 112800427 148687259
192734972 540488029 590964894 604204315
4882563 94157447 167712876 207800812
807942308 332290256 33132921 89586212
390662530 409218813 673781473 679267567
826791593 606088149 124673450 129707379
728078755 911819731 56860589 85131998
571243779 109999612 333095317 424074048
194857987 998118953 637644711 720105982
398349745 240587288 601348415 628011771
587863674 858707496 955765525 1000000000
897369412 21376516 960021887 1000000000
355526157 961845116 801236390 897197341
517568540 755728152 494596423 580867921
553930337 551523336 541518680 622962811
267591318 584431954 427150907 480940235
659958640 364717393 98499639 184693648
305942688 845875962 689913843 766540263
133430480 690269565 212671456 226513185
190504045 188843752 198666137 207695611
641004983 95433831 978790317 1000000000
901944347 523544647 995951777 1000000000
966461515 227702028 429451177 485769250
746939863 802799972 297471050 312887894
810997220 500903974 565578986 585648326
211112077 466331885 970018067 1000000000
186809636 743406738 796619994 824988255
234217548 785377576 870309721 911724134
613070401 394940055 711743244 712617159
465962326 271896157 725870622 803777080
762415982 759277417 661280538 684828445
615994277 647735062 135828616 164273339
864664159 421794853 402924872 454699229
433475616 814413597 784859492 875336998
909449614 82720642 191134448 232282781
585555170 956880375 469678917 520127311
406576942 458415128 406873079 438598902
492370775 300603946 60140760 94988194
876010089 325529122 900624437 954038856
57138669 172789584 271529650 366577908
771281395 62263672 746618874 810336573
683166487 479755077 524386097 541206546
512076090 649118742 573031469 580156407
693729405 380421588 659850565 693447283
466728674 604787967 139008136 173752503
652545131 177091739 362944723 380035902
360623448 312792069 830465177 838384578
442301622 837468823 378531152 442973793
258101693 323233785 815351319 898581538
768226626 281134964 986920383 1000000000
407817813 198784901 739088919 780712325
883094310 213094082 571703152 655972016
566302742 13610889 296045723 300336464
741601411 606665657 875290389 946887466
453693387 36062499 552015368 599017573
29364337 296660588 747412408 815931905
26381429 760781034 569364264 581488126
951180800 759913402 855476640 954341410
689238915 202052835 522388394 578842983
822797270 36644429 904950848 1000000000
969432710 823051583 862310288 910704163
884567962 596463176 829347227 861802040
91130676 187226501 927655131 933867071
653104124 189124424 685435572 751196375
459793146 69089505 93204925 176217651
657152427 24966810 468443389 529093553
146067696 604048606 528561639 576530532
161185103 468198614 653066069 656448768
763927361 926018772 403246747 499612283
481234611 607849631 473337850 551840489
849641830 296387447 818124833 912443970
150402557 446253687 189716442 231614200
321541871 771215070 673726285 743497422
375601923 41875215 375267816 428818375
704277051 534006111 701796126 732771662
182145916 88351297 442807388 494467567
775665063 513526415 605930946 632211628
170969487 683646501 565761962 622308259
613720757 690615874 808907527 823585852
126541392 141770709 723365724 763900230
419077201 753871514 574166423 628741848
829628985 365185998 905012946 973852368
146862743 498715160 778256596 838273969
868664303 664708589 185671617 195846960
629384902 63383472 577478020 640483028
568583281 588598974 599179691 646834367
704619532 964531435 795508062 843500533
501812090 367623461 814282758 882915560
349154950 762414738 785793550 852726054
657210120 171328108 879883723 970878989
323744280 34344145 756056893 780685557
937839840 392828138 564412875 594262805
496341206 155834163 796634535 863341651
817711967 563608403 421214095 484338910
547708062 360726139 180941685 234478929
457979771 947413596 990483289 1000000000
20195332 298487699 460343981 558984482
165574872 796472250 685169933 691063240
487802526 674784955 206005873 222233221
454041806 695823657 196478545 232005543
247974868 113181330 288285132 337105389
124854322 794056982 917259910 942432857
310533071 181668045 954514042 1000000000
144665074 332243623 617000801 688732585
966286632 926163598 611126057 675799672
590424263 835165591 61591889 110713389
832464334 646591108 674550621 690562140
913254431 430795559 876534766 939356727
883742117 29411493 659699685 722022090
57534834 546402128 171389493 232988758
831623299 85430348 324574255 394110552
769284393 742145404 743462956 809793483
177097886 765630305 113608169 167575110
964753936 462000726 275968326 319836728
814523968 360519866 373687657 423129207
944321419 637947556 155431156 202267572
89969506 933413255 396254803 415710089
645535107 240413784 217392119 299341494
642239742 273756609 95775801 188515760
597146655 39691168 797131412 803726543
973279411 70395748 50929408 62174913
86765546 543267307 872540814 952290226
365860275 880378421 258015979 323859474
482077193 782834109 696480792 699222739
444036447 692872711 916976150 962053265
890799286 120997205 374534209 407086157
829047294 316736987 264219929 302187473
596800162 687245726 811331581 859360146
862395633 15119895 581201661 632852041
210012156 497959309 61464453 127259638
793227085 784437147 288698240 338196069
482324080 461786604 692191394 788944998
795697491 213717273 44406108 44888546
550859087 427116198 992355801 1000000000
103893118 42568732 871027631 963065920
726108571 881862180 212646739 227737346
832112702 955748257 890057335 960273389
966320261 759558712 653951072 691252134
484780453 857404737 374206968 406779926
66541947 293302154 992892904 993282948
287590883 330639832 185972106 195580308
246123693 57841350 755884988 820767593
272758855 589675608 761752029 815229300
809037934 249608982 48570865 75762386
905012539 389711631 839320573 938037508
180982050 901160449 320575902 343019747
541145610 252792403 886133874 928473838
712599966 900825181 71441512 167088113
594906445 337513277 155955805 188649032
320573153 876140309 374122812 416350059
767683556 255071149 480346040 558868409
584257888 498894254 526898123 538934142
235026675 659656270 449986995 501765056
40653450 977589243 571929423 626362479
397701422 755397396 579421876 592349066
83815024 123885342 195962831 230970986
856292090 120872261 133258301 147014735
603923410 221351170 517304925 521604285
159248654 237850940 815271422 886141483
852195274 978340691 36775750 107175454
856686974 999021230 268826979 278679575
156319536 356792207 184864438 186033438
855748822 149495974 105456843 113686299
13426169 457634190 749511297 781676934
638080980 74715872 842890610 875040537
44077476 787942574 410019020 453482277
863764509 885447256 346292445 368591153
894675755 81856996 38592109 99761408
18202455 183149033 77972120 169092152
319668973 135703571 682613058 754099028
167716879 90734373 692339819 775809827
249733442 54192329 803735621 854389188
465114916 7903331 107131532 203716671
993849312 656216963 412082161 445030579
583836610 158137978 42626186 46135862
590021945 544914799 807250528 874009400
405857361 283683796 848959464 915194261
617683529 855341767 889214798 939462480
647818476 268506466 709274389 806069677
634087395 416270400 164709423 200089430
19174964 954188523 686299024 714750138
500954080 815829011 191123865 243495115
403939805 951100789 486211183 534543303
731920499 808127146 235539204 258327917
716712421 389094706 58177495 135742133
152649137 698139123 66463975 104276620
650252113 337741187 766347492 828827693
15273119 618042579 226448267 272483063
405665004 634765666 517496850 517588304
214647215 131529497 330429023 428574183
978211300 535158115 943140117 973306603
231594133 975126022 775013495 789869429
525122730 111563388 170615631 220328367
381805346 317081902 227952638 234064609
913897432 570679740 997194621 1000000000
982733800 192829861 197222304 232537174
716540401 549707729 919499886 951860465
101379974 183913694 164770099 171330014
950661357 307610053 19882845 24031931
696001475 588444607 740121471 775346425
53770184 139034496 713156677 758649285
509010176 578807518 654522614 689776829
92794251 441189112 243334496 333090463
290292349 267831817 584212834 616095644
926672255 56965900 404403282 414829634
449582290 666431658 30461250 70067859
807496355 717491909 330868157 375678403
842708441 536933312 14287300 40565857
312832886 928389565 994658443 1000000000
808077287 99096983 882979526 905126607
700992013 456109291 89270642 111769717
449657631 139776901 855678653 897831186
63230987 114335871 665930494 670036349
835689367 254397029 727558481 819677979
641959421 104283304 149066899 233805377
482199067 928771035 322501061 375285988
394477048 928306569 351906315 398135570
121723699 804213106 662244323 759627293
484819537 383204614 913646973 1000000000
24722312 618632937 277344786 344436057
772338442 528354142 746462001 833892650
715843482 701416692 774963715 789020285
253514217 199453016 806908421 876735758
244782315 895149854 738964268 808952640
708106889 392026683 784512614 850096796
542869582 901224224 63544885 148982251
857664330 92002284 353743775 398935850
75873297 8641405 567178934 583135968
751734358 252326724 907140381 998130866
763184543 433415280 319483502 411954972
802413957 533652182 864234379 877933755
311808679 257139308 194003643 284710067
626686090 872343193 301197184 307687890
68124155 229780459 430254523 449277420
646855174 187167189 3320231 100475003
992806704 496094763 80269823 114840039
812801649 515743868 581614361 607799841
668127991 727682514 875827516 942498255
482282304 485631810 139894307 150048986
574485629 970861398 303709051 331337337
47695440 827935360 352615705 435761111
12454445 709609584 311003509 371980262
719696543 90036460 765609288 813047489
231920508 248669346 840466822 846556742
774017166 551011349 764721315 781254429
371599448 586919400 937498895 1000000000
94628595 6986838 792916226 865075745
192876537 380384382 230957610 275789807
192085782 712926009 118903032 140719118
958772016 857350115 209215234 277494750
875176101 123874289 337602103 342229441
669900971 54964099 213873464 260996698
748444993 141087854 273685163 331283194
655493751 379157594 736644675 808020543
538639375 979538650 667650850 714770650
127878890 410068555 78376647 126296073
704672626 91709796 969497632 1000000000
452724490 553993321 51200895 106511367
260483416 403743034 462913554 490728264
802850871 166660439 10111522 73870309
452366293 907916198 613136669 654447379
704416854 945425974 275373097 298378620
184713923 172609934 620434749 651570132
907130490 872238958 65966530 99497751
732081108 135646169 405317794 445706991
175785889 818254539 437582351 495566638
331229403 827748174 173515775 225846030
322642541 50268024 693621724 750816048
530824045 499961750 57250323 146901255
461490958 130768484 418758617 464509519
392760335 910221842 576346361 608363303
916980482 312267901 614156690 661267754
202341876 616705978 466663267 547112736
246584093 882734498 687351566 778770183
602192801 60052074 912208425 964360917
670315162 238894667 372533933 381958266
971029423 451868176 181374919 236358289
165206366 782880226 635696473 698931320
778999437 362948834 258693517 286018169
675896999 19061830 158183962 183036205
345529771 492642256 960743523 961117461
405510794 951961449 980140824 1000000000
128266602 173686028 881407017 933781792
78659314 631625560 368877785 415522868
879556558 257774135 274818136 313627383
358328006 111273012 956751769 1000000000
60505825 253674872 456887665 469424840
228671412 22657005 435228793 506548601
546769464 54316377 914986355 1000000000
