299 1877
104743535 466954569 889544450 953111719
869883249 880377231 48078562 94176343
289655146 996544116 725176092 742025387
808591864 135909401 733700023 778878926
315349917 378999822 391861140 456312828
253042238 945605011 733013299 741110651
728475249 909178675 543653410 601265234
124685547 329914940 497243968 559373473
833444087 122438236 429125080 442273480
327150328 975115964 306151476 342436992
336408529 570942951 702427469 740368215
669028432 73319297 467116851 515594979
881114442 932041046 957590520 973710485
256170136 518352989 37261378 69326581
528625241 945575802 402597770 426847847
660927289 70825829 387707315 466835375
426504064 895022933 701818032 743868870
944562988 255812514 550334229 593638910
831434950 686827063 955851406 1000000000
40600732 661435643 765634942 854341663
690717516 699545539 55139597 60454583
672557203 320615451 680627822 681000037
885459591 750356529 109597722 190288230
50378718 640660996 914500239 1000000000
499957439 804370949 782826324 819994769
727807166 713023784 212348426 271108692
30390837 336228286 993383262 1000000000
698523963 259918011 75131759 86313879
200597208 182926651 667379950 690961733
779337403 484938871 787198954 887137738
395724424 557019757 770749371 783826423
718133003 679173616 510814881 580892728
946087274 49543137 830141342 891525035
737146689 292698094 821916408 851826098
487802273 981580609 698668511 702289217
290035101 582489859 797041140 882709095
272170863 63177199 668169645 672884055
604471361 821293838 282061370 348347296
495645570 436113037 853722069 947814449
960485316 530876973 448024312 452118753
846845271 993314591 204708732 279134802
221207851 391823222 46823101 127186459
961933943 765655584 56840829 63635699
705858957 989647870 90429894 143481748
909886170 600818079 843991744 934025699
137388133 955313897 430296143 517822490
528623786 637303814 608049999 684329969
876796979 468053845 781229685 820345008
286497746 227654563 29372096 78401826
124981892 865258640 449143772 509728031
438118463 62832136 127479572 173756740
609888722 536140082 934213780 960779535
343742837 51602907 197012646 209841729
496145908 609140309 457784364 527536273
450712117 451143322 409650636 435251663
550648553 812502340 664140136 695439509
448157105 84184378 596835177 677984866
930062227 994674241 827057895 876476836
743445389 33607022 196758139 211018043
303010674 146869864 961951897 980243650
575969247 482487323 508771160 553552709
516477375 439702931 200633327 254086604
84755151 783701667 661930401 679981821
566456748 809700147 990503433 1000000000
177687025 126764648 78275620 161709055
151108723 241519892 150543677 155745324
515284981 465658018 107444636 123158667
484059468 242047630 507553116 547184893
655388339 615996132 283617078 346231740
654229044 191515604 654652925 734735196
54472125 58084172 759617138 852597324
292841177 633312127 334244454 409251914
425359852 210915801 229441775 275835431
51367746 802927959 445439785 508007023
128761634 674407446 178213351 259640356
131724084 579443270 646394786 679626059
743549320 760758523 895807045 910318492
818449457 80952108 484452013 573389829
232252680 949725545 671025925 710617042
260265246 839258981 173655773 236079010
8102724 809547699 659796207 721103748
130695712 948422721 299637878 343747408
243630413 52931162 292108097 350703085
131496404 539764643 832220876 917400295
923205882 835646490 556162767 649498869
936353517 956434452 727656529 784429644
978953285 144597008 777363574 847270886
203972351 215494835 321563994 376524625
230145034 614119214 780243992 834989476
921020880 150402932 668290579 708627959
982301101 125184341 323909516 343088460
476287566 272644458 545155095 552202978
213986795 125461854 453302868 514248199
90133991 741644283 302925613 356094630
625522823 673629394 49075130 99439244
390304006 741287241 799707384 850057125
592535513 304397432 454135677 465762296
573029271 596897809 587153090 646601279
55633788 234007161 38748555 85563809
397523399 460672120 854055968 944593256
471163617 811153159 647173068 687773130
251583326 410373712 618600228 649782145
912253600 536833574 679581470 754273121
435023504 934100253 196559311 224670795
186195163 468363466 980433974 1000000000
314436208 58817093 799777412 880843441
965030859 288419631 10443123 80021681
520007284 946313759 427936344 509095478
294906919 402780069 714083690 784477492
56421268 21831859 926689007 966456716
36097373 715791542 978205072 1000000000
963780007 798657748 846086474 905641992
816034587 720579768 64794199 86059379
508801381 301749808 446504078 461952636
198118802 450308239 149716538 235659825
834980943 691126097 303210659 321665560
520954896 627307255 190271183 226984306
46902398 809647098 384157504 406138654
222144709 452806462 735479278 760028356
449910368 987789815 880287857 898410262
795659550 871844159 309691677 324085096
43626850 980155180 41340813 53713577
69924764 760520853 860303491 957563516
636667795 598576477 575292604 620114350
936040768 816488127 857006987 913051349
873085066 476729065 729712299 745990001
125046117 246874108 433925753 515197351
387150967 99300362 27185212 97077223
612998907 353050269 367689930 388317336
682154337 474862639 510053120 517878752
401975141 57884998 783772988 872958913
612206803 123949522 884555371 975292906
605900721 948608733 712418593 722675512
920748554 191762593 374780453 443158320
26190603 294985185 717353467 755351950
384730140 515304114 680288061 762587034
302588079 503594635 436237163 452504543
329541791 430854950 470965020 525229239
998508001 868105182 471863969 498391041
732716515 65360390 907612685 913669330
279127546 83058960 517790643 587411206
292057473 695759906 442816616 526516947
991788374 921068227 853410575 883133291
351492114 648254355 923374308 942383519
5591255 651163469 22942271 88217778
439304109 749667356 698121806 701530774
582373538 601496557 33947801 115558686
230300276 225526701 738814548 803688219
539010579 39731787 941452323 1000000000
195102554 574799090 28981331 35197360
97568081 277536551 400511355 430280714
986827932 69024761 628605699 715926040
77725185 22102746 447938318 541684417
964758388 456768684 905508692 966740320
901085342 714236094 260311723 343625511
306095344 688566967 188567889 238269907
995491930 348382527 22154257 25906102
705664038 322762332 881769418 959850416
571669329 572396004 294761095 325742303
308969430 618079579 861505708 867867932
243077491 30451987 178217102 232232054
891902019 933755075 413655980 504646419
641442939 250353960 469131985 497450322
609687520 545033375 588769667 645374324
920305065 336516081 310978478 381745117
942287732 38195798 988322257 1000000000
899942181 335174078 728028708 757068739
751570834 643491304 77350832 81226752
810627851 610638199 15922246 30443110
686799228 594151363 135679511 177222171
558459539 470422154 394808081 469346558
7184350 951150368 138684189 195806296
815397919 695517342 996274179 1000000000
129949542 278588889 6509936 62254959
295730458 498626326 941949211 943904873
307763420 532990185 280474893 301096241
646748172 138908672 846037422 914968114
161904676 418553050 9472904 36395641
815710330 562098478 980092333 999804920
67566696 495310337 687253215 724910733
66714455 988188669 520232682 612840319
225440436 44714229 512945388 564135513
926326942 686591711 351584847 353611198
868463937 309963325 536610725 613033282
450147134 719316275 800241771 824821591
939888950 954337018 721481659 766565860
20390254 164111396 402791103 492627364
668225566 310262687 715148784 795518403
810490161 131173036 750526650 827708079
83799336 135379234 850849037 868818090
528559936 522135214 550306970 559325366
788432924 785575267 118619382 172123570
200758732 480417647 505385197 577571060
673183096 176227836 565276332 612687950
45398293 232855831 465754084 502967228
81078366 36194425 635572341 673155769
371194028 22024183 307456105 334155206
909600968 533058140 320847172 322528057
770433304 103112779 629579668 641709848
167069099 382767864 76371185 87303340
580560318 610039629 336338974 421666394
761322170 407802551 919831001 995012267
918531230 897758359 653401888 658361752
383177670 108165438 221538895 238736516
189515771 431030540 499008076 543659886
17643306 601743507 20932262 23937531
377487357 200878728 141086911 189140196
875202852 148244412 468673467 495011118
857565008 16855588 771555119 791740416
799957473 167072798 139744604 200139542
324023719 396001119 684662107 713288713
445066848 213276151 764728628 796293811
169285502 91194958 258848029 340451080
319075305 236477502 370137920 375275233
701833265 37388198 154040085 251680439
987666715 272115838 392732811 458546085
862742611 416392234 849039274 912894331
166809577 65012803 422584422 498302134
454866669 404973021 864216529 937658798
376970865 444775151 685975343 767392209
567991121 728055326 854724466 873806411
215400019 871855840 875386978 937365151
347878574 119744042 309252824 370852494
241986114 56693220 887509655 944568614
327477335 609242101 38014751 83270555
104279801 405209285 13352967 63740232
337012410 43933321 480867982 508289914
740310477 671980082 491858271 524855055
32829886 452283665 100488820 199641633
652347078 10414775 628310797 725053381
268483767 205107877 623361683 690264132
184841334 421592545 453386332 512755137
770592946 472608942 20695274 112407351
741716534 750511313 431944674 477707124
94588967 958986060 358940818 379348554
421597640 242087249 190412670 279204171
432271767 109879405 461401968 520530960
51529948 514273798 428484432 440135162
272013715 320623243 733109078 822567168
972741395 56914750 152526945 191227423
575889290 753467544 879386337 946903370
797716095 245916067 98062159 187672329
809152659 293289126 870497697 872119948
623059971 178784904 216064244 245357946
649563700 793344090 695949628 703467508
593965405 938034491 142746777 220340892
155986568 210661995 91232571 109408552
398236133 484242136 895063262 975164612
454624572 684627351 329349589 371376806
723491837 699598163 836301717 934914296
285361428 209166092 434610285 470024807
98924427 370529310 998099361 1000000000
967670334 111818027 311011639 313756864
923374858 790803033 26314113 103765388
684115652 164471711 817674899 832386407
665915486 639219091 133549781 220774503
427479355 802245643 871919365 959224530
94459312 102219294 141733977 153453650
358297844 389218029 719815451 740332086
779626197 945853080 176354835 271955690
465566122 879021852 632787700 693548112
397592920 890223995 808165381 880689309
666581130 524637329 196594156 197962776
676312119 399311914 102989415 112574705
544314325 446428934 578898819 635243485
437040750 110610279 850302294 869417677
904654664 997013305 62627468 87003096
138540574 704834843 626893617 708163564
692169311 88435341 243714641 342168887
680118466 697223845 740862058 834676553
553086369 618179276 269231463 330601921
989319177 833994886 294988220 343415887
138224750 155774446 533614755 614831597
27132249 859159415 647002670 708433136
962819849 889162217 920068368 942923045
414058851 494629511 263690574 267785639
387612996 467494272 52100956 64831520
900143379 257153878 249095014 279622961
199428249 420285030 921727719 975314649
86081041 623564976 191703160 206528746
206281833 593726067 284162423 309680257
159242138 421854583 715191824 749943789
220184689 890693233 67718418 92444570
667003101 30785961 784511961 880155371
657378700 985183528 805234010 860830423
608984940 977157087 936788669 1000000000
458114178 617243929 144262063 207366106
252109336 366608829 480033141 528175289
369955247 564852185 888796884 941998336
510496842 155853560 46645127 58129741
61999748 725958827 203587713 274081008
238017119 414444343 998773590 1000000000
854672489 491809314 919320515 978840474
329675206 73531525 931918526 1000000000
972589310 850788351 686008735 737218754
493508694 377832538 356506189 373528936
420103517 616530510 70906213 157119812
952948291 519041471 113076865 143461699
234343766 879447703 34479528 99871361
965302332 887524665 508588726 534119415
298301557 723244596 842532244 843026532
733746022 261478575 178657607 241779520
563716778 937995130 97374931 193564595
133423662 151030911 614897123 651619289
451127254 445573998 81903295 102516354
243570490 884531418 946838866 985480604
832791308 574827042 797642627 881991288
111826972 519686213 391624582 472545466
442875936 173148255 764521160 770646196
424525691 764888922 752155524 784776721
513701316 601698488 681461594 759974063
37932851 17035636 920606589 1000000000
856445271 900998357 842566509 895852609
759463724 113210157 171468637 256931210
569438873 97848394 472465535 528194479
62733389 91081882 798639804 842385199
980218526 388721877 997815105 1000000000
280003049 700305207 268944482 351000844
616186197 782342879 71782448 76815177
99721402 23864326 898430952 975869600
793040126 126595941 895910177 966126250
649503399 242577245 671073234 687365981
169712276 634008621 316946431 344309334
270797328 739331347 713680898 742464652
729717079 900244626 477034741 507032952
265391221 408136653 651009523 726670371
313357845 749801663 811071852 867447010
73033980 183566502 570278256 632846965
972700132 65963413 300263232 301655840
871996694 278377351 149654472 200553451
501074226 646478412 524869534 621107680
229760365 837962082 306175850 385297204
506127992 830002299 799927577 805017501
414863779 594609436 123912265 153077021
133480582 17631468 256739563 356398883
180222987 610641603 957141777 982883266
368183271 17539491 432910208 434969241
541387393 511037758 521284917 568529708
974922999 434382710 5111944 56163622
205504046 126112990 129836767 209037699
795410813 442089210 292795105 369008675
951681728 815858809 662324036 716728201
52464616 21692807 29590562 103531912
985302153 265634670 292686128 318784185
612614329 835198367 807890707 847218715
293040512 969895234 707386740 780847820
33687257 284888456 726766833 812493821
498591442 127994851 142508799 165409966
274123776 75871570 539550983 545874586
816108637 204667162 496492898 504516464
173074395 141252274 930759070 965058914
155979723 369632583 557600961 591969470
549448240 343309775 480892175 566767412
270348007 514345353 512337078 574033900
33631582 389258145 444181960 455069870
875117600 233234561 698045435 759017926
863947193 245442557 537366340 602062675
673270340 447882063 420550102 454810444
10892549 310967217 687752766 774340208
270213220 95493599 680063042 751107981
678286531 148377750 161853212 176353359
831900910 858985442 815243819 908614678
985117098 94843308 825848912 921426931
123316160 978464128 305445634 374430948
751798449 104732105 262762740 340054648
30479645 94378551 748581298 820579210
165339947 459258260 211158159 295303360
456034088 848618324 114952251 213357844
40088209 183232483 658461818 706437838
951177968 594406499 255846613 333609170
196114111 424164777 648138636 732137473
955552998 909020528 381417844 450437597
583810874 300462187 515187963 558068475
597464099 590311027 644733581 735574135
983145387 292564325 266087612 283203621
651396549 213791457 204274638 270614487
372361655 249222575 780359427 809489935
364726368 14947978 722237705 807594428
178563803 326402361 410743610 484534357
923961794 299396407 231568502 266404599
909588377 812826989 819143915 913107367
968774312 615471579 78061976 130775494
464496252 743628564 536096709 588328166
496371123 420993296 516074067 566588183
253793895 546378269 113091196 113926122
19269073 76537266 156265083 164126502
499798358 484826885 566410305 647479141
844626755 824647564 517474538 597063798
414685185 167833740 384390169 448681695
34329404 699128676 509624490 556514180
529169534 571874677 300387528 357704371
392061430 593152697 201341236 265827825
881779238 869578228 285290003 338435857
945631613 994157457 386948625 407904450
693124742 543924539 415600847 506892545
211782450 458618671 77195699 175931106
833035312 88044152 444164994 514598909
545188331 261906230 382019576 405151006
734651386 893809242 750450770 843081774
911113473 399269295 460433017 483768597
78002260 682298294 704686521 782589723
856285041 339126103 386587810 393801635
494162917 17900570 224564304 252656521
662348366 205639858 591549369 680495951
547403648 826264408 874798254 892670531
130468752 907471323 1295126 10812741
7521 77839905 471662417 495135047
800088706 712883834 782470590 873753918
452104011 276562000 124805663 153203346
358153552 352239001 710044381 780464768
295851728 589892228 247367505 331256977
287162043 933053763 860565226 915422371
784478701 448745461 84085079 179845395
506407674 88587242 733049075 769100048
146143702 949393140 228032070 277746385
261277872 967197448 593137775 683487550
630660923 808959477 342468605 363383643
829787089 752586897 202788054 262879057
982669819 555176865 63039309 109363171
253299209 440633181 613089678 647732542
911705642 691812761 35429280 110524075
898073864 705838655 534815460 572555640
327030705 73766661 482316348 506121189
540932259 433660843 490983207 495425562
714989398 817211594 852275702 867232801
590177852 358193611 830044242 902190692
59057881 575605631 618841262 672527338
861275436 5008627 474138270 506700328
599663248 177891028 888356259 943437112
853859302 66459475 415117589 512608170
421272048 522119092 955366730 965097065
959749743 806824192 891749049 952533220
989186245 679647504 97954962 166961132
527920225 286988403 754371447 771167945
366855437 651577976 215264009 288073273
462369965 866317922 110580934 111640847
612943163 234569549 989554659 1000000000
765884745 926561325 671750826 685679110
580510791 756021676 74246717 99601457
799921630 203011051 665426398 686870561
219544094 309164766 640160726 649570540
638244519 116516321 819900328 840081594
223006574 571966449 182979730 221878963
973177115 63676533 108652329 173729603
657951276 325966945 174626806 178379888
528499335 898223374 462122484 514574671
735676906 721381564 339361478 418830112
125860741 142880760 733985950 831397583
16918377 264234387 259131763 341237412
991537047 591278283 730455542 794567298
523024662 402939992 231257227 277341359
484049614 499455890 494661292 547184443
20200876 464821933 676030918 739834820
336099466 976435828 689023612 718551837
571338019 990478547 363104178 421653037
683570534 695019414 760187613 795759705
297512985 870113333 618935159 630661396
501240336 844388684 238269536 268215714
61238628 875820265 956946705 961158717
578207914 293246892 231693315 310310022
578638600 946910061 945512843 1000000000
820403626 103096434 164611262 248819426
12592958 117085012 553246356 633175680
575582490 867995644 232099688 278925531
940373005 598298654 148851524 216297164
733165470 885824152 47816523 118644491
606414561 233924229 116049274 128147666
368027913 44643460 142523860 193845701
14509056 760875514 309857327 314101646
222933930 288462650 846150525 883162423
937023589 38658559 865158909 896413736
869062230 679673528 373534627 382342940
504680779 525920673 993980345 1000000000
598191296 699455865 902621795 951787173
235909759 445765560 487963416 495326319
137885152 510576424 334255608 420317258
340840471 380432930 424764809 518045075
931605986 257812922 14520838 73594695
693498978 527439884 935936588 1000000000
878439643 755450495 465717484 480307911
799883259 88519020 619071394 660981581
691292829 385821130 363419407 438150263
706074112 169445426 237392425 304033251
829591501 948235106 345172458 349153412
975592858 892566053 201984130 243993697
29421492 163822487 386217084 415893372
915930942 454809631 797243918 841050482
733070808 540776069 902510455 991782884
243150918 325297950 939934415 1000000000
872681254 623771314 525079997 531197953
26285434 727598508 215415646 217879428
748828202 538995833 24300133 44772941
479958970 86832127 441961232 515762519
48852770 99511860 386078158 435568552
435767113 189709843 29538348 113434658
69568272 985170631 446511510 469854573
714954716 1900009 774653074 860988936
120799744 455384056 84440859 175244714
934297832 20370087 967268289 976629306
803915764 561498218 867841987 930965367
411197041 979728127 856375528 871174219
63700159 684092200 668943372 701810921
910398453 906720431 227122410 233154854
554183841 285805347 913746308 930027865
289766407 181783842 325940002 394629467
890675299 648086903 146447910 227889495
856682893 456825215 272861632 355653781
490144170 760757443 855097345 855770870
696516384 143156040 504910647 562424859
543636824 307912692 401377111 500722054
363296765 961376962 422137839 450948754
361745516 335227126 628747015 647307169
636762268 845787574 179315274 225930609
173533683 719426756 256204016 331592056
372498645 251981134 735307638 816345784
809236891 332965896 331868553 380569159
791847669 778718871 800290279 861135559
640297234 289562952 911659793 992887222
573831623 438238159 536682269 626885140
146382755 684873410 791192947 890359902
402145582 707015443 280063601 306763547
743725520 697924946 761908620 845336274
63967936 502386815 168487940 264246367
358774581 493924886 44229171 103509566
23947208 188088852 885160083 893473213
781297840 529226285 80762811 109269384
990382207 88179564 118142279 205618501
289960084 730732450 25743819 43869730
535887836 810990180 70592039 109918667
510402633 735957074 39829998 77033355
629156814 951713799 625584079 705834614
76750672 821000014 591082179 623240189
535687280 158978777 145043698 175166253
660890034 251084570 445418189 462977593
296414449 219090933 771432314 781170013
153055550 744569788 925161562 1000000000
672352500 151691112 913195736 972330768
813330987 907793508 554668837 562389558
583609823 486044249 151633173 233475458
176947151 409242205 717879098 789271215
229816791 918598278 939818296 967987661
732142275 862254409 962643891 1000000000
867816513 885424059 518339922 559176931
961108132 330372605 797683104 844728865
587958853 60282572 447375549 542964758
774523087 358948829 268193704 309829169
815421864 995337031 823137912 823361845
460584950 490062638 783962528 841679731
46310763 935017723 319794625 336672049
81539655 351407632 899012389 918695677
934914006 397789599 168114357 241249274
929732157 991546228 217881910 252022129
277259686 199008705 679952789 760066894
645196142 75932292 611089876 673255952
571900701 776273676 315996835 378056547
75198121 132118732 609987845 652737090
305921859 307548319 278089055 289309650
514830343 986111951 400720542 431246059
292225978 50102423 420237535 463305319
171829467 254449455 441672987 468416347
726962640 730017111 616824443 638139448
817781574 337279450 801816904 856416240
535093591 793255633 530801737 594994028
761122235 348298777 37249000 85489474
832722582 838328970 55366646 100772309
350325818 398664871 930246699 985369184
927974770 211463442 634198003 711783774
447744815 431988673 933265062 1000000000
890560894 185408903 111122236 136663188
214702800 400575593 108533535 175007365
912453062 431992097 671685750 757395509
962763772 386914666 954211805 984992152
583003436 6647209 36927869 45925264
977460736 466757501 52897725 83599296
860637338 549569066 736373962 825930228
249255499 152177848 51522909 103280272
305321155 821282977 450138411 539654571
784959808 294608734 293274735 306265429
999033528 403792377 311087246 380123928
210173517 756565994 255031673 290880815
979394224 66828147 883788903 916502462
91203413 164771633 889549538 968468443
430494485 992233250 763756445 855563376
378987798 584244323 964289674 975581808
601370576 2582897 492419442 567456166
748546394 790274543 500181541 548071494
627639966 552708017 195311137 198391211
973342898 572124649 722247559 812871914
78224996 689051965 156338714 184873423
332233710 79132397 402190701 424510032
346282190 644173481 197486674 208065066
984976960 665677494 589972164 618916969
139899530 750462282 735192425 763142012
230013442 414394198 730975213 772541282
213627088 500848682 321388356 340241350
520561437 877888536 201196226 231349701
931930773 209053854 1359138 58960358
11862723 769365004 470300109 563502137
642162739 223244564 850239988 867063023
747695460 758067949 378289326 388022524
515706297 53069773 589204377 686017553
811012268 782308054 541543446 639162915
459966110 747677527 913326646 939440936
85053180 236117052 468107577 493256876
777774065 974180246 453251328 527184488
537288711 420178973 34025712 109113130
202232777 929716708 231123340 310416426
523619029 761755827 566037629 587288513
42367757 863738528 93925899 117763689
538968509 499576703 79231181 140939729
886726724 824470693 928639062 1000000000
598900473 169667450 571854668 656686712
968366675 147377086 488237936 545464658
549509468 30037864 790941269 833979027
99267226 35051600 168675591 178098745
521411331 125663434 679244346 703435435
328669301 648937913 676801321 707673455
413156704 552473761 977291147 1000000000
259998934 721593077 779146667 806390117
498530152 793834110 42714201 66557687
986158244 707330293 593904832 613600236
454971951 672857598 513983746 574494873
252571240 134604612 533202133 550451353
663147886 533742019 900396906 907291311
822231864 154873570 829063742 872181124
25982692 275383272 976773198 982299846
120708130 542414267 832972585 878435974
741232705 305935538 867847660 960184601
645681510 591650604 275126953 372098766
116417654 280747185 706500454 733991268
116885345 752221293 861746469 872106318
270923163 698316104 983715385 1000000000
252356425 531452900 572502781 655081324
103248619 26745363 373667097 379609298
340484140 365878230 67835451 132963589
125440838 153551271 534336122 613492126
502808980 509460404 883402858 902839264
434263922 268595439 38803145 87042033
870231568 273543929 347705535 368131966
394223134 473041235 852256305 921932696
200025379 718373967 354780152 368315033
271107188 756866613 902568190 927702074
774734340 165649070 935395213 996322192
853136328 745323849 67805545 91136639
578060378 704891235 305242297 378003282
43798533 22056559 795874399 874448749
897038497 447995812 517536476 563338640
787828337 395431705 393256594 409412036
58087966 572363342 184215026 189301404
349802553 277083911 863888012 864088443
910925161 653192635 721500830 787335193
243075709 583930761 223389215 246052535
812931859 363916695 732155194 819575770
770133779 904651266 647461513 691587838
362989342 832418484 742451366 753868868
572110358 395939367 392701554 465623978
486404061 614377679 566594668 663943007
51006857 445614590 511625847 604180780
172636371 594727122 914748386 948598358
779885775 908346030 669928463 705140406
196816018 760573341 322905353 393652603
411568253 548387125 332007964 344737733
944226384 573927147 715882382 765574670
75728373 884105592 666277151 737019042
634355925 690232489 689868027 731026053
96180942 799200674 78617203 106440897
346407537 860358001 141650139 188501403
556328862 107755080 600613699 685561049
292172578 134376624 421158616 430384494
669151373 731027309 700043201 707205935
532672500 17111752 49161000 131901762
10505873 951145329 549275225 565737178
26612624 944790733 25256834 88761796
835076016 517714379 989611431 1000000000
210316274 544296401 850814003 934962041
595286562 432601293 918102929 990353744
677752698 730494422 445011424 512579346
279223196 622638970 638086069 692041739
804308226 212797637 623865428 625198606
956134559 536350353 423812665 474144422
537205807 688656663 589293416 650435660
938843099 334160427 956444555 962181152
156139990 98861950 113821275 120159682
465104940 41952157 250261282 339983906
291944762 322644880 674273363 730932878
613586248 658698849 575265948 668141186
433888096 220822640 557847839 589450347
974255407 393299867 141071009 143639615
902209060 348838288 420098688 455603263
65512580 208461006 639618618 677719882
287867361 523831500 459553836 523079238
654066149 943230261 494813790 583511301
523902794 386686255 327692886 427575876
14336740 549457922 557900012 633433469
679289396 318473400 388095087 464879622
445745174 846484053 75677263 155882457
277292942 435054199 764135421 774632380
780097777 399858206 816399894 856731620
615573694 322425020 292815451 312984188
892721227 162374945 340923167 437317734
249120155 840651582 349382566 397601260
920554200 103262412 176615614 185975230
982673340 642473417 548166096 635463417
416834870 885783391 382609419 437091140
705924791 903128918 857474960 901398686
679027874 450353905 825207233 843667662
839505821 750266439 671426105 692704990
449349879 388503322 821162705 878521437
985557041 366209672 602927806 620753392
510580266 182837579 933972219 1000000000
220079675 535739690 715702523 804579701
258155447 221394096 499186524 543886734
34604826 195272706 582497530 635411873
911528258 838481616 635167423 643309685
831844667 552743704 531594538 611577716
949543815 298120107 747216936 842841410
305698570 784885005 478038426 503349805
433994956 323715396 569674749 599669714
667253177 739111080 422616397 502173958
944808096 514287937 802277166 847877108
111387902 205695601 934090026 998444997
832132585 455772817 551421384 613444650
658594400 883264168 417349392 462195426
340350576 366031404 76804692 150336440
690771376 443668828 584575983 641552197
183957008 722785598 890272694 933089076
307046024 646368313 353193030 409297900
323253153 958128231 565951376 575484194
256307038 805452418 800639438 867964090
5850503 725444670 368931260 464663149
531089909 227471010 165865199 233237489
936271433 937259024 5983523 54201520
746939259 721734442 849700816 860617150
886592702 81147914 561509235 617837954
377293649 991978586 369664331 465955508
559550804 86886446 177759412 211641055
655401500 17998402 907661231 967788570
86282488 446359902 787302578 828547860
449671133 287113886 672178208 700643519
493476888 236212385 154404294 190244573
122465002 955914813 381648168 472093008
184765370 122340091 577504433 603131996
967398570 174860693 759071635 815495283
448047334 254883116 218100053 300530560
579254167 127905995 921841588 985263300
309962499 936584256 491608507 558955101
175884717 639453822 895660732 938835192
306977865 805769157 258999078 291720954
215046117 600671376 77735673 81835119
624261596 298922297 581309202 679690901
537766385 293196620 374008774 425086579
121482995 777615879 43647138 81971025
846740747 738481340 792962184 855560350
832850154 579894573 382176538 469815843
139032381 593385163 44737801 47884327
883349381 378363964 174074155 229294028
8673727 658905906 109707832 180737121
663413267 785448515 471845904 554685664
576694283 87566677 581873926 646718122
249616711 8948434 336383513 366997205
835751907 13130028 242848965 282571635
702813344 984527750 712553278 766254829
373578752 650393405 872310026 878604054
25676753 252242141 995763655 1000000000
759614555 449446592 481127073 570165084
69793798 253743478 837485399 877175553
895907210 302847428 987345658 1000000000
476390015 714508344 865834098 928067683
902736463 103946438 42357343 44419707
291145316 932465513 451683059 472136603
882501849 877038532 755354719 772742531
723511259 699534054 255243675 270062188
2809069 891947429 715606621 764518122
501377510 330111786 440646460 490629846
199756356 381724943 786603731 814993469
722350463 536008556 451606386 501764292
305740774 258839252 302703183 314782228
551568116 208871 318287168 374909057
710670698 885159266 510098753 547059814
768043073 345877070 772960412 820068091
533458829 861436351 49936580 99048024
627875598 281837002 72792423 165298446
273241628 395492091 484844468 568816439
539198969 130721964 700001690 777974121
503729407 186631947 580464377 643886747
345764271 6337248 719452106 753720405
479459631 908323716 444764022 453626688
832591631 487874490 82709459 168698379
118053111 628131928 387423934 481326897
225558804 578586113 662895057 755369376
395271866 597101681 591210009 670559667
254453452 655813308 220664125 255457549
144548396 749034980 636224274 732616339
7475484 922564094 909889664 980159431
455120102 225613349 936199462 1000000000
401614268 948045440 7602066 45917196
614673891 420589199 171763133 258400767
787116740 573497572 692696600 754841906
467615743 215377619 700091225 775628139
751893111 357902497 779210721 818661629
328537391 530407176 694339505 794325713
160372679 272851191 160007003 201171127
817930184 442047479 881090696 895857326
901823547 696449832 47028129 68496797
900545997 767726388 5171519 89028690
985716968 986210775 589759095 676082801
665868637 704627899 730141212 755574413
938979211 813521456 130013534 157396327
579826295 489440140 114154730 138906354
669419563 828308860 580026814 679101409
938155382 171801742 373099568 377343404
239517660 652792565 25263754 39641506
639614447 667977671 560603762 634727487
230082890 494343688 298886399 390608369
432392826 329756414 619313390 708119128
662993992 317746137 917429580 997799873
58890779 115322026 691722339 744140118
216141206 204699400 491344314 540225428
26379806 591024575 368822405 460271037
408705683 488894181 69509578 145368041
433016809 526223095 60397494 60999587
206026315 86696661 987161147 1000000000
753277850 743608457 450167023 484639603
667693890 882503542 738134118 758360623
212143033 205058310 574464792 645289861
767453807 258545275 598502472 602147989
28592017 256701931 123852853 166592210
395437343 188814096 937456750 1000000000
903981594 832406068 114708379 119987717
258824098 988773109 209128942 241337611
985024458 739121569 515716263 615343999
732521059 841272851 505214038 531409368
732300963 781904322 555792051 579100654
421048386 69221258 540027666 549623592
844846174 235539505 925076013 972467538
389645567 77924319 51621989 120445622
225240741 849368800 422567259 446881615
529002717 806379502 419319782 466542016
785188265 701174331 605981908 687259585
132689874 983009193 341410290 366803581
646064553 509157976 887779665 974247797
852654741 340510242 706238104 782946792
220164689 373326299 613958516 686049357
366445806 242933047 507050477 509965426
202104046 942480701 810557493 900601482
27869777 10441195 903182579 934339444
444113197 974138082 486844422 508410671
608464996 630900409 371433341 377983140
29679067 513500738 356339663 453625733
355795669 363821074 201383298 295442694
624505071 749417163 126821276 148683948
992504972 592181657 962570158 1000000000
169258133 912589120 201890908 219408372
654362315 72434121 595041578 689844735
979279173 538805269 238287253 253225308
70907983 830331336 133950386 141398435
477000808 385201898 813534784 832238511
863460510 437832024 785349805 819971973
178322174 842870725 981814621 1000000000
183738812 848059036 863005634 870328791
91219700 835263853 836332795 888636460
230209153 708545307 523128417 572023884
768251839 229328188 62932171 84553688
741911114 463201679 445512014 483254502
740699508 697402056 295310680 354569728
129313787 491958690 839987943 917027458
38877152 648034403 864322470 943033495
692291378 827497999 522403409 544112828
799240688 726292387 618594006 659914313
581946058 822498612 196547704 248764595
623108142 21406647 997466680 1000000000
501961702 189288674 944792936 1000000000
92857475 641502105 139064157 165483688
431138705 139442776 977467241 1000000000
712158737 672561137 840155755 899628003
394605871 939585541 719887146 771880131
379456948 679958477 18734511 24710148
214442490 885082467 673240429 682042521
847041782 957787278 289177551 366100302
981275799 82563105 558802414 646114214
691320018 598095495 789743235 795538381
624057356 284724152 305323716 344062951
816001247 479325754 835574187 895748488
635488194 633908068 897410146 899890629
47846808 893647816 360590199 408876883
38265989 410505272 725263400 752728592
672597463 390088638 854727709 889549678
802603507 15477731 41993662 53364717
766433320 745204372 683977232 750509555
369230758 730347671 850491301 924437130
902184846 933557337 551334258 615024413
865203480 300721631 306791468 320341553
535688265 129093069 336013717 430200320
69236012 964980030 405055420 409254596
706629795 943709189 253337080 270954944
632839594 743067344 843835970 942690037
94640754 143869208 977099227 982554176
652243945 286513476 480113445 515216590
814142167 809119428 227593569 241866455
174223177 66000368 174847573 219143008
631258430 810282772 797825474 894450827
846778621 396878022 124966838 184270244
624864837 203617101 355682788 373182741
734748287 880870629 383666939 465369291
887701884 28064744 835028162 864444443
325486080 212397667 328391468 397819308
579182940 714592014 318983016 400485922
411498086 890599582 351500145 396958009
486073467 549226511 51644695 56702940
487101089 197704058 188524531 287271421
283235727 442691049 259521773 315641837
775603743 45804675 904311920 948988294
999602935 723463136 717320368 777548854
926233818 567874657 989425435 1000000000
501137842 170697206 521455236 620409981
831284980 38670407 322931147 354969501
960263313 508761856 93527052 115006399
292100462 72433100 98518724 149591680
351868949 472347787 168351183 217757698
779478430 668411622 228615839 255733610
613225189 244742911 513789651 567902652
917175746 149423661 703122625 759797079
522740744 816960521 791384052 826471139
899760469 997456685 869446948 942861624
314335245 517675860 330300135 424944887
634909754 17637568 875335802 935305786
606374894 171788572 813268146 824404462
505385179 146869375 405469426 489618271
828452650 34422365 894205788 954092373
508099853 780866557 348651776 354191684
883759920 96869661 168088345 236009818
868147897 642510522 942919581 1000000000
445124589 239738477 416922124 422751710
614281557 17235722 854876279 861854256
483708717 19744976 865625858 874777860
355895220 316333472 970073628 1000000000
195236340 867232201 386223162 420092774
160504585 183799721 175497660 228603531
989826686 84262660 191911269 281541551
462232447 779233241 991087259 1000000000
682977308 542441137 742657142 812229450
370437830 747928678 942420013 1000000000
435581635 852509906 976184858 1000000000
254012767 960599731 168247017 214111115
303730979 453120095 716888337 813224404
965271026 63728012 413208634 472890926
674332672 690021584 945626609 999299754
185649530 591368571 499745954 549739490
292501288 15870959 435145983 524280397
655008648 349436644 739047110 745829386
488663569 381476997 114309869 155649880
27853998 469148357 906696945 988220036
399064470 557079071 842289950 935945167
410732951 261137789 986257472 995443379
734377882 582655333 73739985 110474797
403862145 285782710 605432229 644670143
471116298 148169112 117393719 157265822
700596764 51156568 663280310 750380638
9862309 263493605 32232647 57771652
35220917 819110857 546769145 616844570
34522373 334457941 122263256 177769291
129579576 734693254 28396826 101167129
422959610 64329879 674317107 771500512
60735064 543464692 400779312 498705973
791739838 238699398 95518189 137086323
144571067 701766663 21376662 52932910
943689010 149459091 611584342 621086670
98962429 730706341 547261145 604909244
713848262 692069558 195900987 254620722
807809624 929640819 281895324 291804518
922106730 337584194 281716395 358262114
328286692 242472267 822761033 863412897
373210137 994090824 111332720 141499884
753435133 691856299 848959355 883413692
672887681 672649548 169193076 238226661
159457532 767442988 297536086 380735015
516995031 273030464 887541879 974975692
803596895 779506143 304913687 332230148
602495522 793154776 532950323 570033971
204822068 684443455 49008909 130562348
72718415 647282820 649513329 712465446
252176025 801567454 959376011 1000000000
271310067 59064939 263011617 310864824
72975259 768164887 246522353 339737088
465986116 445885288 394546235 452779553
996089698 918528254 42885903 77434799
341078784 697616523 979269675 1000000000
266170027 657745231 904994305 949360288
797979287 582962366 128555622 176249008
687866105 535522542 446466397 479908812
411094883 778776303 300468541 305278711
574015285 916598830 619958348 701838454
347148684 581294766 236395042 304521532
261440103 300127090 86036939 91713451
350382022 996068912 208192377 211715331
461067060 618510547 913394505 997044622
955321075 260533868 869171557 957421036
989659077 310424544 795837080 821323949
340762887 24318870 584132069 648854452
597920646 979172429 387664243 448623697
993005528 253482300 611850407 689003746
537551662 509721926 500737584 584999589
849818502 304115495 680032203 756088584
263025615 989731464 970433810 1000000000
456527468 860125447 532212701 604230213
423432565 863409023 931703501 1000000000
301947101 736782727 232051427 246296411
892572353 519625511 551051185 588125667
778477350 844873862 78605261 126789046
629083296 460117441 390711373 436072487
993141730 892675140 909487197 923420551
899621637 552548813 696182607 706426843
408110322 240028581 364156530 419413612
587645677 958931897 496643015 593493840
791359882 406740877 235010164 263640704
31960363 956132166 109050838 126711085
898963019 46981830 270239638 279360232
762402762 404839496 941953129 961560282
386048071 424017083 514062891 563875760
108060196 921251725 953018244 1000000000
831960369 651623993 417657544 499678463
4868697 775177174 430061005 436019115
688563391 304854320 950010887 1000000000
311221053 737844775 587296731 587637162
166920749 292988365 51501510 56824062
496689749 886402308 297465418 376576747
113156721 719652418 609803892 652290060
698876927 219615496 635625415 697212584
522754327 507992182 145722134 183412489
887604845 768927751 712819121 730127378
402665767 793116540 440610059 530890908
472952874 682529239 321104257 413676075
224159122 585947612 742203094 783606336
33892913 182401166 943919498 1000000000
590083656 548688757 637462396 687988930
532800094 854173496 459564551 539924320
965577714 127981282 772278722 844354030
472603084 321011536 958858654 1000000000
425241514 189795336 697122298 764206125
434616166 905101952 781110332 877561053
966841470 644272989 629753285 660856586
851243167 677174325 808577524 833605557
220025647 915593826 266601525 291082727
68432529 311936808 310682605 407806374
399083292 784514031 223524201 232420170
639366045 528427449 138247733 224215854
609088735 762728206 999630448 1000000000
970273329 185522623 904606290 977591158
923726793 845811505 653475188 697613785
114788097 378721013 50671104 129352177
779630776 911379082 45493302 81160722
118266875 305738135 138833089 178232967
717922646 350188295 622197116 684362237
655595891 298474799 230858551 325429172
693649662 785652020 941370826 980163759
279558962 295345106 999610811 1000000000
866263836 354893684 423895168 490250854
549447755 356934158 555790270 630921126
215386771 644230843 398050476 482692684
962551291 322723502 440604736 480699250
357694253 188885189 954997682 1000000000
713603992 432683881 897227690 976586796
142233147 262576788 268841032 334798282
501441692 673697353 932646780 1000000000
167594003 210133391 972752114 980096791
157783392 713681727 425598439 440233533
553860035 126598566 303635652 381555804
230136981 110277131 671390083 745257793
459672968 989801536 643780216 741726557
679089127 163218911 456643848 526431356
500511417 212893157 616770171 696039854
512988527 429300647 838506804 876135292
950493965 46641974 593473464 609268835
714108414 370777768 149898158 197902012
532922431 633403611 18586701 58149174
54314381 157755943 294883288 358624215
86082201 115508948 31905397 105572358
831606965 386182619 744484398 787844423
377284555 749957648 502220335 536894141
237239955 586442025 978738805 1000000000
700821725 513307658 526423866 576303336
279347221 596835324 50767745 92445395
11170737 506867206 321689614 342702726
505221061 951226773 363706562 424114696
37521141 554626866 551497091 648868666
434901565 979936268 583210513 592635868
432656811 12501093 576669643 600187878
36393591 990853677 313664310 374572901
687523113 13528064 670074795 757637519
655314490 341855833 412762704 484325683
946191507 304439127 915741190 981786014
689226885 837012207 343715513 358016988
164405467 874365585 482476014 554381107
800880575 918446166 555067601 558074311
678665661 251353103 871872355 942943666
290809210 399978385 467961561 560852101
211391549 686098720 397512399 441742503
199382364 684475219 979664862 980653820
188111240 504764902 449631461 488972833
233824099 939375377 777231478 868545953
749287108 119434735 851602556 897976871
32793994 933253958 446951519 473360247
216606532 249506810 993688247 1000000000
267231369 561286086 258127585 351390380
411838927 733166492 396441955 478139146
556417902 676994008 41163750 79542566
492312245 422936560 526881638 584963161
920460045 238254610 841234846 841559339
240040699 772602761 333124942 361526489
423105251 27422452 514899176 533781568
74008285 651508720 814995981 910648331
652675910 966005417 69692146 76183919
159905860 669738310 160626529 179914533
693044323 613298256 495034483 571159324
652727713 866129283 195754405 225484687
736439148 907039353 909648226 1000000000
587597446 931531565 193150926 290023800
555730960 191203770 963880013 998969481
178020096 663704155 70332301 134801022
446526935 112183776 357891514 374223646
773241859 776002020 436482346 534046574
262759967 636129408 133059995 133683220
353848814 691001870 632217642 721824752
155356562 202404188 86442780 145707841
76228575 65522558 131201649 195436557
583240713 558187093 305617837 374183826
313834896 196245324 978224138 1000000000
978716116 518537697 549749124 621677183
643238118 399466419 701433429 798887105
958484307 696688811 679123789 713386549
125613497 485859388 614491307 701743226
489200789 486606048 493521756 533227543
464169024 545724763 969660332 1000000000
857490736 777436173 939306557 1000000000
961367160 994236896 543473336 588528540
553149350 433073826 240377640 250496691
693492545 394941982 956990955 1000000000
842050139 116755793 924941104 939162668
90701842 332523312 83804194 122070944
927895181 855872751 63072075 154272962
896486765 370413017 277733762 313622479
180553375 143399632 479544433 559535168
501016753 493324455 508994046 599966045
350346861 869578811 364271637 461180466
519162240 895900930 178265151 207728596
236894835 959955679 444092083 484814660
719878198 932146564 680198234 686697064
416783361 79489038 732016056 786311702
753105985 648611977 499556231 548712341
633546409 330345178 575627993 625020256
913228269 856723911 708029709 708389921
499431278 394200749 755414962 835176473
346983409 106605514 472726732 535172598
314505064 486106384 771338904 787133675
145036687 866216239 5000447 66088291
507700113 584439859 712248988 804610498
78710935 266153260 812588677 905944327
462915497 882025353 883886150 929156187
689033746 335680364 812080961 848541541
424692050 730659038 112629514 145609004
729984156 36414331 391263918 446427959
39794235 566647308 897655448 928709325
792736420 606908331 487209652 510689650
742337414 350464543 12454258 57629081
426441190 710443242 92117966 148339548
894172559 6047632 825457359 848915388
698805837 967853839 713406192 781461949
863796352 171949167 955315833 1000000000
674494933 974699644 957313139 973898258
714900460 744562127 478287304 527126553
965174546 376745571 246885797 312426565
860385256 834752996 252718359 253497608
419012468 584204244 462849048 543863226
210497573 917109017 2096797 74781037
748914258 794448850 501819403 577911864
664707960 57016416 231356792 316773220
835120150 252318855 897654783 913830601
454649207 879548714 382720237 464936561
236854154 26565369 249399747 297819113
253540599 473635900 604125850 656230493
221754612 413248562 210529984 256057205
131207125 580514742 27959530 72442522
212370632 308215520 283714844 286389125
471987157 648604413 957697013 963703289
752677270 758613912 865249573 951659592
90639085 664351504 160025242 221729311
520694918 12604086 163433906 229520759
500648814 193286301 803524361 857027362
813587072 652425482 133544028 135311042
409483148 910513167 758092017 846330569
981709728 384218152 806239618 850435634
966789620 683026703 537263723 544449512
347895317 16941763 254540056 321960784
880313817 270663944 514540564 586309418
869121507 479383665 119316598 166378915
991476709 289464975 92327347 115939890
4257415 103184319 805413993 888268251
46940249 206138854 626954911 699581086
190939248 353268315 879875569 911908794
863770814 713211528 830170971 897392173
539304006 412404722 883219835 922811750
835770184 861505184 138514190 170128750
229833251 281847607 746491346 777415516
587780504 522231557 991756213 1000000000
350896292 899423596 166773439 229822567
883424050 628433343 344601900 427374409
770300023 157010786 476806128 515217278
341167787 958867451 639470179 687300804
35606323 723036664 905214708 959784387
471859660 271487492 702603065 797010300
890583063 278832348 973354235 1000000000
154821644 961483232 557300543 588083886
61638399 401989858 307143176 323387567
219321747 680352560 449456342 495599197
497479012 863570220 745518650 781975202
969988877 490882796 256847536 272935866
354788556 361129584 18607773 109313268
297152947 10795883 172565130 238700931
526124582 961414452 136971958 195080828
493795862 690220043 9458549 29200619
827087529 905075138 226222914 281890457
654375483 619060901 980729762 1000000000
837424327 685621434 118531680 203105664
753756300 878082286 525368253 529455531
344220093 438876758 267433931 325531227
59699855 699431710 256681837 293908880
427204262 628954284 639345889 722348748
661215591 680850553 561463441 592347665
310501741 634452110 852776001 940074694
679679098 104717307 298164152 346789503
392547036 141891354 399233405 421306581
703201279 643647822 581274760 668184790
6408515 829698932 970461292 973599333
61416935 496087996 604204456 610059047
451473534 917618430 530424736 540456908
898394787 298578455 523899395 607683374
921159245 106731597 408965503 425295182
574003424 740013017 111769905 135823450
471547533 565610410 104138029 129503434
5264483 995467802 399441550 451914389
329513941 785271820 820348696 903716638
339310968 485988188 52390112 90134854
111661528 975880828 83167013 164970068
59073325 402017793 578504399 626769107
118634677 372099429 739306403 770922160
598003874 195834387 222731878 273421451
383723505 692407806 729681273 801636696
96479223 970478977 95384431 160073373
48113792 770581455 515810659 532696283
942166400 528211402 668142556 745196256
365863636 397603052 743508310 805728891
4598042 280584484 786803839 835126189
160262263 879478747 611133518 642277217
530158611 295550460 38803920 114554569
325953897 674478464 311190167 383276861
329000822 867359904 335624280 339858260
402589857 734878609 622597448 681296720
744014359 23985846 651320725 693292963
933172595 521505677 153068836 182044729
434710409 562479684 811314736 842954208
523562378 486675891 162993376 163321237
522091341 63325583 628981103 695400513
992700107 213562729 179051890 247095835
556342219 751974455 720242284 778602102
444681653 724861031 808320276 884011536
270893036 293976310 570074185 635933080
542771957 122994868 653084290 736971262
324889173 831007845 534861981 618179170
966729692 77252773 456297096 534516680
95928129 43217596 692913547 751999843
134567332 982272953 735827371 814253043
92710556 850752442 409919597 507484311
260624658 252300606 682788806 731541822
64453277 807715393 472783237 473910532
737520452 883122383 399222066 458421828
844752603 740537048 681735415 732613488
383899351 284246417 636301812 711436117
64439973 219316581 996677089 1000000000
6259688 363044897 966737943 1000000000
606112565 114983265 194577343 247266816
466848370 459229766 928364907 950304180
460694620 922515647 4936738 15200899
151318736 969625919 389823178 400086433
754131592 961850449 111504511 113132385
834512902 548193082 472645559 486110650
568740970 912196731 846587221 868500569
863383333 17989336 679957097 759764121
124916755 828638346 189233871 225528885
922972637 759842414 994082431 1000000000
512186343 823165970 863857753 938445029
459782415 920347834 380099067 404859021
616426518 744808465 64105536 78322537
85458868 319502955 498681928 572856672
338763463 56985228 47194693 142746039
406255747 187212950 964228155 1000000000
142188071 754410975 712950767 786080746
371555316 378718919 390615543 413840219
178715524 806865904 529395255 594036883
248145835 679153690 644789699 668034374
848055107 404162844 654010207 696979563
390868131 638881388 10440750 34262813
491343383 789954735 931457580 945511124
623583923 330557336 583183358 591650861
191502056 647742201 830775884 833358339
228875944 861617217 962912957 1000000000
930773368 644273130 222360290 314327853
791696754 575826045 23385763 49627397
240189917 581295405 537986624 553595153
826949582 38658733 435692569 485275689
626655544 726494279 44303048 102636420
132115108 429801800 356713120 455984242
890736785 985559146 377408926 431629298
778529480 571449549 594779029 623818888
228480462 204716674 116585165 173090693
506635408 635025440 90266713 173563537
705109528 558064092 211643889 303682018
1938977 556684735 277744565 336201636
778726525 376535959 810380343 817168550
909508345 907678134 174078754 273287688
338816538 798136446 631903518 679614807
250523280 21024228 400494531 492542166
230004867 660494458 320942450 392049040
372263070 510955459 717857552 809553278
303700327 378512250 859252003 871428116
4609979 950987737 227580979 310639965
510147478 110229107 541257087 569198991
218850634 202732485 130533913 162098313
709971951 221075332 761264181 796278705
919034203 82308067 184488312 208833698
12012945 337745426 276110556 338649253
605394930 949364906 680904221 777655476
486604340 369678149 514877924 578686671
105071400 547072304 830651537 844979537
933319068 497094000 871975973 952631012
673885132 250429856 646839911 700989817
230594465 176460850 219094612 253437796
199405382 329610104 925409388 960272088
968242804 645693333 358202781 454415232
170126557 912827591 100526232 110730964
213479822 763440846 69723890 140614155
663511094 294826986 953632316 1000000000
805711196 468249681 211603201 230320728
6097570 47756576 167777627 231052692
259133451 858324826 865068540 954685925
926283049 436746942 64542670 74098575
311733883 687361512 884371415 929569945
189007493 321625115 49171416 89487880
466195172 950002580 94973648 110867046
131062003 583507107 992593258 1000000000
49583987 268168271 871513782 914040306
501740132 4089927 243341450 319026673
36206485 730300527 660955818 668316553
645068362 530475007 681857654 709013214
386122617 989249785 426564172 525938422
263554609 52023151 894803522 902176834
286877417 525630011 668172762 767151893
843964291 435941036 286212748 373525452
43241809 196764698 839238435 919884452
447314591 999741877 960718169 978661131
196884139 863733852 663605849 680447119
410090129 344068301 224458137 300392169
183715740 530399646 554442578 578438932
703346897 114780178 633396036 688897093
921958369 878442696 480040134 547882271
299115700 560698831 523099834 560870029
234892552 414636892 951236993 1000000000
447492983 54846104 447801238 516121189
340906654 405080881 877994974 920746408
125607302 292104695 550445278 628193455
723915009 375641525 514975329 530182220
116168440 831279309 730007668 741355580
862609501 435530273 749792959 765545630
38544339 670641965 480249126 488179741
728488263 2068689 64118389 122651865
359063851 520762406 445668740 525275048
799231233 11727465 260914682 346953640
604701606 656341570 619533947 657863694
399281533 540766921 648819859 733654586
113380199 514973001 558295046 591026806
973173913 634987764 460992127 480609708
400980822 165734392 588022786 624092942
417463349 996799078 928498692 943899042
809650170 539607675 37407818 126196524
997837124 445911937 385782936 411497019
106214644 109378111 745153838 754634610
503428 647814994 583268123 649232545
204666875 904915478 995566627 1000000000
951108540 425882831 683421687 715565040
554961448 680971259 476908002 567072139
704836154 726364055 576910412 653295480
82226812 925172964 712432585 783325979
62038520 584179658 187151197 228681235
77789473 573209907 803233304 863539853
503458915 999226513 685553074 740919892
559118629 339462624 770753872 819026096
538015460 544369621 165907811 209339881
302817243 734043647 591453464 594053829
953809287 444422062 953037932 1000000000
946751867 547803687 374840856 464261746
541522065 130306394 771228959 781517038
910963491 936770061 495890196 512486222
224150313 848877387 742255564 817325887
33800936 252393627 650070217 672934291
30121202 513828197 868503350 935279944
768363299 903568206 971051505 1000000000
204108508 715123989 815679103 876885033
668426233 434982686 303788131 398963820
610618075 471833753 62710380 126490471
327888509 570693450 569886188 580219087
292719927 587786114 372618373 430243222
310773176 926472522 613566842 645630282
534219750 662544302 898546500 934181024
341105686 955290480 235325210 271007661
171318471 607559910 911256905 929806040
887268469 166014827 993500170 1000000000
936787644 653929303 286653207 372545274
377502216 37941105 75032057 138534915
138838741 252930073 308493152 349234354
230998408 486865320 563674522 621474819
834775433 570263882 651297481 724373340
389448974 136360081 409274656 433710853
827910294 792152607 783511492 830072964
672659024 103388021 181839691 236154748
154656208 277648679 70121223 144120616
917441073 963346315 465184480 495088950
696456116 596798088 266755117 267888133
705346007 58443046 985981453 1000000000
576206557 244218309 362472351 377384502
337953174 981347264 580382042 637358946
613153057 820664296 463529812 544273753
8503515 899787948 758799492 766481760
985756007 660627076 415033084 506121134
389439251 468395602 340232491 416843155
644482504 34081070 473461618 532430835
983815532 183923957 681005181 722402296
797764970 672922199 784719730 830307458
961345807 88969860 421172856 499732248
157996085 503761561 571665303 584266501
117692627 939208456 52677469 112661877
758705557 366773711 521330434 542697628
161547175 873317922 853035776 871534632
836635475 635103949 268070257 320115252
776629425 713811322 773383199 872390708
61708047 77175740 88225420 94879490
400541216 360378358 843826485 868693521
159921812 632459191 373987578 435874522
790127364 676271412 916395074 931889051
912596760 888923788 847267261 939491855
343569862 84466650 851475350 859197501
27384756 686242626 170086002 216971556
364676638 349902871 272163916 314933664
690553060 7687298 578410999 619673670
121779860 435982838 860541211 908972276
148022295 707333955 99089384 123057877
59960473 691192471 469946628 526739557
427233756 923597522 500394630 564361341
98273005 67175232 708618820 731629404
723578342 903966640 112597442 149439856
590150489 207458623 69702606 85317976
652878863 220263716 466572746 563265915
117296770 604915142 17945306 25627844
603471785 174409765 673521516 737521891
221702369 44579567 278755402 370660877
34737998 944920456 173967107 250284291
16342638 903867119 162062232 213348699
237546929 812680713 176794886 261614401
702727660 485219572 300564630 393726174
565141487 550795981 846169028 870209884
564541224 511803365 883680959 903729269
756166388 260621590 953822157 1000000000
137538153 651747625 828880695 922148647
5964691 581855276 279325641 351447692
989382502 47669119 108553897 133067171
450381410 127913284 401934482 423712896
956032500 343318747 313463202 362653186
438066182 202595657 726162091 816835183
483404756 58925987 85089495 168779057
731596056 916886694 813091371 872194456
590398653 823490682 269484847 271939930
214477195 390082368 903826881 940211286
253307181 516081855 674207326 756010532
873141415 556956545 724738312 738672639
908627933 720052752 503651645 505200761
795445244 504810918 463815961 505301932
723701027 240506497 409735112 483820683
85516943 99887808 61699302 96185405
621773562 109702435 668820614 696793291
703362831 817696187 922523287 1000000000
738397100 421997025 520549419 601224565
333802703 491523291 261056286 349071346
689584932 311581558 352774663 447893799
776292332 604390694 450218305 450569430
632982918 861631427 686146750 741424853
651965500 913591461 44315311 101473099
716508932 479022959 432775197 438244928
857610036 816671077 338807599 386974639
431771898 569773934 405614033 496945883
165553816 807477371 178262843 259689954
888931177 255044801 989536560 1000000000
418644176 915627984 751866079 821635696
270373827 120827504 700044631 756663921
873078547 959504600 455228385 465076623
544789742 105304874 846911993 881819819
626396270 485788373 721439819 750421014
674338181 799618527 546478146 639656985
476308420 354473850 31564127 105874646
134025959 807673653 710694098 775187589
919722215 801443021 199675187 290439963
22289507 679536836 710067279 781057505
889286806 907497090 843247904 936783254
342303771 692842771 901283634 901299834
445823043 702741135 124821166 185409233
320951072 654849845 285724932 331321213
564295655 174551235 216336967 235186239
26772215 969930817 655605504 672564713
682150907 354797733 989573355 1000000000
345119494 405367748 848567082 869820300
378182528 150969956 357749997 375297380
638392333 201068014 786256222 871866563
15964521 45832548 626569180 650441152
94100979 955575069 823677703 915736547
971634595 266531746 942514704 996663969
463425115 105093429 309878310 358308870
88674831 659671598 81469995 104000909
556758295 862815214 643476210 724157723
147926411 573150507 405605624 441731233
850990908 308059069 906775904 999915773
748447558 817395795 737530868 782396823
705650024 704609582 324213946 385392496
238895446 325881170 137992805 142053608
125517073 235058050 105511366 199185701
134514239 178394430 516225688 585239322
214801277 538268337 418641637 497652514
53753437 225117044 292013796 373192063
736793734 290279751 562756041 601375430
592248296 908173990 10883575 42081324
297624142 914554832 406249201 505334554
733089638 740569204 321874211 420391251
754674711 65081845 224233310 304499700
980059057 465969119 662201674 716374051
161934898 926158675 905700227 919808721
571281679 421755705 475413280 491631547
691788506 300154644 566439402 633756486
305712262 333433939 532197739 599349491
362182254 414518364 417769945 476043809
480283947 13724135 753113204 852781409
614350365 468861798 30080593 37559492
522054625 50668185 973841823 985348142
234527651 883858690 653382544 709033110
867989793 334939216 356991304 417860441
315835155 689217416 434315828 533372205
980937882 948186119 529362195 620662445
778337660 213885664 7121093 43444086
628017440 859064193 158534701 249771611
298864234 200524117 315495936 409575598
553918565 769726307 438442395 466526883
132633775 357906127 873082295 878424857
363411424 972522365 361377589 376586744
318325361 51789913 442705601 466231515
668801206 947801191 603925956 653462663
823477199 898378429 779613408 833261760
964159802 654413882 540080379 585051065
256225553 605799439 134079411 209304741
829144261 373014449 853688084 891006465
427204810 858560029 883799557 968878304
544461928 190725462 155332104 215921821
547057254 218666968 481933139 544834427
800094333 780409351 877150370 911457243
334728205 368613223 703226449 779684350
391835353 290222062 533383911 561943429
852026102 2054179 579735356 614565576
176165781 785381423 198450805 257845373
386375457 12346449 103318277 183536707
225995417 649739494 646923541 668254039
476150175 299460964 84816939 131224314
238817146 79446770 185521045 278383630
220070777 789295866 788903698 880767519
384087892 331311931 991464551 1000000000
633579089 794883508 235793079 240015506
369021402 219599245 2593654 94224963
322201361 126294483 527993318 607601131
258703490 816185706 546180627 591994042
947903395 149180792 250994815 300771860
281865557 632714317 93904051 133455859
578411481 289884195 165126424 256873756
910478446 882303553 272107021 287882849
408180057 196317397 188871743 246083809
780935996 841946299 227866780 262295146
987671048 868761663 452953622 552167795
710134569 785171831 747680823 785346984
341040103 224420217 468155678 499286340
321697085 160395330 743202975 767775679
147444614 391821638 844221867 889732998
986394551 358940142 3729827 29874149
8600677 806389894 628522121 704659701
55235434 116356600 830443879 910702644
704046798 93814116 423280205 517997581
836135578 964562977 471248094 510673522
105814806 530456539 770610927 860658159
174629213 868576133 714433759 731117016
200170997 394693929 699141156 705605762
460364515 327823000 882021532 927819831
179526484 433164936 668969194 693621023
525060781 880281959 933522218 1000000000
919466546 329343801 306725542 392106739
274029522 939759720 705999950 708768839
766699885 931458270 233679198 280368956
747126839 984632615 121660561 164435231
940130294 618189257 177770764 268187463
897527157 450153547 41649029 92221244
965767768 66033521 138394377 188029446
673488037 886710999 14368239 99869348
877375691 253592480 861550407 880127328
285065221 280888773 15916840 50283995
375274712 413238254 622309967 659277236
695859028 160066316 368146563 456304616
452021421 968360944 28440963 57674559
844856187 135566971 726486818 736783723
805486072 361157526 249470027 266956234
148218404 648853350 482722210 559716610
285063329 706983667 610092133 661382189
981115934 837624881 270344085 312529728
587119113 431032633 197299498 281064811
197216668 859414766 859423451 929398595
34283993 740371764 479909696 529480161
912327164 724654816 137791997 185487748
125148130 888748942 497866716 596331725
892134711 219000817 815016434 910572503
256157992 135805164 967723039 1000000000
961761753 772360497 551860679 585271228
538329465 160443356 906436036 953803973
51602985 568727725 806867896 893556675
667253953 116105700 876016508 943129076
412903820 426465154 754867336 826535166
208231319 723266741 558844725 581917010
47957783 633515175 790524209 873835713
20030324 503685039 776131570 815079100
376958763 912546520 867305545 959344986
324543355 263940518 228548483 231181429
548102692 338635877 875117596 929867141
420064389 350924597 418432380 462260259
499497370 36419582 378240911 383013502
599548750 844775925 376382862 473514063
256762394 315582796 604523749 651857631
479016928 340233754 844754004 943631865
160367516 371913389 941379144 997091136
379529934 707534780 681105507 715139517
391297967 708721943 432873852 433635171
762003410 632919740 705780622 793054756
429287059 856811207 458465792 531287055
847224674 405335073 145198366 169827755
385541547 273507021 465016195 466324100
411825170 726171358 882543309 928572360
528028295 212426175 148846288 173891724
760110846 309539176 29815716 125452716
95472133 801045718 468408508 504659471
757791971 847818442 281994256 354642473
683550956 165295036 5277701 90040327
719856932 816266785 462191087 472547711
309805032 658563351 480211584 509816972
169711855 609194484 272534078 357836006
373024553 923171079 149700445 166913940
509324009 809217716 136554399 230065141
625112573 937246496 954182706 1000000000
913360110 651553666 469644311 500636075
67362213 389063848 380019351 463472493
235124815 606256272 434311476 505935303
654132935 794066065 848061289 911696113
575113143 904177028 778705791 854304897
997213106 27275946 610658046 664483650
544667948 115511845 130749 87942448
382420759 462633373 898642094 940158522
328525220 126459725 12447353 23207384
496322697 620062533 906716845 999061165
512295903 893268773 984665978 990629070
972082075 368559191 211114674 219060446
682211554 498812810 443484388 487183395
856086478 883525914 569623293 663618680
206205285 428879999 819520477 851404200
310703438 490572668 42834271 118886949
121165524 12892982 22356615 56508191
568159625 256695321 735016633 813973201
482536624 332687388 823567736 921273145
799551163 447872717 983385696 1000000000
338852241 474346775 252773353 306140148
487657459 270341817 181564783 210832725
796120739 438250609 709061865 709720617
846278189 73714727 300155022 366370577
265565719 141043091 963223764 980552720
363622363 378552629 135484825 186840094
133765552 34714480 433186247 522538523
767252490 504847798 519472804 617824391
260879351 554834538 901715426 904153758
44727286 682887329 186439848 235347011
614030835 11167961 950116464 1000000000
71689763 503028747 563512082 602361475
103063604 243959543 820238845 824447099
719336782 718429982 870065193 921269667
212234281 166705706 486120576 553995522
802238838 371569815 35008611 50271565
285756744 735712058 692104703 733725215
866893881 263552892 302318905 308724023
751752394 472388345 835606195 875592177
38933985 171145157 629677701 675036658
207868395 527789163 200536547 288661739
991881062 30553634 267339877 300076471
56089033 470383338 262180167 285102648
690873641 839738679 176176982 227908604
634222035 759181830 264061077 287207865
126787578 719681902 763329369 855122590
353786665 86812972 440587064 444313541
54213916 804907788 6010954 87694425
339810846 313181542 239171481 293289309
114096268 389794858 617532333 710114884
806341782 932513060 254760263 265555410
437706447 849281297 65485366 98277157
203819925 509923218 178864442 190256538
262157842 311949888 415211510 488252070
430613242 664547778 281479837 300980441
697747630 618908772 654866535 690111893
924138253 647408623 964988609 1000000000
640189023 125468040 963168693 994104257
370294322 314638891 400721848 406817724
862781559 133401963 123272415 186390653
151499788 905792953 16277741 77909481
746125715 359574334 19321495 96012601
462411598 625857393 685942814 748775524
756749115 112670658 506153313 603679141
429878126 307323025 444638616 458264754
585589883 607160330 263448006 344603107
4931675 994287334 213899578 299545943
394458652 71251468 108069642 125809047
741394612 996052868 746494136 771130656
526127031 526843654 394769062 414071515
455130285 5494393 734644503 807536899
515067196 204094718 728212138 803639956
591826008 451138564 978355324 1000000000
928025862 114555339 886627916 895373703
925917759 891922082 53767734 100920717
821271261 652936557 600457616 608535482
494331390 402077240 861082913 866445706
597579562 394011961 518229159 519401714
234328415 281396826 702680990 752892232
211970024 325058497 669393839 725384177
154459218 267029242 913595375 1000000000
520532964 417439114 717864343 790234775
160292654 577302041 120306330 205547215
754439227 145255387 950237373 985622504
655587543 802916619 568953662 596323932
75629936 625355359 952454274 989194423
460775117 436824692 741948847 837887022
870434025 531002813 824840573 832502469
326261058 589097909 805644521 893939747
337062451 840726502 458536353 470082654
886225986 628414215 23253216 68102584
254554319 784872230 570226062 575808933
512808664 60361901 438703074 532511630
565786922 763814216 798052401 846971024
422111141 56525520 619049876 672961152
340094921 930608123 75710402 147713471
42971821 525262384 54517021 82755046
458486936 62353136 10056572 87892118
550782561 149016853 427504070 498991143
971434869 314292440 999922972 1000000000
391665498 337659455 3263705 83791710
124151127 286022975 225209797 285840673
529491343 942681714 298378517 383978036
794849433 935353773 925680358 944691181
517564276 379000112 775674749 826208176
426141778 437966383 972593135 1000000000
338803883 56200010 260404109 289848197
460092917 225978709 881642243 918870387
821113589 724499037 762310934 802415484
572504977 145631722 141533381 225816246
16699931 559033245 337148082 356105519
969302316 495266866 781830805 817859448
710912586 131595472 404530594 436932127
134226714 476879667 255870673 292714877
80491361 587837465 52159173 107739258
485173521 827611020 452613092 521548787
669058146 767667764 919176505 949741705
918309597 507264539 807053997 855069251
351468760 498134997 681418667 710617970
992588364 442359071 515578720 594823958
623089609 989604172 21069729 58400985
54008770 717528808 687092193 749577330
433896067 59700717 909713100 959049393
131118453 950519359 418418085 456588329
641564408 510219551 874287189 948564584
56679478 949433859 830632347 862302210
896742152 760035748 942782808 1000000000
859653294 509513909 544981903 570351824
256679843 419662045 65090408 108667773
820105107 971130643 875154047 942518711
296567847 713739225 580896298 619575177
629868751 782545501 976766949 1000000000
294994987 991914764 158115824 219937827
985397963 691573086 805869460 897375149
296477426 784250822 5242449 66422891
326495661 140276943 954487851 991642863
779621117 397948963 912161108 969101471
421602643 223110575 933600409 1000000000
507470345 72867313 97351996 153705325
159365181 431774052 328468396 381939231
491392266 622805407 718500789 731502755
518473467 666875098 34392795 91990726
867566769 681607178 545911243 569717010
677198928 484630360 578851757 665864280
865115500 507512110 893667913 915151617
297948475 229775359 501949761 564767291
459536258 125672460 592940376 600786737
197176073 253471731 157526336 249606061
501394807 389352333 893703562 976690784
124924437 478884109 738311798 779529103
559576781 692275219 743055796 810953037
287649006 738795832 370656964 413762105
404974219 334648584 317121868 352411384
417861199 805180333 747621352 799917273
983931030 197875093 748120718 758480586
786261872 512513486 874321077 938553442
71517839 385702189 195313176 252511593
258662602 936642826 246845573 261616498
55291062 747089084 912941112 988046988
691387306 214233412 160891310 195688266
189789221 944983548 722179909 800980849
553107118 416864483 35593853 123765399
859661640 255747794 62089666 98279144
90864677 597963913 686225264 706544893
492095420 964902812 332926306 402569774
556185014 356045130 955867920 974027926
154865955 699680509 5048305 66031464
215046015 845821009 860868847 946804863
575499088 527439060 21430050 31515388
434881893 468647302 79293405 156542326
155187520 921388620 169854314 191109306
136854315 663731345 128101066 220336896
415380415 12601001 969719275 1000000000
690886791 993042733 794236302 826522939
358525003 757289520 925327925 1000000000
460839386 408456244 563351467 612179957
436223796 612136737 247879009 276753228
662597366 159167728 985792236 1000000000
344941355 721459405 413123419 427914695
528661904 231375655 856406567 941391431
774274260 579925032 520540315 601362074
153927876 733752034 846656930 902580000
802804251 733632356 33017458 51119767
222823280 147610267 130409803 136530250
837500599 495123492 784947735 819475692
750482597 536162779 83376080 120073230
157540826 563490811 917675960 981448174
962870445 530786205 9322682 75024770
886726999 234981862 74757147 75611620
731100922 5320455 675884739 695559248
562466474 537337455 851201211 892714451
635301337 705091684 277120582 327459487
60602667 575292833 59193919 112315216
63531620 573568527 216538191 286852203
107672969 987820428 663671699 669093704
218750685 341714387 314159557 367358137
490631906 727548827 243409931 309541033
759267701 104124251 262794734 288987800
946634054 392048520 13544283 14269972
935643314 702788906 301453283 321443722
379055253 53082011 355074802 394684468
380497933 20618852 22188589 96332404
70499069 97198467 32592764 81005550
415579661 909623543 94200230 141360542
391591273 545367662 20777921 70622108
666613239 232646419 336394932 368106005
173294342 143186459 965802781 1000000000
687993749 35587139 164199893 225255984
517204740 520655144 891805575 904535663
84077674 893131822 325587914 382003548
602242676 904863938 726248083 825304523
219916913 233802030 36583484 119111529
193454415 781837462 415851987 475972020
