233 1210
721308267 255326744 891831532 963614769
506449425 907490982 223037343 266491920
469942503 852265095 921821657 977338806
533057160 983794001 838934461 858296984
948182762 427785471 222860528 277123197
379471307 274074719 744404413 829062295
712574848 790531333 31278796 94456565
824581261 416954988 279857794 375615649
546760002 633194265 218237164 288469945
613169302 243141132 259446992 270486961
838346790 348509841 623868853 708723939
291398550 201778646 241325372 284675196
282672792 866778062 205950553 246086637
98157080 479553977 478911832 533661577
751293633 475248116 157064263 173564156
43163485 939455010 979817103 1000000000
324807486 886211126 862484223 873118010
821359036 759704459 879263687 926842380
798911492 698054557 726839089 782554007
959886833 351164090 727012219 805516661
883693595 307404348 468253931 543681479
326873683 403953802 945212961 985292781
897371070 704992562 909729192 965440449
869042399 116532208 734601680 799768787
444012988 475812143 845045144 886931361
866894669 721124847 219262726 225914442
400842838 860506769 441218393 465480112
731294204 415469624 387720651 482862996
908691643 721694907 699846055 713183121
434685026 800205680 146024105 165737923
925743092 469341066 492145019 532128035
729638360 826204973 597270122 690759448
231460684 318716013 339583717 404434381
11640785 644082649 850925090 893692515
624562015 814236796 790466214 887804554
935604619 207078821 708586948 740426713
693332083 628554093 235348765 331780795
482516115 817917878 79431358 118553905
950276628 889333890 14931105 112241091
302670330 9693663 948911385 1000000000
925759048 79469068 493517534 590366375
279639771 684659517 616907910 626782312
287024416 160276736 542446066 576097877
819600244 144139988 103185757 146859289
336773456 49708459 573640694 670565991
983479754 501644815 40035734 105848518
815997311 822541927 819266344 903725512
107221421 317054378 951893436 999597313
909855940 933452823 378149068 474807068
389586985 437754317 99974645 190999215
864287250 52317479 445122082 458587367
591443230 856493039 250697690 259594305
43522605 490290994 579438811 662779935
895033899 454837528 97401793 184986719
738000252 783590695 882756005 968183644
867904232 296789896 798965216 877527169
195881955 910739070 388510635 402481727
750483685 914919070 605222024 616123280
5753625 841194825 695637333 712255758
591887814 532480462 869416932 870394287
173993997 472817756 142811686 207825831
881011705 965141686 285635072 324587990
92916209 12195321 969233109 1000000000
590023962 731515263 499992755 557980722
991455777 609847438 967040461 981137132
7242176 125408526 519168255 593841148
742672069 215702518 942099336 1000000000
324255076 940925677 590427983 630806931
786727406 135674338 654620205 679911795
89293511 994821160 798872066 825370125
720561317 748034640 232466885 259174607
840486296 783849753 946352105 984704041
256467369 16013373 572343440 644004890
283831205 770690450 867567479 926227654
244455903 318255602 63458215 153528542
111778870 760875534 829368875 855005537
481414548 942538057 864076179 938451416
324472796 207196246 412905168 463923030
433486964 345985055 560765427 606360842
719293521 88643360 959063291 1000000000
286859429 629694261 676762369 774949329
788933511 338977808 336416430 347901055
268550045 595290375 324262721 416294573
605313375 294962855 88484020 89461733
695304748 285917127 407713475 478543149
337865306 685924971 190290677 245713107
176336629 152996337 600024145 615563252
329286465 993281834 585646946 628190942
836543339 425168194 436452310 491063945
237579924 941891748 287851996 320480102
136980823 516552126 60014839 76906543
162179677 925025276 647799427 671929742
579922680 401037039 388780553 474395275
485202776 284100955 132844488 193169331
411593706 41997383 498057834 529354827
654955795 119024792 507723922 511792486
986788888 872470249 653787813 680044160
740842997 220899366 141864098 176763696
571589921 997730145 536906552 540989957
345626547 490050011 34700529 65883783
159226915 944239291 320223219 377822317
723067453 932367811 443930012 493971170
772482731 616398846 578045233 672660722
847773768 508874253 472113684 493096572
146754049 509902896 713969413 746562921
388273945 937959792 120314118 174793007
332380864 182720063 302548891 371780046
43752656 969661808 90826207 146013358
334802675 213323244 391834159 435167297
474215055 590961047 834369880 850924536
907201241 772870426 813908430 854194456
25769124 277275084 800304626 817224136
797664358 340367198 801332441 892219472
28718436 204384078 876010961 934694164
262601881 207456701 40983057 53180646
857025580 391956042 417661964 484463363
62474504 310985037 631390336 683724137
601771917 151647194 633129114 658647958
384724224 455570909 181281547 229095256
849720659 929593457 352569569 425647741
366039909 805787473 654156386 677250509
245817911 363670821 80559568 131003508
160437950 111110600 252391494 270695032
118897105 171127429 250158658 255967740
488308172 634607536 903517309 946350573
21039811 637304933 977461065 1000000000
301582981 506221102 632303700 649582413
492382835 297762776 301976836 327916205
281146956 101967081 2710833 70626017
577381382 737280964 485814781 572838622
999283919 917199171 505728863 578754601
295101287 824733403 132139202 193232817
447712420 10159218 962495993 1000000000
395529841 297402119 731056928 751055327
420944668 637020065 426406864 489485189
596761487 302232925 631719639 670953017
958733536 177126391 857911797 864788653
477625501 772745026 545568697 622867611
512592421 143358592 920509991 941614174
984075195 592948100 686914483 688053132
858765990 441640762 37188408 57375142
844557728 266067993 706528396 754006541
137791558 446400284 645118756 648337062
96282446 683867713 487943623 490943458
240208861 590298781 277221414 312658891
690089535 674041229 549082432 557677498
268898757 60699899 89635592 139642708
893967082 643613090 679712920 741373063
377594509 808637883 353639433 448956624
388012460 988798503 937200087 999673451
662699673 440753307 172794302 206926811
135788037 132239694 130648831 214272434
760121935 548078181 895402001 994459366
220825477 194259069 165756243 206004534
345054744 528556170 262948073 298856341
16406510 98371107 745597051 793283384
160884494 772236158 348803654 443815748
547183941 54161732 21103885 23676676
497399237 560795502 711208811 784187552
65058340 853229344 366591627 439593989
647377065 827057780 796972219 863091102
564840578 89032487 260569518 348501345
156750419 289139180 961051853 975267028
828494588 660958398 727789576 818758853
144692399 495918947 762468763 861675424
719424746 45407029 423730010 486052025
875491600 1629740 905704679 948832831
940532163 814821620 716735849 745745362
47612969 150767000 712074966 779041528
170300235 865616939 3305036 82151170
265957768 530458666 970932901 1000000000
250027360 433061614 382954527 395493753
35470605 20770531 478935408 482074983
655095867 402249546 78489540 82994673
536831152 437238995 955286773 1000000000
262402255 268250706 479758340 544475713
365378321 467393778 334567447 336981061
309505578 108387432 839771890 919925189
640915208 38500729 835240597 902915568
889251267 457315758 715098236 742072632
540013612 997345746 522663256 565408227
126473081 36462217 729831143 739684177
592511234 838369371 339701584 392131616
248623886 414190224 621569950 684484428
931263631 166619727 56299638 94080912
849628742 794588347 143051006 164315101
220588940 893857391 672958184 756249412
282608641 617740971 877466475 923223248
532772006 335642406 257374911 351236581
325912378 591129213 984506240 1000000000
774822628 839492917 369364652 432802124
202662900 740057599 655878917 721955767
256995938 633614724 843133927 876239649
654405181 242234758 104510273 114511918
329208805 970824157 610930991 623251108
19822636 297034491 120753694 129181474
237622864 719534477 109933281 128351579
997383449 578166990 671646071 725666246
925543030 349495091 227203030 270147980
523460147 302897584 869021868 937374082
303727329 396159305 361320973 393769075
887161175 584966355 328581113 404654252
599772025 860356658 161235109 258132669
357747623 459321217 377360309 430655403
131592679 57553117 487785423 578575639
234144227 802779084 946912568 1000000000
183431281 313038984 576630928 617713801
659832861 816184954 983496627 1000000000
939015088 422533920 90473445 111551624
591501456 613006316 599774094 610269043
960230993 729920727 179492558 248134862
575926334 932738527 217774197 294112013
586080783 685797999 7716525 14781912
30338151 52277679 21447787 50812604
282372252 444126375 124630047 187294717
385587410 954178222 468269614 561113539
722013081 841911135 636729857 734823594
468949441 329553720 456462983 550965726
106979189 174695617 563029369 593508209
828087927 372001753 332486684 429961048
709339583 782235149 407424771 423574604
598450417 871239121 913649411 1000000000
554470665 47052902 324652832 396917616
501664344 507320060 988096923 1000000000
407738798 62045947 24907707 102324919
43652631 510729045 414174381 440524218
422442536 565030966 412839396 440934081
815205792 383200298 715825399 800587036
142912281 328876064 772028503 819588341
564755224 747492155 153871764 192900721
993309102 250036522 350449145 435693465
297788164 141794539 395344326 405861119
587899070 633993192 110933008 153955520
979212014 301783032 916084374 963029640
831567201 410311794 333927463 384661515
376130369 57948055 271577373 280933249
326712163 133687155 490517574 513267968
965963029 793007702 189278127 227308292
972931374 491536677 350718541 420562751
26482842 43218257 539051671 636332747
628521793 981044049 939268564 1000000000
443186820 110195994 377634773 425017799
828674863 361189708 383866273 408475287
894965312 68872561 317420014 368651535
709379899 173595673 501806581 600204347
738125003 285226540 385387462 414441672
950208783 351091179 341756958 414456242
901832606 202011741 990299287 1000000000
312043020 4087291 303761672 334730089
376426252 386022261 457408169 552013457
536767381 324037723 106084641 176566273
474074345 133734591 95575511 101343414
861806792 547886914 182824352 198368838
933492821 448659242 935264792 1000000000
589674602 916573193 796509395 823024247
941786201 318792532 263352336 275619911
394350650 89379747 777001786 793488435
4274318 265256736 268716912 274135930
3515465 897740816 990544285 1000000000
709697523 849145 672144164 734883988
675073727 451543841 698560222 734817156
108602734 635780411 560919541 626563111
689541546 5143478 714276414 738631722
630139749 586805455 911147796 950390241
397271139 233696088 227118682 254666456
857421929 183459682 193311944 273948289
870238544 376329089 28830854 31891873
841376688 411080700 22655660 33423848
726453139 105478126 780403287 812276857
35346130 275339861 458741463 540688922
584890873 698239586 48774666 118885802
911655993 22388085 522379549 587898832
723428374 776183905 180981641 259674112
793991889 973622285 637586798 693888465
660273183 511978740 991209788 1000000000
132046739 725370906 479010984 517078267
241039838 199870488 138080298 218461271
358878833 855928788 243664876 316449341
687284675 722378952 631544194 701087126
276200742 314830792 209213709 249062833
269789362 495405714 615954132 621683763
872099302 673685486 981411371 1000000000
766250141 641120530 508710647 598579374
724367397 441305098 4005458 76165320
606661169 830707250 566192039 627189538
309515421 425453420 300808341 346768629
674146726 337474833 480304218 555688057
436801018 35656161 4966437 77851748
481661247 18370456 148011822 230043471
793973738 830894341 262274076 262840032
248353109 606404632 592851118 604603877
573121058 878582239 133990040 179163330
451224617 164002913 337000165 338643735
634113241 537861796 900707994 978611256
958757416 663106561 963221537 1000000000
683562729 942514007 311179675 389389889
267477958 290571478 192857478 287771520
519159871 953695144 4404087 82937009
417012234 808303247 324760042 343583156
227201118 857663052 623987965 642144291
731358638 333666341 650674190 717016489
762563695 184794520 902424364 965443432
625337647 110384739 95481415 190211915
419915151 832941507 337074307 431892370
13246417 906229995 667813286 764371759
320533623 277612135 855902284 878337197
403092236 782634957 547449588 637381501
281203998 302133457 542541609 607882469
744591883 184977172 141486607 220938921
644256377 406406079 974365945 1000000000
171592212 887475246 349586672 401268876
208999134 368470106 204291686 300949393
565103353 555730004 968851082 973500188
460021751 945020528 614600846 712022750
248346386 60222545 181031522 254417935
930897671 210025471 568861780 571947273
930163097 524603068 545867599 548782614
774193029 794906185 857840653 866229600
678429003 160248005 200010215 245564629
922369900 854727810 543789576 621284896
391669893 145718060 280075130 349110821
83006345 358760101 707189756 744972002
593311246 469930853 873315223 902831791
889602048 636684860 715704945 793015628
816113227 160794886 838546938 937530187
644810231 857001628 124137256 144309992
317704429 743405917 398616464 466027062
12945280 742451713 313080135 351581837
176675864 520489676 64001079 91011214
96441954 766967308 389767799 442861955
291088050 400123668 306842228 360683358
163247166 626696548 839844327 889849293
196675395 302766468 852255269 946125867
322347063 756151327 94208235 174541807
735887588 266863965 859051533 930099335
202399703 337336608 108113356 182477896
94300706 480691554 269244704 348616880
435641957 533039802 677510165 748887828
893090070 386745816 520839937 587629560
604447434 472670264 297272025 353140191
710171981 762472495 442022854 506603903
312445444 344881993 315818057 385331680
287216071 45523551 563806104 646327462
898368447 19145925 644189877 704097049
701179553 441416976 457431726 552475113
454056724 799783845 468941015 539460694
990502934 845573126 414050744 454403175
720753442 471473047 642871116 688465262
857096575 497496583 373854081 427559088
240634982 535714293 401077586 469326599
622845405 282397066 712443812 766817435
198732468 161227689 829211373 876822358
584441986 783514827 385320673 416331590
9654494 846955926 504404501 513215373
255401878 678952047 3674389 23164432
645132502 319918650 784682062 852819033
214077022 531349026 884738657 925412209
38273573 27991323 545702360 641981217
486916264 742597410 190103177 244680541
94798511 264219372 128900268 146683171
514237312 26356257 92664745 159813569
689819536 465962885 362065098 370505641
635418007 839235262 975854510 979202501
440301919 153148664 151687610 187383050
294575884 405613742 484453969 485654273
505828699 772819797 514534688 590393996
299382331 708997148 25656040 54486218
500438735 343423064 157635037 164815931
342488836 681351949 534231352 617831171
787162586 644362275 266172946 323398800
889796416 410311494 501463727 521649476
856208531 571283906 958718067 978800027
633676438 876525281 502506095 580430225
338843618 865035223 547684933 568514935
527835951 972867348 385544025 423051529
434121030 380950979 110600030 113118062
452652941 915164287 904801473 1000000000
180287780 1783769 607746591 661054563
517454275 722227208 718985088 719097541
174938163 398592819 61156702 91172470
866891782 667686820 420859897 449752108
412141015 252059761 910088719 971950275
778295723 986875133 668325808 674608158
345277175 774126186 355791956 417688905
513751511 364522450 157600419 199717187
540178495 948362566 466506121 479086584
813540494 172286540 417947940 455015368
574770239 952969914 694059553 785040009
239354959 9169152 897499362 960684564
106640344 922333853 10618786 51521295
464249882 531762467 96628520 165499033
419094312 429741850 142411223 241156301
829059812 738899710 367952682 382227624
468949510 185001694 486088762 510480676
929544684 602105972 598286134 694409670
24062104 941142323 624401159 645145207
277664796 83351060 516455382 582738457
893428666 160480204 37217698 118269225
742866836 559714614 278626418 328557605
900051935 639217894 694608424 717943090
292087471 177836781 380378480 400337202
590830338 989986321 690551064 741788895
468794895 263177834 346500354 443093416
796454316 681451867 476003211 494964227
139369546 169067237 34061360 105574052
715444569 773598897 82710232 123584450
741995741 786760394 692988886 710987188
904457356 102211015 513279628 532191010
540925901 705082145 642320340 689021877
48834164 543888591 478844918 521909026
537065967 725176018 423648631 432613537
118931058 558244149 477714925 484648363
817874290 50088281 778382324 862978584
250799615 397151553 408871525 483588937
490078664 10305936 381372553 382245425
919219186 783564683 802895042 899071632
983207554 816580495 862363942 901306689
785202223 779315292 322036700 336578600
536978898 212341522 318383737 397470134
91611557 146318780 358795152 400562340
244573251 936078369 104301447 185404936
768904203 189719593 604725269 668088242
178639547 146826826 95955809 109729850
798438845 451212396 248725186 268760096
76389794 510037815 778441762 819584275
966869916 750797990 253823058 290583734
172134953 94621733 876922216 945905076
783169610 593130662 286757874 288765247
622838491 922853120 519264487 522281599
81514040 968697873 351061279 369281676
818908504 629571708 561538453 598988429
382678056 616385348 346851955 385515315
443550621 669180198 787749768 851648887
109195693 351878621 60026771 106067925
21259461 775107226 478218590 489084126
580444669 307903947 879297944 948906556
307369677 894192217 69589796 120481968
18049811 794458270 55043109 101687546
116985947 821477555 75962863 83352854
556610712 5043345 964351222 1000000000
287434303 647771043 674473193 705804661
521024214 494076235 333264152 340045383
521895983 996409652 581583451 593849376
986943681 605704956 49885490 56182668
991775772 344016782 339079660 386300391
174183589 816063917 934586665 997347258
586088208 945223645 190168736 241136035
508684141 650876564 611202929 663115553
575384460 739730562 671491490 688652416
347299779 398761118 553304791 557113413
898691878 298273940 803611513 853433686
15536878 874957702 261843165 290764288
411113184 308222906 527105241 579317121
966823597 559761701 818174534 823829901
708416852 714669430 712011567 714277993
575797001 952981846 432334182 530380375
19535009 45093781 132364070 177619855
4091347 739174101 463036060 488827574
526842257 104159602 936125483 971471535
670277737 382898893 968184563 1000000000
356838704 259919871 89610751 100353021
733492031 28255529 21074350 59959699
479238832 250740 224018773 293221845
325652292 543741958 243605122 266633519
376609210 568164230 405010094 436190088
683355895 520290092 613443263 654896943
217040812 894559301 332742329 390032424
128736867 809083353 694220256 763015585
809968078 180143039 892524262 961678444
762722325 920761351 940284270 940508597
597627313 259475210 921216244 982332616
761029652 20347940 421059135 478927989
128947789 463845342 215445070 246343616
233702475 942428257 549217136 590294327
849615688 486920677 908120934 950547322
811741173 307786589 722404841 758636885
323574566 870552206 80964855 116735310
701216250 699448559 826882682 907679556
43871080 424278339 89821623 135395753
826622808 668767770 156441454 161334695
209891788 193471546 832019850 913148390
323902870 586826642 916239859 931174245
484425685 326277439 69794078 140488968
398409616 248117242 916450513 955182171
267724250 125845444 493177848 589233324
846850510 335498936 285460850 371192452
150946344 881413791 299440851 395845195
382131893 126417840 82704391 101393725
278636047 476285844 559612516 606827793
43751861 66009722 421883709 491017609
20891902 932848554 565581283 643786891
779078643 319943943 963448745 970097344
12131283 869284691 172794059 184626866
551054807 20090461 731551102 783604929
953853008 227076148 884608076 891053277
597686179 684545342 414764172 428767302
221125083 598347389 853397918 910171717
209315899 354096889 985580315 1000000000
509476126 564977756 296591922 381874075
775889580 303104345 251900404 262110148
302095656 76711198 351182660 414804069
776090457 836899752 859752210 922344434
510237805 938033329 320908745 373067537
847958366 493601393 683255196 703127458
749334886 39289556 967991000 1000000000
584046625 803647463 130062247 205132576
324990138 25937661 591914878 651620675
96284430 986182376 149739527 198001774
60173581 409679599 947046080 952110115
27232166 99959623 864496655 867438544
859268362 564482533 589579160 681631220
915257384 110298405 296536751 329114047
66356593 344460518 57500783 142068981
627203242 575372981 347187150 385302544
612547891 841503642 160890585 202877800
784438037 437585537 604194783 687800779
339161950 640457193 599927423 688575035
943831531 241959734 804660760 848448479
879080390 387360684 893358147 967565414
675428284 943423185 243750323 259179000
152130805 659881404 879367963 898030854
305521027 560335700 938091672 996704610
606254056 913827249 865752082 935317054
733795445 624397925 472497221 520598741
164614591 397643564 502997586 599827140
500324357 121148624 105408893 169593699
695719082 212131777 419478153 487341025
643208104 941660477 830146435 862979730
699697084 132910377 918282112 986806289
3800523 963355686 867284001 902212200
622436842 561316999 369293954 372206294
721424917 42457282 631989518 711695483
253610948 48226631 422738054 465376929
829422603 562768785 516999201 517350468
924543855 108743671 808615865 897040227
539100578 477828571 328627575 419790202
500261837 243835425 718774701 748799376
658184897 300946480 590002461 641115030
448806932 221920009 272639194 361848397
332939644 566350625 713199533 760914108
382759940 682569266 12298028 86574507
357037435 714780502 536791409 574785352
160727758 997745929 463516640 554211556
786187909 159265168 57058384 109301702
981827968 166087510 229417899 286990145
484383019 877272218 115146910 136889999
238522072 715865039 893490272 947076031
999707062 374464555 931547152 992909476
772824743 538835040 248618783 324494652
909654814 72350025 549425079 580759889
945539561 414457038 824712914 905548452
958886910 251552176 227643357 229301672
385667053 523130973 529828076 603061275
867249959 402456871 993137145 1000000000
327063084 567741282 512018157 590630119
735999924 226816949 744880424 811147799
235547570 820314943 328448851 330012297
355193834 268099832 566054969 655199368
219694898 894082294 428912242 478394349
383049807 710426911 265447309 351725995
426580144 188642625 157794352 237560262
101234409 694719239 393038079 447695734
311755597 492558340 275416363 298869369
499953860 754068306 244442940 322605326
821083200 806973238 290169347 307051323
303343795 811802111 275823487 276247041
763429575 624146049 188839069 262073717
822625522 516335452 550949065 581454629
358917342 92016004 935172004 946148334
203226591 33976909 849145748 890409766
438871219 82427730 701635495 786276642
906728043 140236269 149087722 235188390
91752523 25923337 507273218 568431645
942883837 32872764 743400261 780330840
914745047 8187733 129838137 176489410
922088775 486436242 368149024 431194021
58276660 72042506 825342506 923540216
15628582 930164208 9334333 11756852
164342740 929000398 806171357 892483614
754439980 458336466 872233882 908081717
193971419 629970895 608993596 612920301
38487829 770621986 111930614 143858173
245092397 167280943 381412226 402169127
39293863 701545891 132340787 140768624
744918387 584433696 213456401 283557210
450409843 341473584 479471740 516853299
118623825 159379768 613228452 694589394
660469241 375054584 121742439 159708057
714401145 967664505 937254608 994882741
299190116 168900141 276742479 333934918
500970060 991630717 731418579 807726436
804351518 908722497 36334 6769419
166575894 92565925 551658873 583526246
700085666 876738176 190131148 219638587
487802793 719321765 132750240 199028251
259836255 512242451 84845302 107692184
249349500 610260760 474712203 497955470
407201082 178442283 329334627 335269504
629018803 880852322 731020199 807950995
885115564 493695936 417130656 502292217
962726753 657174506 164015230 171708434
833545445 799874290 527079948 556882995
361845992 210317172 372596021 434046030
399091045 395790664 833485086 841521129
477457169 747895639 136762047 234297210
448210702 11497974 837379828 877068353
754132755 740045232 934731248 1000000000
877310559 143144007 908089255 975605432
67026472 470218097 838937728 934154361
398670406 701834304 384249956 384560659
674957065 490870072 719120041 739275769
862913346 892733497 258569382 338253606
59787141 659799675 969285895 1000000000
414127055 5925026 399777185 496226889
223154663 358715956 474345562 547064420
734793600 659440596 367747959 375482975
426714212 566516288 627748921 679314464
674244967 89327846 696332443 731132754
889701209 16124954 663246906 747951690
395003939 71331870 995480807 1000000000
638646640 714370558 149142969 183093120
489064843 983166388 14335684 81323251
236980930 120476 930093826 1000000000
474385863 828556639 935464483 998475778
879646962 635836497 550580408 578614864
940831242 341577957 122403125 147600992
741286917 652794759 722781639 799417628
410643175 983664049 963670915 1000000000
920760053 551778961 884985082 947775835
132312712 380137860 398957902 419989821
383604074 876491859 322179896 389997298
75234370 394368020 310597342 354790394
87618723 476572599 887730227 978038240
913241012 20918641 16781866 27673319
911608296 758031476 589975582 653396877
311758339 688153079 381218457 433861943
561270014 716656202 193081937 257588940
713422010 670536455 955418733 984532400
563096052 223956832 862202500 929015290
111926759 178840313 575139693 618039848
779980216 894185206 757779092 792652799
544293244 928412234 528433799 550037791
377453898 920525613 515833571 589607167
315473181 145869508 435414686 455472276
484747323 599730306 666801974 720147077
245127176 534746905 788289411 867088343
810089688 731423254 27471857 72779588
713761546 890129820 703346202 728912500
646378165 140462759 481666974 576907581
230577585 320317691 544264665 553912628
722246759 261121995 140332215 191667616
96513154 4889295 337649869 363478210
919008344 564938638 541951997 582466613
322287772 673635516 975258957 1000000000
992206656 33208930 967614698 1000000000
40177095 75035098 299183132 359455080
651782023 391121513 970293973 1000000000
614596352 940755182 455745947 491792389
494343287 60041059 839116190 845863989
902089031 477249466 639905032 733309153
801382465 3468136 189801399 236711525
687039732 504055256 494039262 584917531
592821082 616571116 342187169 417407493
199731920 622889231 846639079 893969976
660046651 129199384 495418356 544094103
964475685 522328029 741822718 774680790
307724396 452114514 439401281 439564887
710928059 491426568 732015777 829632651
799917700 703629838 239867784 268553492
724353505 578444231 333482422 338489061
729638965 707483971 879815718 903160953
879625686 636558596 638023567 701942399
994692881 355366458 703161917 708165528
82083342 700621701 477756373 512362934
972065349 503603882 417917186 462021902
807797270 114177625 259281336 291384810
708503915 388324625 70591980 101952850
540487127 93681486 639038517 659165748
690855045 214819157 183397294 258558309
674128876 950168697 855312847 951471524
864952070 833039481 828336557 885044110
276988478 668772667 908773330 964910650
851518484 445887363 183913332 203573832
849344333 531998298 873501490 900179652
687249985 653544973 150539827 153897217
230712205 657582109 879337472 920036238
893661377 101776044 725607323 808589123
850048235 946333252 243291747 309507743
719849299 988098146 152516758 234288500
368143036 82084770 125995948 191618174
194188218 540627828 454080344 543013809
156001224 223258737 416558804 499384062
704165923 761844741 778916731 841715160
880397030 453344034 382837797 482478666
987892211 868397997 317280980 364875750
406494907 11824265 579052801 630895254
204624533 150811093 246455972 252048029
312308956 181134176 70395328 160543624
894991268 150650198 729848328 819850605
173300389 314268112 384906394 461062671
918335401 927699548 424050307 432945371
155450023 155742282 637976945 654610177
279885602 377472404 482302278 581858597
658808721 736932521 82809169 165481499
492506999 850952635 67857461 92126202
351172375 139197019 905600553 922728858
32580432 280999283 419075185 450866668
692025333 272405764 497088381 555788872
170053311 395916531 375057913 376202883
299896739 957517173 378491082 472161360
594146018 798365174 193718060 247420053
957836599 882443638 334540724 411498549
45715546 333774762 234530749 334213922
279545198 184120709 282054263 342240615
56529676 740034373 475853013 571910869
333915358 874221821 230071126 318104981
52821659 877538226 540270817 543351332
758706188 365032678 690391897 752170568
15968727 14517037 830141405 836141063
297890533 891778239 547509962 633658354
250983948 95708458 615179595 630635299
912942240 816715109 793794401 804729211
256612001 27261699 183048922 266214082
925679446 548295837 731643718 767365109
618482349 942164306 304362431 392521495
873690857 505776219 200489046 235716133
748230312 66471285 777675786 800414029
79726397 434009049 748530716 750544633
911761886 704013354 767922146 866986457
120661173 165724965 755547425 811932782
329009415 628253423 150999189 222366676
658545381 678996140 791119647 879555805
256819408 728961326 98013866 191725334
762967821 457763618 893959939 922340363
549498852 262346019 102229764 155335450
639255220 256215480 806331859 823984082
120538720 227758602 988458401 1000000000
242340859 881879964 688106309 777579993
554205450 394955627 491320291 557310954
518710274 951416093 132319589 138133392
69144750 37470940 423767648 506866911
3949515 409389128 701074918 791500421
789064237 529298969 970167598 1000000000
889233413 556825943 49426509 77477413
806688394 373120261 241856293 272777004
541792213 736377107 386760787 474750446
376458533 792923194 491117188 586380646
189517232 933504225 271304429 273579751
864125764 973123121 80536463 168474853
112702971 884043188 575054689 597768867
943081682 248001972 455338437 514984332
652064093 886998526 345591361 381380791
61726128 95954190 308284097 360607613
767701020 264085975 210090876 224075764
382950080 832850490 949627530 991803498
432373924 650645761 349857020 353117214
405026201 162287275 110681246 202663655
776333721 81493678 312946157 371892138
599796254 629781854 130846708 164323136
129391147 67659086 695073395 787953075
658728533 692000049 164282527 232665410
516998350 595361542 294932117 335929976
650582937 67831313 281616246 377694748
827606473 867197634 45714811 102736767
741806664 565587831 545507191 587377819
995954516 683134120 257685802 310504241
269192722 296365723 466163039 486185564
229995967 517937169 461202749 523518991
329577975 149294451 4367048 58160292
632965598 819755062 216419198 310686953
683772354 943582013 795054827 864397013
123264666 856491731 127870161 208438343
97185975 42851813 331814203 365533900
285201653 902937529 193850642 235493593
327110709 818302097 555792419 601879617
438425240 353642647 41840921 114461737
49921616 539887332 941631793 943168846
996692831 996161510 122336715 195724462
312537277 977147144 844875358 923716881
642289751 305621479 821464667 833689071
9702400 847407708 408291459 457243454
310817568 889893319 727879469 744818087
494949905 353385200 277244484 355895923
674281446 413693811 528356151 577477368
922773140 956520074 983832582 1000000000
207933259 21273847 918837266 960713101
20102116 195305688 869319807 914585035
811196727 324304625 98336198 166195194
802968159 297607519 212840752 255994835
843627210 61019418 591549864 683728899
956683578 66958061 198594475 272291861
915495598 264676031 956877942 980747017
393913606 87478344 909547130 953922909
425665848 368070059 574950226 653626075
548645278 722934893 284595055 298612488
456039571 618456363 685893232 730184669
77745408 321729678 412169465 470467648
503994984 231429816 220125457 254562476
503550306 142336369 215320835 284532407
21222791 792042784 295452413 379813965
123411141 621661610 483581799 526969522
592268738 445998893 895079843 953642767
891465996 163620706 225901899 256422919
543735899 668889235 723622529 773129044
459418579 985458692 136317233 163552669
796265389 614723203 439693083 511859896
851924527 296601554 650579406 709199248
536288431 616827265 411806895 438765550
796312579 254895769 386540962 473556506
627770715 675478853 511320805 568294783
815634291 998021001 939649275 1000000000
878296955 317557685 259888759 260406014
406425283 871740662 889154050 948794251
901532302 772742331 304478426 393355998
409992042 196519100 139333139 153735782
448299402 3012433 215647406 299054156
109583157 866911623 300248740 330935351
119732480 203275679 51334513 136998675
820392449 362381123 861110060 897079791
785034518 400238444 100190956 108963309
769491814 984266388 321325048 334695134
527862910 354345664 544454837 546170389
119215033 656110967 451212771 468625133
326611679 331342111 538309003 543708940
147504153 717294219 554771939 561626523
177946848 970086309 750578352 825775184
207413191 128373505 153397310 219162010
971019743 681370601 29545548 126146296
932067015 957242074 135911234 196535253
944624507 56320130 879610709 891466144
529864143 305575030 136917310 224111116
316575301 659311789 487845846 559703734
455944872 284142085 622641198 715885628
336930900 195799722 821553756 910795865
518328897 779499605 954853002 987375353
43380523 286165266 311029654 358718876
806356304 494503753 338373759 366843411
99962333 28295089 537345257 581355548
180279292 260322968 268866906 281293947
586167694 541036845 415353826 491912017
26412394 880750633 306722997 344185507
943112373 954005300 446746018 504650996
97910274 269429407 491636172 498166827
379362521 423755762 517723922 536350092
24749688 274422127 418725682 424739816
390466073 388605262 783646900 815665739
446752017 368309553 529583230 556272822
827559863 885951779 863438014 904119013
796214914 162240943 790494219 861974449
744636004 507229034 274084461 284734284
173357455 713684856 583813821 642545425
278375445 862181254 93107522 162265075
485512541 381059995 671649710 765282246
495537747 981032497 222684600 284243010
209853633 21996353 127073708 187984859
730923904 467011700 303982574 305633473
589645745 282480200 525711968 586981685
190454997 974874115 572005770 671669482
52538420 592548739 449522132 462240169
138976707 648928936 524274014 588752646
856374278 748621355 657804394 700881937
976747280 633395839 504688627 512045150
832897819 121079442 225679860 314957559
661493803 985494094 200133860 266420498
381174232 733317886 305103344 397402535
108907319 961796157 16708275 114056350
329649075 658751730 712421654 727211568
340824391 176342580 925248828 931135093
865615687 938991498 849611873 939342050
808637200 241568008 734663179 805308370
545674350 210447500 271232789 329794903
491472727 567147822 360219340 395937603
137439291 778377545 12912688 20839211
402755949 256426800 71599155 76844868
194851122 664177220 418103114 435044586
485332998 274905452 859956338 903392946
680665769 665905927 858879458 926161867
214596281 593755959 911744865 982496426
732700715 120971378 133439733 151161464
261012016 872963375 243543435 335887154
29272815 62818395 837934378 848947018
850577647 220798611 850355820 908416270
116736769 560097621 34277297 122850940
384782597 256083102 636011611 714223075
408731106 110219956 324948933 380915063
24687862 177575277 704314373 786956482
583532518 402253644 403947008 488214144
800319293 529545387 412137347 477474517
263256159 902266127 227772880 316302217
231275896 602152989 154305303 206096984
111878796 29027759 869713312 937695044
507782817 289765828 241744139 284239884
131952247 166999566 410492516 431272661
920141104 566656933 355343788 402951119
364953767 995659220 825997136 909158684
146684375 13156171 798943857 846363191
337715214 900935255 581111225 599078096
590099719 595263025 717703555 760673495
698064590 388495278 315326057 412542325
812355408 102059135 870882139 920881242
421602298 1636552 275358456 296043115
883393672 63902937 640706120 735426393
153644339 162868726 399045309 478132166
201085211 300476729 447744677 447928862
583110830 166979146 882768890 931651150
311636468 256231987 516775031 567908302
295337930 193222850 524063814 561491427
229924328 604535787 625883314 716283850
871306766 511194560 745601501 786294176
142552372 553154297 778657809 814405731
584661683 677942739 685921004 729629911
410057639 303235409 759331955 797229797
523976804 586424398 736896177 821913660
576357324 356124608 827868442 915167072
838029715 522078408 917738649 927624759
977542451 258094177 604896253 622058118
182421725 515105954 828875482 904486072
463944638 541273587 601549652 612457736
808236086 350601671 296088247 307709729
323853778 921832039 195408702 267417760
692410647 476732825 547976230 639642511
933422230 322909007 813636084 839135521
307278544 549298781 309540825 341483874
253782660 803923033 541372490 584212646
151645391 926637368 758381287 820110378
310519711 968834145 258920940 269033555
490294329 516249793 302934768 375339500
86458556 118461863 567730028 629065527
561376258 990269237 525868897 582939632
708011960 436344074 904908619 911527902
374739520 429669837 753534716 796478814
927798725 192765053 429637695 487599805
508987839 128389953 98391284 149067396
931664915 98590036 828531086 889176892
637900785 217613841 207775153 307100113
203993334 476170696 539208243 584331586
512950187 571851960 78980708 111386867
525671339 215724364 724290192 769864429
347696055 22796938 357450125 378441297
223221896 521309961 917248609 997764173
533458207 998162365 415878427 489349840
700307416 773129414 191166055 211533193
54817405 406518145 425552447 514519943
544145672 408152091 467385151 487452777
941542823 165460475 528688561 529764659
239097143 895973335 807019693 861742216
777710861 487401055 741132006 786115192
867897179 668022964 752440744 849029581
930251984 747899496 261990864 337723584
904612508 995778669 381037251 439667838
671255907 435415720 472727524 540597763
936958354 580640951 244460095 323014718
160555503 976340407 828843222 830785162
945834144 447706225 358095392 448161939
90240286 963092215 351338835 419923681
942400698 522930672 42502191 111849569
315004849 817779273 159627363 161566712
801409333 828274726 190024568 275659526
300475413 759292702 453121873 518600210
463933470 142068653 220060334 291188275
28296323 442216634 384071721 461263657
192376607 748240132 8148429 65113780
657817156 110057928 359590380 398396101
593955993 244576894 679463688 697842147
910234056 274190249 589366120 675756775
613065193 851610496 450011235 466411551
315377934 858031973 451816104 481313727
657074740 736886913 386819360 450459541
949682007 69464781 687006614 737711995
821964899 264387327 192868064 216355262
914004728 537782228 294190127 376819444
456769830 819080618 968405359 1000000000
797982779 730663930 717060729 760329144
919327114 849784336 823544068 835952763
172468682 461024678 787616304 878419486
284118673 541988341 384232590 421058420
353640629 744130097 205505128 235434280
267649859 926834088 136192379 195291244
966981160 198269992 845622196 855822682
139396275 280530586 216833012 250162885
657331616 929759308 727393468 759428482
528786270 4591141 883606909 910658091
197387695 494896608 734451867 778983654
67583015 136419720 498967759 589784284
284552158 3410833 824225011 895019146
772957743 633723583 697376931 737607246
638150066 534764544 57823996 113343207
279564039 927330935 269365826 354173151
163156281 149434511 864387086 899900706
142096505 950897982 32526806 103814623
681477718 985633239 35575924 54840802
779397518 504513299 121463794 127531377
345004800 713179245 573067447 593944613
336747723 40803515 502907529 512254519
299273722 460334333 744606734 809074941
267250322 649416463 653575359 698597608
902545366 998957310 830458852 908143293
660701999 443040558 777830074 874744643
271915634 251843961 902469734 979006231
526205360 765338050 611566208 669213700
396224533 295557793 750751247 789620865
237465720 818388133 397835328 442981772
239479866 556288488 127148962 204651592
889496723 697462334 312731564 344740264
987247313 131735899 981724109 1000000000
192701602 350707094 933146472 954551941
384075113 815675497 440816777 478423312
394010052 699239792 185898857 237271943
234104027 462446704 169792603 174249188
201995951 464458447 157308594 204293937
690953787 735635271 875323946 892796917
505791045 458122987 985340950 1000000000
22502658 918443912 555372075 612228442
513108925 262318810 334546095 366229915
572158740 641727183 476006410 513697004
32222756 325676752 597350510 656642635
124164781 54828863 387326255 449697323
766963616 530524275 67505649 165495725
462955188 411342642 268723641 339004853
980425004 832775369 982056720 1000000000
595379660 29551176 988774963 1000000000
573771059 656556864 810326089 879450446
779273751 47721965 492373756 554566796
91216458 651747517 405685627 494967489
272610949 447808951 596527330 665672262
450088424 600536662 945368991 998393884
680698248 852223340 853188537 914360380
874724586 154362765 124232067 195193980
16982248 790322399 294967799 326399521
394272931 524781948 233387434 296132348
284193599 992281653 412062466 414393541
565410583 124048854 728350776 821987192
985176909 2168663 562202418 567475912
132674135 762892637 395728292 489638597
498737161 143351886 412039172 461886397
416209326 910286755 775900157 810067519
148805238 192159355 871482301 894860186
168303825 267139007 474746540 476133228
127578512 399135517 753421335 777627740
775804349 173097626 646773552 727348190
401700830 926886668 240629571 250576533
623740434 693257069 301665703 342611943
812123688 245928461 910509239 941050674
271335531 393605202 663935857 733525631
949583619 254048325 115266103 195858931
426034504 250664577 647545263 677341240
440138742 701561160 57059145 101745668
700526203 924884799 159850099 215193563
678347121 445535990 940074102 941681233
673807076 214781963 184052674 218137452
166365303 720474507 262461596 325347527
49882735 669775644 932568201 989293896
282781580 805593681 749581705 757901626
127398039 985928208 271309721 308977200
389965905 409022187 782996674 797464030
343391350 571700720 555414349 591370920
66847250 327373261 667731455 674652781
688377563 457368975 152761446 226353121
483548717 980094301 812603205 903191020
872601158 968004067 101854232 171636822
337356818 493773936 307207457 342723154
242075868 62794592 973354313 1000000000
265451181 623320237 98244043 196447372
378656895 943437490 404489740 498519161
636134731 630305165 472356048 535274166
166533370 881457480 955588355 987533711
52713782 420279106 271250930 335938110
861918329 685068994 645360372 728668955
532187791 186544490 243402317 272208369
875662769 236635104 468676798 564012709
989052281 898110410 841713468 853832827
679768199 800531977 139506144 223544918
934027065 888108866 982641614 1000000000
220262519 789415365 206516494 209683285
517329270 653578691 227073881 286796879
407717779 25034941 847668734 851243480
719264965 957990219 871152130 946652544
362597698 679372417 791737865 863214026
419003886 359406615 293062227 379663264
529619489 752265402 236935481 293665989
627817865 833885858 37567753 79444502
610083799 722104669 987073589 994574490
959912171 100153498 588200348 626304049
106044064 315399732 340168127 430806574
40845244 875346567 542950294 577234499
939996943 137671747 904989398 945502633
314198790 998667728 730757145 734273956
495608730 895810166 942033185 1000000000
119418963 197060028 948372692 1000000000
517352930 927440058 417699066 461236474
76304001 198094066 445155051 536780051
127201090 681043260 712548842 809028350
143903996 44227982 25373027 62681606
710503458 483024290 340598849 416218522
231877285 924611673 238613397 297600524
178676 243353833 904037424 995507094
835252920 438950785 485019459 548408718
426318532 591245751 493053626 508873013
985186177 464785420 447720968 450456168
352483056 813008359 383557272 408685813
535645610 760866915 388783112 450196000
55042545 620835925 480138744 497571808
452609528 994186622 829808356 849212720
601374633 742946965 255617912 287137744
754065632 169665350 371287683 375171030
150790601 81631936 402116500 501248554
972571177 738860549 803631822 899843517
394203608 567218361 964362713 1000000000
527253777 787724619 325867035 401847700
393795245 728068319 653510173 680106386
799985047 351743171 198363091 247698839
604460073 886286965 310870336 350826357
252164167 555516580 599164122 676936443
908234391 706037333 381074270 456348866
400457778 741316008 797188186 816782280
886162880 309798358 909616355 918877263
472877926 829024557 525272729 592918766
880544141 721744476 634970101 673504287
413916523 910962437 743319288 817697461
971456948 238638366 534259836 597565941
266822679 550029788 953928421 986096031
895542504 934547725 45815244 50120855
477603159 407352932 183979263 278674675
155668499 626583284 251329898 258923977
306587209 8268040 660974825 701701775
571744261 688457377 911831930 997537395
876366646 516501642 497080812 516409985
316031008 758265214 222088783 226624254
958559496 996401876 602898501 659443114
389149669 46837156 717403474 732661888
302761352 710072230 836634591 932413725
243391487 534790250 83584105 172978849
766065735 135844706 494662931 530973334
817569913 238730302 262856637 283129543
527489855 361558772 101247757 113918750
971384725 17597921 169415111 201735322
499399581 451063529 123626507 171224403
275370088 205115448 569666081 623406857
751053618 267314930 440502261 535030704
9746180 94201180 558115828 586022046
918475563 87016761 553206359 598315563
932943010 906901794 314495003 348132781
405986803 514998684 276649650 331674285
992399302 423119969 472284711 494945972
380335434 979827385 553360568 568657905
681499359 898360869 548581220 617283622
189363783 931637739 176500887 239625396
573212965 196428985 824137032 851277613
13470144 732591998 605390533 657272400
289252843 40239454 449416794 502896517
177299445 554472988 563841925 579537636
54263937 743978677 366328441 394795947
556345562 73592005 81553597 156873068
680162178 826416802 797802685 814934675
866110269 455718965 646571430 665899516
2645488 828194444 419572639 460031164
677766411 805170427 162521734 258030363
419049780 890278238 597852475 619788236
558584126 309055911 141451291 234150629
302796937 706102511 259008111 334636791
19289674 385266969 248611067 280075755
224027162 746725482 432461831 448009174
198454039 448011456 193915949 281016055
556480800 649919196 255373611 351754189
48631186 214426313 376624614 420310573
896108050 160314934 142166447 167636399
387884191 267268076 98462087 138282253
144456905 936156563 501678839 519861331
745025152 970905344 756438282 771873920
782440127 977269808 751342068 798003301
690093561 755992149 169815947 215091716
498447876 478749712 993904852 1000000000
385200149 654207439 105450187 141957771
90130049 963084730 755670687 761181137
640327243 245537173 661153929 682250032
528934970 35744969 234447950 276084258
790915598 804187150 8935327 65950392
6297476 87459892 956720376 1000000000
92076453 916122 481354158 534514617
641713687 41849103 273012451 337311105
504038605 959860079 116076209 215478662
704520247 903542798 266063967 342076714
750423388 235436615 417038184 492802591
307566830 401822153 196398631 224015934
181704973 674905032 524276563 573568311
553014714 174633477 252511916 315546311
524672395 609604916 350390805 428938146
700794519 919706443 116603153 207235719
182802367 807436058 150512312 248504185
314108627 471412942 748834403 772243399
147825893 589713018 374589014 444516398
404972303 329413751 253321649 314236477
549202294 839658684 384164111 462770752
452333168 650420878 143248904 237267539
666359312 88975213 229180014 232568905
957360003 47489569 928252001 968815039
982762348 699527809 489336639 553680331
904374039 823550209 753801196 812375863
465940631 961587257 441249638 513551525
667149538 503008982 992408708 1000000000
750784659 157138368 676082359 758833279
500631762 190588108 423425347 461214784
720377435 867789695 495717042 499541256
312024829 454571804 519887735 532870498
784396415 800261507 296047562 370895811
332410066 775594733 984466109 1000000000
887368918 523055744 389737595 393796772
707988622 912279413 359293054 409921359
394864246 991561497 808821258 844208072
650546715 435484727 287756468 322933343
