131 592
914724180 937061908 228427901 236392470
478835273 756667248 199003945 260008539
376568147 57802557 645612293 680113171
744147891 266006928 958435609 1000000000
408742057 533715442 257591372 293800959
201898344 114754217 993574035 1000000000
794004044 637358799 874156474 947131497
640651722 912876435 138798280 141297060
70800721 197711314 524371744 567621683
314912502 815043602 10886821 94653460
186858819 521676892 40243298 97976839
798515793 390695597 99332492 119883296
417955301 592970361 175703243 186933739
622528005 134523421 11622832 20423803
441348580 146536950 931188747 970594196
979039287 1975229 932403977 1000000000
712837677 354607374 385773846 440145207
529244313 250932851 814186933 906324229
450920569 350804830 34979007 60721730
191807683 390505446 355455 88483124
874096060 410086407 592717485 645923036
836079999 574331660 225569063 282693829
902674061 741576850 743605931 772408471
819621780 151816431 279673957 293662346
980839834 607837198 597069196 660457658
606316539 121016452 485949626 580915338
942597357 174702405 856718409 938557417
201091229 38701883 655009199 736964772
5826813 288552896 222395132 315773413
515749848 765079718 483429318 548645387
116166193 576088597 58490246 152521350
130123860 160725763 271001254 351882664
129084788 400112115 58844969 67656626
712306269 926710677 854613701 938016731
363508434 873337939 914349531 1000000000
495655884 733885076 694464700 727168158
289532320 850571336 229687810 235118339
420060748 453290783 802425534 847553912
20239819 604958539 438697865 507840979
781858460 562389750 853002836 897275319
609788605 9128069 303805931 369082256
914203817 698639902 309332762 350593007
507086655 610909511 573334023 658243105
290500660 975054379 836750769 904737453
233709589 596128996 311758578 321331841
481133297 775800569 221931699 303551428
477411822 672015765 540146475 564802256
111576919 869292554 188121234 215007200
233600530 186547946 405355059 430535625
323146349 865975197 348140210 413633868
46632468 86904154 421160121 459921361
237797885 599284741 372629067 387726379
652895325 44940388 867948704 920255160
982337896 889636998 733094433 782868470
632674179 791054536 717083544 799337747
256459701 664482475 322869961 377330183
457108239 203427049 931830918 981204886
7669000 956632323 896637316 977515626
952457564 953793348 299055186 382868304
49231134 623356652 729749681 781020713
235588954 26331688 245429300 268091801
817057356 929524164 481292102 542364299
292147969 811114733 855978024 860901538
792192092 317679529 500458514 595714366
660224349 981296591 48334425 95244984
40641735 969139908 586095799 642731001
538767731 193718290 838592592 851025146
79788892 429899058 401899852 494316439
817262602 832035485 587757259 680961495
989429538 357405001 128703911 198726464
109861833 73577972 264700107 302454963
617518337 951211792 904758727 939192152
932919590 6433885 360252431 394070819
696491466 241709356 821851320 884636439
552123362 362076185 956862048 1000000000
851488547 894438571 736976642 812699668
536165564 371475707 449123165 539583941
788554277 949466023 738607291 773720986
585078480 582530954 262083843 360573756
635562858 722545399 666158958 714576614
365266241 778172743 637180100 691776331
157953421 113476315 892393408 984396201
309388373 965749274 642041944 735691450
621144642 853735708 516711718 554283840
795754814 892461886 997357257 1000000000
997654639 506523108 670083487 724402599
367648151 244878641 67015669 117009090
456307311 837857835 946775680 1000000000
459991466 516810889 994008872 1000000000
677168250 364267880 456654661 463466579
715619853 816102905 999828800 1000000000
568839107 617172135 929087544 1000000000
293066141 856286281 339135267 389548366
671159188 400955957 749934512 780551242
767441005 77379324 834747510 895536115
107188150 71796139 66596323 69101656
892479135 720835313 910840302 961828232
176223995 721162295 887389782 930606770
20923620 451916522 279366655 332264717
687350705 983192286 248380123 347167464
613873762 245609921 69161012 128865185
402305160 389729106 287809565 333772846
911259059 498238323 478327755 545985583
596502473 191976619 218671569 248748884
577994985 116053572 291977998 332718306
701649082 898482333 729289168 776233873
161781246 275452288 433338870 528202620
100729579 485692872 1748817 98538967
761884459 479902839 481890313 482696754
107992903 657655411 530641052 590758719
556441555 538764853 584186159 584472380
482448310 132282408 30949170 100643836
423585662 992905069 767890052 838751403
440035336 608627167 317804885 320274727
96879881 725721226 690388502 752959596
825121578 467998414 625261092 662330403
626080332 940258277 991240808 1000000000
700852945 386604100 799550177 813377209
750072357 568203926 224052008 299200651
820821072 753491011 427959077 477341738
305035308 176802271 440423845 522250770
741663201 527258790 777560016 863980742
813167975 874690222 798367181 892148181
297955294 805734744 721197373 778457368
854928588 447052415 606622069 676783818
527851192 273343166 328182097 426058611
835988305 330762124 529306217 590726040
867232155 201341267 73197441 131226574
377394629 410787672 968849345 1000000000
70546795 761727681 702857316 751267291
848754825 713162040 932466928 1000000000
765614926 177392474 905567228 966700834
558055868 9979881 841569700 890924479
418310633 457218392 691370955 708910390
918104857 778811223 902706362 947925869
978262733 930571102 816419150 878700990
517132956 496992782 502760021 543380210
656825019 517471215 612084845 639573016
47287238 401803448 806505138 809287236
943626794 496426695 13158959 14841078
75943789 878313664 363364025 379294436
354261992 515972608 553994873 602065565
749816749 438697170 778422303 870387090
458557096 459092327 978136106 992732505
769445792 877468768 471971118 506603947
365051350 50040384 230837498 289773359
887830634 29432358 506238318 564059111
133343813 652641999 473627073 555125169
654644583 76784221 484960883 556259964
227616391 372578680 141179282 199952765
2959807 648584894 927287232 978687445
894855530 180160663 829062042 908612725
612509609 488423421 267320686 331976050
474087081 671302811 883912312 965132957
778224136 790169910 640142608 724075564
596081258 863368338 736644460 737566864
437644857 250381189 124746832 133413984
757631611 626793545 453483505 521506069
67209576 946126740 187833075 198935848
661772910 521325721 831234864 860527685
79055981 425507820 341664721 428278062
116872694 725502613 601569001 683974220
228930237 22575507 106353442 206337625
254837468 268345778 348268863 374847199
729090620 48679573 342761421 429753498
823552501 47781269 668690695 672256871
122880224 266563708 385041926 395856781
925179358 335195160 163561178 217423403
734477699 832476718 72331328 116766558
961243499 873821160 156717988 191662980
331273573 729153751 500703378 561672306
523466928 873857539 908881624 1000000000
305291935 588153244 766374544 835233234
471169811 132612960 894855876 954119775
144376707 530288830 814426277 869474745
645401373 212443781 475459852 532882018
501565168 596646728 923948951 1000000000
973995046 855467275 657307073 721112022
33822546 113578482 228176244 230239011
97789612 659458361 41077021 75601922
443146847 85125234 105745520 169497788
259525309 980123646 337117899 377917452
116588458 386080020 475772650 508839551
673498965 244661559 521595204 589119489
833048845 754981569 770636823 839103934
131878210 354602632 871488011 895986025
197505215 683628532 568717233 602277220
272085747 320921532 315279472 380346981
190409856 821698757 626445120 642049159
699028082 429892043 247068148 295741190
914519573 912239029 471861091 549567077
676546393 359555236 889032065 912020919
622388636 771069063 604328325 653004870
1732641 747868872 564083052 657028251
369905129 648446689 762478327 811692021
251263172 521939063 741791591 822962335
999553763 392058252 342078932 434072425
678041317 706826145 6202579 63876677
273548533 344202834 393574753 488426417
209787879 717561337 348327363 409568734
318843128 379714051 275265676 356466610
178034493 240574746 753250572 775807181
853457155 197381975 102098413 120121559
470288948 370226589 278411377 364183351
584655507 186429813 259092519 321362887
998241659 180785454 305443042 319719863
911180077 335651824 225944091 322160865
815348047 43569935 125943479 223194803
797685211 625571975 731751300 787897722
311584823 105894602 885743214 971398789
705357103 522969614 419557490 492456246
553215674 634461326 516666190 587611161
499925362 541172573 287776755 340250427
647529879 312664732 189597529 203091777
403946979 68954826 491728641 516137096
328926188 257352203 110262391 144099218
319006391 597777334 583494596 594032315
810738767 330331396 292675490 373819762
920358616 701340446 773858783 801069926
937069793 143819530 650884698 686102340
161461817 500349999 440407820 446203946
395398822 712500311 171215653 239068171
532454330 71545240 409376146 498206535
345478550 471702800 683820907 750625585
430279320 121511261 610412202 654562769
388479024 161425904 777518075 865220276
253713354 687684137 347640472 426134935
447704388 104749770 640337199 698747608
641250350 951824628 784946759 803030434
190728421 789100281 650470944 678376984
607479360 22371708 879984346 964408261
190672549 612570561 396626064 403950117
930203449 514957854 793017187 800513843
615518696 640694750 874654923 951676804
809402484 203240862 108348407 178171614
816704962 458828017 587049104 666637312
455354586 590350261 701932202 726315588
101140784 549197874 435244764 483484036
768741783 946217486 402312091 436210111
598333974 532775200 464395082 479382959
724106421 706859491 323993865 335503171
22224197 294026848 723070978 740333156
8430471 433906151 271608706 296471903
169341586 650737832 847952935 868423983
377114630 405141356 216506685 235427606
512619148 385499973 943436401 1000000000
982960390 417733718 604971642 661895776
956113216 93899685 115668452 118011319
364278811 349780871 176103247 251331048
21202499 102271692 942529634 975385733
713183649 732980799 820889902 845731737
248584697 464541636 192648651 214689818
693762163 537411120 361385135 372024628
498547573 866791123 9679753 50439670
127517527 103966926 374684646 396708186
12702992 816954804 826002187 852024361
96971032 765950216 985082193 1000000000
747892519 705503628 646935924 651847641
581006727 487605457 704611208 722855936
165528852 175278715 79804792 116779962
982355 679196949 56347518 150966199
592982163 474705549 839587711 926947197
288709929 661935484 830005629 844020463
685294283 77069899 254339206 316797981
933771710 916179083 6716942 27416543
423130704 716764270 662816125 687352086
44234410 861072969 817941366 838481667
965319558 173663212 878836535 924862430
382991025 95133635 531508065 559594780
834818294 627749497 320337776 367070601
153039609 760726519 542720006 618213790
51841509 61722048 406119485 412081849
676188825 507578361 691983414 741689613
118226078 48877713 411854544 425936069
326106046 408195176 760922087 800028560
859398677 127390977 514032915 613729408
109104837 603479951 431822457 490700158
986622170 479976818 534681154 560137377
577354289 810267335 165084587 257796238
424168159 333547490 28913701 74622794
762671444 799755435 459486779 503505372
427400430 386936 549421277 596644307
458272848 580995534 705104754 713813237
637248794 576746883 676075338 775525186
217495240 849489928 284036064 336971689
201306326 566484314 396978486 475270978
115905838 737509789 89254375 134093757
876811651 137482551 17903457 70905289
646684582 458618133 426765050 433254865
945511141 259292665 956139574 1000000000
825877616 488992629 853450987 875354246
481175933 912405732 43089033 57526998
109796409 850488822 97576615 114684011
979098682 633423070 79493209 110362753
9455041 973508386 157523690 256907329
314465847 958435639 664147677 728907789
217239989 589701943 817921288 849435562
978405486 262998829 979675477 1000000000
983606619 700449313 163111730 186584694
77117354 537341418 574711949 645613745
488401258 689485125 616254102 633433328
857708516 804723430 343459304 407704638
679370173 977350759 390569980 392814573
237668136 326879569 164308385 228961024
842282877 263581059 883917451 965464009
175605338 704653763 214151581 277954228
608037482 669483422 919981744 930958204
492819646 708500972 76248756 131743828
476893673 349827377 6092034 26316217
955497382 714797421 781446685 854474051
686194945 406271535 165154832 204570005
896447104 472503464 498398120 500799166
113559312 132667443 468951533 543205669
80768026 7359222 735891761 754436207
454009595 301921683 313998641 383475343
107051899 578188190 506482569 530631357
689988815 526923477 843323543 888124316
682338534 777350776 502988957 583267293
277494845 657773899 234043382 278737930
174096062 157225213 298885501 333612876
416722287 326155007 877398450 882469544
946400341 195634437 693059724 756614094
445023621 681629343 103456470 150185738
951873009 14761094 426117435 467577089
651834989 883435173 219692106 240307789
683666222 729999910 459943507 503299663
851130391 862590260 964421353 971984290
116968140 514375051 430078106 503884817
956278954 899698810 594945122 611446986
668136450 412971793 5839946 98325811
788938895 547080316 65046332 88372256
436739724 597518930 127183015 201275973
546643972 718303495 758636413 798600393
71032244 682145912 28090090 107671911
726541917 255253915 915200220 938733129
176208451 464456656 603302656 611467113
208852559 864728213 93256855 114314212
622554 534494547 859415965 957506802
483081778 927860245 474958207 513066962
45850189 629453796 32415856 52500597
500712086 683861072 655914987 690076795
336239101 586346959 129150246 218975572
14470641 649397188 569195388 654517865
98796548 118950127 620513580 678252171
947925491 763465026 519553410 545355015
569334112 48945693 760678274 829240325
300812678 804003110 215017671 303242233
43364013 341743334 864353604 946978494
408633926 743610051 249415554 271112854
792215304 862881286 996607060 1000000000
341282355 321551378 863628713 871005478
807509112 648652980 991802855 1000000000
141836403 935199678 628392566 688622042
692533132 54094353 206567956 230585321
75319622 201874319 614856725 701354038
843252380 685237761 193369029 276809287
957467818 306937769 777198756 848904417
150007370 857645897 870096709 965491652
902239644 801913457 494154265 527882793
526455729 909863427 221180230 270678378
333538128 531217324 543585293 638911469
781430466 784865207 155257752 173566398
149669417 83693787 765692978 847798604
396182239 403856603 683915667 716639831
379555849 567546401 690957761 707889449
973479582 966835697 97721947 136654079
488118520 81778501 569784295 623995262
766026935 364882130 151983877 230117146
281527673 441420098 656978927 675307605
12498495 877222017 383079883 402009496
512322846 202748053 116905260 170697408
196727189 641945200 501280666 584489120
795223746 844148599 663878824 745011074
36681373 852658103 467826069 504258735
565578989 455087918 558632297 642675613
706780444 724550874 157909209 218490355
679384045 83097205 983564927 1000000000
16126705 99545050 828364789 924326963
900503455 200693632 592094482 637756476
716264667 369701278 396114733 412869978
571356657 333013718 732121330 747674979
710199555 644318031 412834697 454473804
614173315 407456797 470341516 477122585
537379971 616296648 523140283 606052326
12693347 362099981 164377204 198801708
255845851 465156586 366945851 451973074
999229570 994822161 432070269 506284080
45783751 268777759 553603791 613761119
979767745 84366949 470127793 544912502
477633873 861875343 593036405 646827124
157434945 404044484 263045808 333121831
650944328 369326905 878937998 955879253
780595799 489493883 599630320 645012548
408468264 936164329 961390601 1000000000
363241532 210128898 982991622 1000000000
811901025 845167699 562160344 639192992
936811088 895132381 881241263 888951377
838634283 667805698 315321631 384947058
206660744 821456311 27686647 40276021
692739104 527645445 41497804 106914475
249134140 718431040 622442620 647510150
211850573 119090564 445819600 533700458
962942769 283889230 214565996 228685742
449491251 547266203 855491562 955155787
845938659 290621418 383940628 386968171
490470474 361927412 397903854 477882666
901576530 795255022 800014786 814018310
702188256 252182590 317294480 393492242
750528556 393028397 525727511 559483080
625608615 117549291 830752268 913295457
941759724 253036714 872811117 924583628
657479049 347601310 159179375 218733206
394920331 647437667 256835247 342115254
839260611 546666995 102879866 167952199
470476937 889750550 173215124 263304354
901798386 421359599 397014200 491890019
163630084 388914879 392507307 477179895
476776594 19711811 310742250 361067759
781212545 552921604 733432473 810723738
336842972 809658240 449454948 485717204
447733947 366490201 27605540 114750057
578527704 103912423 668386294 676707281
955829124 370100653 854242480 867795942
295757556 149424126 509838330 608627391
508616268 14580346 401509182 492159263
180916462 308807333 667656952 739003145
526022527 148747219 469455497 531605407
690930778 460890862 333848860 399741389
796210582 576754253 930512649 979395681
556345293 792924918 475754404 533172351
40723352 417547723 855358070 879992463
983396257 521162692 459931596 500026055
326803344 644048680 539066724 549885355
309613523 666473454 424600986 469041240
386152260 496474276 12629545 47511717
619639512 19670976 691899285 695535023
328712662 115062115 717482955 801065781
3428047 429879085 142276316 151211381
48407061 740748095 255176990 329123450
616448773 329489512 87808090 185879274
434841006 777136842 657871716 667132609
21803146 636809269 335078876 382997793
556292678 919858660 142637177 182474325
823560610 756126730 624713547 675517340
399071691 325240320 501563092 591245720
961607135 698452584 176928095 209397150
957113070 512812030 191194031 254320698
544207927 662206347 265907049 355118648
541888401 40276465 130884581 166214122
153572348 801715568 610099872 687689363
632513949 578732792 619849096 662098160
697971225 58301732 679132801 725848219
854358015 552374057 908271203 985340132
951410341 595133917 424970513 496347807
112245220 360052312 830904761 901453150
957425620 779273712 453226347 545458072
406260015 162305158 776201716 786254572
242113191 815767541 937704893 975812588
100164911 323619083 635882395 711364900
909374472 627622570 11516574 84832474
846970968 85427419 144508998 203563713
782265818 403035732 726465712 807439310
4149524 713122535 318653948 378439635
685328068 974083411 440789565 449875027
440460168 713947740 120293988 166565806
895110795 829438836 322723367 354431236
734347584 525775970 950604784 965062426
103590601 989971063 792724699 854071835
942883364 426235483 467589092 502466837
228795362 735310299 548822270 569383908
136756927 123075990 85262110 182680054
870621910 691755144 509439522 548124573
10814814 214190481 446618992 507908081
279096363 19781802 963695353 1000000000
953335897 864171405 326910182 410547391
549712744 989911145 389995002 392417840
859348747 203267592 937909338 950272443
439721348 259983043 38719133 91662707
226223704 231965071 389291610 460742744
265720934 680806259 241534274 277736139
468717300 535532925 902028741 915138825
377791942 812114907 571532201 588745307
15157205 803007617 144997849 180874661
426354610 835306326 322865100 363936096
988065350 92114370 287854653 304314223
834987409 438147608 28021909 102690938
172504584 714149133 506302977 572631411
145702744 129443064 62834466 69430695
829246790 728987624 63923818 139176993
103412359 963151941 557200685 569037826
285710750 317404459 463031734 496491054
147375687 92218969 63575033 67970421
832761118 721965445 101893131 175621295
132963688 115666497 267616900 301201293
744531197 637847039 753062117 790506671
350732868 135685107 538826378 555636871
660009276 783922429 457944777 490279902
94649790 913302045 888471543 952374617
565092321 342705632 451663591 550189729
322116075 40796919 464695848 527365737
195945185 207679653 357780090 369910367
692475818 22306854 340709626 379717501
258662697 113168799 623697386 629362786
956863799 773148435 574769240 661452623
700180568 113585579 717667430 792421546
942315037 453131451 883067161 943191248
862337413 227199047 509235178 578452363
779908916 496171330 643600840 736274983
575833292 812044815 180572600 201909934
727257834 129419099 559453195 563262087
341083357 569042719 704857994 765199189
374015080 92603778 583800704 595219087
519207931 380653160 647506069 706872996
701052659 815963374 262228149 325121877
520557153 679597267 576584765 614067906
712858334 811192869 375546992 411226972
235040071 987680745 63639209 97710442
546659181 104997839 839301060 849522759
864184073 241974144 572895068 603560996
787613817 27247495 238723307 290894055
744566367 130682294 154888541 244548686
24010332 649364830 519573101 580900626
545423825 844601041 41753684 139099205
184795773 672433017 442200161 462961934
193523536 79910941 913199150 978979905
486682147 90290728 428684788 485053554
661787994 209068930 443744312 513551561
836969378 705765915 143162619 146676444
295496349 810072952 803133825 810563323
734120850 986958574 664322053 721109929
779118151 111138109 322315326 387074381
282106902 521632109 205429256 207661458
659884792 485079430 906135030 944586026
245110050 275316720 520863252 597140663
409758912 197146996 659267001 721160010
385317694 172436470 577884549 652106393
648415440 312101173 991520383 1000000000
620561153 647598798 241722729 288886419
331097135 660949585 926819990 971501680
60049746 457124814 151138071 185284343
297897554 295406073 125983841 169752494
568108661 309530896 323021816 344600469
548974164 926757649 399093545 455289125
987062815 278825027 504394530 533660570
697543674 294004846 580427658 627061700
125974745 566712777 512333826 583372389
207396481 714450091 434577852 466563516
29005227 211865607 102850517 151019010
422045329 991362087 314725783 331122651
370523859 704349226 502066361 543581991
386189145 824963411 967469880 984277728
62787428 685107699 407913126 442115699
550623244 711652658 767624500 778404739
68210776 302176089 415915282 478219965
291335001 235253623 105218302 170125907
117860599 888833071 113292603 183659785
249025909 463481235 170358954 171407037
330234623 894889523 192662795 287897170
977411113 193265894 456466212 525075839
334958584 116369685 869719630 957086225
407468385 886125281 230754792 309742872
871851397 837216795 627056974 685844858
645043237 252730826 326549193 359192813
750870692 631723212 711144264 781274473
745640472 817107374 522848247 571071476
150408104 728607116 457238261 467254336
65092628 555240683 203162443 292504097
356177608 500067736 705349787 784517014
507105244 628584538 17314111 53468119
203526649 542380569 502123073 593914694
603069576 983145668 963527750 989789002
970274504 250877915 651231051 672236635
613613369 483302131 965849698 983394501
415325146 395975019 441151437 499640829
484792137 232925975 12507137 98037040
313902460 255922479 888675888 945397569
540037544 444118850 531422562 594901205
687688867 950471474 909937503 915200687
238506120 301383981 582321632 650719053
550733653 384374828 451475974 481812055
21806153 989896024 528613384 556811813
834111303 876705871 140511456 208745141
691816262 670189590 669551140 683882536
71417433 613116545 530282877 599568988
88465983 336292943 644917270 649688722
870391312 25467689 99510695 156530677
704317373 572780348 396855792 423242912
575755038 342288244 47319581 73494914
470185976 961965389 587418971 659047315
960787284 922119502 529365421 537183427
195927123 291006052 88976974 149128138
109549869 77522564 27828669 91733759
