41 134
748454751 87211470 897971439 947732638
233005334 303967480 601503886 678790236
893357012 697532127 510815105 518067031
667561532 173412296 700465802 796415438
977401294 620569626 695083797 708037674
715707277 272884008 661578969 707861572
301944015 407032846 204623802 295048484
784969510 119061527 798154779 801269009
138074305 176635239 199571367 241319120
803851924 24699096 65860216 151769933
834945289 536379076 394784162 450236756
578222738 995304865 963253970 1000000000
635294647 765482744 795309169 825693852
291683256 684317830 974232852 1000000000
102352957 772596059 418567871 457073287
510743105 974319289 81217500 109468018
106538729 550696036 960139844 1000000000
107250307 197521889 853489247 862797777
82581536 965454156 485769217 556670422
313333129 283140549 860033914 867486603
150518 615899958 223027501 278863057
569497767 549223824 549392018 578564402
950782625 381921264 580590458 648489628
965017834 377527512 97624211 148126067
911184214 627305989 627140968 688334981
650378099 579561153 740197122 794788430
692169359 883625313 982374391 1000000000
690322989 490834464 590981800 637846921
796702683 563523331 759985001 827135873
981778639 702676173 695571951 746278970
960961363 940529234 869867957 939571416
385978729 608167046 332142064 368497714
100020506 961850845 311984769 356846416
704645318 594825770 373152047 441076050
649363689 431457837 204134470 248569499
301916357 594261023 857038808 932827686
524219800 789525674 130139882 215789759
172706427 478068016 391598486 444062427
487312229 379372118 820371773 915265694
866585190 279249589 973379233 995321686
683906976 183013940 501322564 525164014
894452918 129305953 610019454 645721789
379904753 584002880 528875190 562030968
154519005 875348889 444599104 460387598
827762002 95472705 569691309 627784682
443033551 554469157 792614805 854596186
680025860 699581277 926919819 958904666
33294444 136098229 589831844 626455574
136513645 241383089 812061850 818661747
580801459 675112357 989761659 1000000000
345865197 385841974 811708477 825667297
809680019 915164666 416499002 430763930
517382444 941589108 225005786 244606913
626961496 417760444 680130613 731743272
630660881 637000769 470660414 485479159
476300771 641035453 812644261 910057800
657781378 99900214 252293452 315329745
574358297 861846966 757726268 789895580
813154770 369187804 690288101 733001370
343790116 967494202 23028072 61759243
741613975 425454731 916179080 985673316
911986644 320159163 90825680 187145328
400238001 627264 747366000 840280288
547449104 12635180 38286790 70465096
199638483 396768939 689348945 699332958
914619066 392886304 638997933 650656049
390838275 65597660 35958483 88897749
282536615 878565392 666965431 690573574
943559444 68604224 596511484 621462517
451087655 226636454 374004720 472992179
524179608 155013845 989806585 1000000000
240511550 724080770 301540419 361471138
259991451 789207040 370155335 374429346
962014099 131555872 709616965 766941052
774159062 33264837 386684985 460620337
976552366 28636578 499260550 542372870
949473715 212808285 35307833 62944774
133723330 109930355 997831606 1000000000
918689047 176265126 97399826 138225057
507693956 418682170 479151630 511105827
101660548 809561251 750577648 816789374
579087877 978935811 754363673 786418385
65479397 588500319 358627591 427229558
154414047 632393815 747535486 778608892
379839831 801205781 946160615 1000000000
271764532 695454339 929578877 989910592
434473146 259669057 627023894 654356494
134890148 980947065 662239694 727067748
651889224 733795480 944790287 982161072
881632186 150114238 46558848 107831248
147532771 86891275 999387114 1000000000
418186626 797832689 591624249 679298120
959813995 785733597 395660081 468943357
247091391 178886367 157632274 207521915
575515338 296777141 767961376 788731417
44012318 574965195 612072947 683786464
724433029 836866599 371016323 416083025
939765933 297218005 117313976 155060806
266225865 432700453 933766573 1000000000
441057497 849585567 677115369 761912016
903431360 601565436 56267295 87709004
353031376 408360747 102211564 200673508
91206651 394251027 877131201 956549557
844717048 453058439 529340666 602191739
838817910 588063548 697964673 698238740
855248609 863800020 586696543 637798113
154403278 556235566 319968765 409890589
496710419 923325204 249369147 316745789
750425341 11837539 920870611 1000000000
635145098 460149795 936016433 992969253
421015664 705103567 853350284 950801615
309024119 944794331 488981733 585328096
707992058 566280656 540697872 620381718
418439629 50120619 491284699 572806869
816051298 376881010 690032591 757465297
533688052 674926946 424161715 464645840
37150142 996734083 122659633 200028598
398502922 143337675 411466506 501954190
182816943 925854783 89789385 149697443
700306713 290600735 334174151 368056368
385736969 437470561 639539875 661712946
511312236 959851596 906556865 989819378
777961080 163245910 593248768 646903473
36591784 418227272 60105700 88032691
852213839 438675267 832964198 932708092
625377234 742914876 282194392 370452726
936249000 932952519 543902960 601665243
141060909 502122823 718532158 759757614
924084029 198713221 755165143 830799357
493156057 460663501 809614845 811281302
975616055 702918355 794752337 818604604
440628524 588338208 967609276 1000000000
394669139 783889598 324265900 343647555
147922552 899948189 40848932 51043995
