126 629
13290909 180750712 328662711 403789258
212221415 916761086 208264739 307675182
248618982 417741753 756482952 816249187
147595263 852374469 211166097 307537203
501898412 308394254 366939312 416616732
10120370 659848495 591790973 595395881
442182887 626120879 506725817 568092127
807045330 951433450 714135432 789924201
286164376 588407449 788905815 837203027
933091185 155201105 472097494 484660671
981270797 324963431 153620818 219234241
20055901 492362691 162724765 257045987
777155455 319853706 229697647 231603978
165208854 356144253 652565211 729669938
705704311 995006505 843327507 941645077
780582107 571238792 592648037 604599549
13079987 763354803 457465024 488347728
943139109 545003092 750087622 817954739
876317888 85729200 430877236 455304204
999073582 511309335 474222816 541944473
156534060 824191700 923924997 1000000000
112902697 687398568 240712120 325434657
64809145 576723825 867043905 879107977
951324869 969941351 161945000 231044477
542614395 723835540 53861044 76990963
119256403 91040045 950426811 992834853
767239422 354143799 268743140 296340353
946290728 857705591 719485288 757760114
953506195 805474712 102229919 136792867
450010302 5991269 309348433 336101154
19659389 584644304 810980642 898186311
677529492 18497047 220519090 316336186
462950182 650028604 249772121 346215591
589716880 930252528 175333949 247760834
10901687 791875374 522203529 606188902
657384302 903460524 710780640 796298108
101133972 913023524 602350669 671725806
899790714 455935619 483319547 522394778
925287811 337200133 452490736 493490524
209114140 309512193 211829404 288703708
929656172 120776146 3172286 41814502
267125159 217808114 556360351 588756446
458345384 793266366 207403848 262099731
102391822 336507539 465971347 491604765
263695732 708586253 934056264 934146880
406983706 978964250 310000491 409782794
282748150 941416305 352804146 395896440
430601808 453676725 882336618 899793930
68704042 493972373 353799780 442128162
140143946 819833075 990757764 1000000000
566173458 29862231 995915476 1000000000
24974891 415957837 826085930 859719643
109749075 458203609 74139328 127012640
911473685 213603031 476382847 478773540
609544193 320167107 843569891 854147034
134673378 152179586 685221802 702263602
414187810 628517535 992634084 1000000000
587100069 128663628 982585646 1000000000
168329278 661065678 360367892 380222048
415813061 473534635 688185964 705969896
284840213 178982862 456650934 528237641
160587681 289592339 749050074 761563620
594842645 120987343 996730833 1000000000
93397362 507591708 387958529 410782342
997187964 198590360 192013846 192738664
933175827 901694664 787868833 837685200
453127520 685029075 782793857 843578534
124732910 423194420 686181439 751759106
886620019 827740473 345973094 386847578
810998969 189079053 326954495 410535877
599952580 520452349 659858619 751628173
870623924 693787392 413365672 459342923
594751515 996684903 532535439 537726678
562741805 51901588 994056314 1000000000
222286231 714140648 381248186 439203733
98501448 581055850 377122449 419421623
989618179 301557451 822221005 881391319
61474506 212759429 76839134 128173274
532255304 506754428 937440632 1000000000
389569669 839134138 12212295 91381282
417159371 512305936 190017422 211473547
963102801 566583742 62253331 139494953
363226113 189729042 779921496 879674759
560715618 889355329 910534846 951270043
503213973 638578374 71661511 160019210
821495526 671104811 891552456 966332972
521903945 485659526 39731415 106955748
197709467 803730840 707498547 750290738
207585666 902836322 871715149 890349395
748452838 783984911 978570261 1000000000
158233081 663066726 183386857 219935337
9583765 374518696 722464680 792954412
40640902 703489108 313969762 396947859
999840261 450409794 165142132 211789987
523322436 664755862 386961310 407421991
351054286 636020754 367358352 453344432
524906837 831767782 542710572 552698798
380030638 450968018 543480824 560755637
100776610 962919400 793491352 850527120
144334308 437282241 42452559 104341308
311575360 71529950 199201696 293316556
17619339 246391899 526386340 560002477
225791336 574321450 681492900 774057524
977461152 328311292 675987934 766275479
838467450 394556766 682087824 724987720
722709111 406572245 390410312 484270077
195549220 538171224 894521296 957454067
717458942 174590339 502283671 562874385
988514760 803094077 986010013 1000000000
100267528 647464820 60633887 111933236
911190755 211062199 603594662 691943336
270150744 653415209 877728245 938757880
891438363 586250461 882603095 961599102
875132632 559620045 248982347 302424540
646059992 332337816 103066068 135563879
401265614 292134321 375808501 396476259
932689697 732334371 776474881 778781099
713426326 883576808 742370142 746472264
80922573 989184983 660612369 690001862
560327215 263657483 331755513 408864484
678758528 990974959 639544428 678984744
405797805 947502257 544728967 626094210
734386736 19098820 13217668 40775666
759139163 359648877 182578714 242613623
335977313 359360875 532217285 632077334
160920136 643767309 997874247 1000000000
893168506 361446367 217777177 261122566
69347701 554020495 429936754 464181205
105132201 88177323 326882810 354267398
702084324 114972110 761975504 786948174
606312799 520031945 990969916 1000000000
982822043 828152414 396670368 416872452
548958043 41426995 454694630 514849084
391801109 394472477 242697751 279640071
825612019 597900994 95786077 170723954
795466053 887518058 160106360 161539889
598418025 316629016 126351380 148206177
27809123 359323848 2073275 93318828
277838102 975447297 57962049 119002631
944077560 103510015 33887613 121665003
808662857 471515967 596532573 603358383
268274966 412039896 211972189 241505278
627546566 693686052 947297088 952793803
238321758 340951172 79990623 93909380
541189517 417878511 663159904 678518538
79086508 739868904 46258183 128489668
226490446 689316770 203829894 208219499
540796236 96093066 493223559 579258268
495119144 987551433 74635289 117217436
200118202 26619428 515727494 567814294
315255489 767624215 578013303 629704909
157902060 368396358 396454833 481371961
659450513 485512626 534428143 548872867
798973803 230133230 219087438 284970968
665380564 118421237 356305778 400018907
634215863 536317094 260248268 263116615
854145132 244415321 855321783 931114307
184085425 624339420 16547052 88265182
518952556 291735113 436960584 532988845
944372291 505392958 396826989 452204104
193744968 529559043 797972530 855801044
314948753 539973618 372591934 465813174
849208055 347807278 631191494 677805223
469181654 508091322 591897546 675622915
310256364 297373344 559337974 586501150
651511652 38445218 519671979 527751834
840675231 440736329 915037065 949901636
625079248 752696807 24550051 51448265
610684772 953235836 427440395 512967066
83375268 843666651 5521910 89824625
393243065 118917439 435974602 442545197
401987773 925490930 618357875 645384657
188053749 154418844 255149206 340300201
884188642 881155753 728625682 782083619
343251335 753140503 308567111 327679599
176719399 72072329 955721237 972400566
193774223 170649084 280106710 289131721
264793952 644248606 168233995 245036367
146704857 129926837 427976326 445525798
255468373 327402847 579331588 614824464
106593228 155787505 52511948 106114805
184822060 763583649 757147780 811596155
442002007 435664239 485893276 505352082
546969430 636626582 905597828 999855414
306382156 73011771 727279781 754182305
210776853 848461783 377917417 403362123
719876995 934924743 77590321 145437291
880500543 841507233 272801801 288835634
853249348 607149255 778699357 809182677
832410170 136489675 247154079 303342505
578244168 782668653 880958857 975192365
408937241 995541556 236157656 250174428
380228556 334336037 682923499 692867979
683045388 283448408 550629178 572514653
851246852 241018586 588274457 651450325
558474288 957607974 231265133 284734054
870069280 626795205 801914507 875377997
321333164 824506306 296706075 383529774
718454630 375271652 660873394 714538502
23570505 366082806 161604168 225179564
961619956 916455151 979102277 1000000000
930427909 391623980 596716420 691888455
631999730 223190602 136259435 149698990
656554306 602640983 991163598 1000000000
978976334 951541174 744881679 816220341
241933046 948911506 375314705 423453140
639709078 395342816 836282004 920881517
677467777 734273578 862733955 919947976
46797046 325238084 748605748 812973321
655968069 383297818 318788762 338003406
990182462 40263464 388290103 458009522
36400176 491672854 695722587 713859072
807081360 506777792 152919235 183119323
100576591 111499173 985425189 1000000000
654085799 701164861 500027093 566575471
507813173 588853319 77866788 160910689
207388378 217617144 76517409 84383617
969448821 350782436 208949504 279793643
314706456 909676592 858414122 930173910
554232049 897226806 164551353 255621487
104061016 970915564 404354620 458586597
281747862 28866073 233639180 305204877
101955576 93669503 151050103 223914686
175185154 510482429 683400849 711427810
365206457 697027434 286688937 346233463
264280592 51164749 954802744 968553049
627399229 152377137 343769721 406197144
97510101 434754748 753023500 812550671
614040403 308017619 913636744 956335638
812247605 485809050 87422738 183364822
256359422 695393325 922656847 993390692
27593820 727842065 786685651 843406744
179362941 61641282 648271902 652452382
459762586 70008786 766224255 817878497
925624793 849301051 47880722 102887657
622771178 937174570 64813915 137965673
903276138 415098030 304602072 389709430
237637584 692527143 653194782 738662483
770773626 17895339 729955848 730572503
304437437 528791957 951407182 1000000000
699474217 919209083 633605541 679383519
162309709 913307827 576746032 594119437
882130738 654299143 166985408 235237180
324072238 169708432 836943791 931737768
108574704 371136323 59688451 149904358
930952480 700459761 742094993 840656351
212354215 884566672 963591964 1000000000
778473909 996877725 557128067 572576436
286110959 821959166 558276239 647631099
83887305 692958202 592381844 650611022
806237658 319589393 627122212 709685640
667045267 800195091 606927939 698419794
737559031 981430492 163642257 223703257
699722232 537630978 239833117 247412220
106400144 178032787 596032657 663558941
871391578 41773085 371536803 431673459
614751868 332015694 700841077 800053067
310715287 137423315 821389426 907580783
704877274 733221000 321567355 323847819
462725989 255012463 15224137 93441718
62858731 366062678 340508638 435865569
697742058 34942160 797647133 830373436
873389821 601000880 936799372 963592441
644786378 759452672 207036091 251192399
825562636 208056804 93213519 97177070
33472393 880564408 118349015 159151326
404406765 809135351 340499664 377092175
952113705 283099523 67837873 128462317
76598206 974948775 403406184 449148150
242961788 499506869 866712656 884001017
788593443 630525227 9750483 62769377
369435786 913863830 340124217 406380081
688323014 488082448 543021959 629270263
840178293 373602549 930993417 1000000000
114387757 538017238 909700193 1000000000
367947495 464662958 947846303 1000000000
758180971 971791142 87121943 170742273
945931138 395092044 156331321 228395352
353024794 919620659 809404765 844502102
382053504 656879003 853729771 885875829
41121351 360064086 695704491 724545680
807454091 987671977 98132174 144229013
316121257 968678694 112237756 184553523
945436941 147670624 841745879 890438757
594881498 344334861 274920543 310969635
465522323 473195926 568259237 582670021
417272691 361528887 219468882 311431301
895337928 966484555 325302239 396357032
186649510 366599797 39814973 75650034
971663135 911266112 293206998 329515179
123069475 455270633 323418503 376609642
184102602 39174957 178757502 203839876
578994568 984186962 136233487 235623970
902479942 42714164 374487847 434150553
916754825 270663017 548369738 615341951
821098987 782800079 291912081 333820521
888620214 554651308 351083218 407984149
693802498 770594169 925805372 967068354
544101117 431548911 677672343 686567317
70165708 93677407 818273219 829909595
785740120 537878585 179559052 247411594
265030188 705228635 891291972 957153816
43903182 241644427 709255270 806602279
176367278 667297015 99577725 170322089
410779222 681333864 61646932 68825528
199762664 275478019 91699443 121374124
267922997 864811644 175321287 261167992
628579347 298242413 892615901 927926771
802610010 325842968 781287970 820803173
687121005 548524002 708876982 744231062
75092333 308317839 429672568 434225449
447812380 515950284 279834109 289221386
865624768 579236900 950812899 967947103
170776727 793288691 75707969 154430712
394378114 411082625 841994783 927626589
807011901 761143191 509311532 576274018
243702820 999311793 316544881 391629869
391504582 393303921 637419623 651145974
120944720 464329866 560737488 575782492
933260142 696996341 495780893 554414008
764980803 741095110 926245649 971861729
642025261 707463796 740670784 768061915
818126383 177354079 728734158 761411876
763275425 956396019 795785675 809523250
670573657 432098981 743476517 807276853
546422446 807279959 655661811 692193834
594316943 905289735 355725365 415044774
810879741 519151936 766044656 800871041
222597094 410746146 736312337 832675831
352006590 897181833 788625388 850037614
697417215 933096570 313786097 385180741
828859416 888564286 782541517 808021661
328218456 756752388 750416369 771384015
717889200 861358010 231425230 316444295
802470188 770994988 147543371 201746032
454081446 870310274 992766424 1000000000
838449047 560576763 983493133 994165326
412260833 667833852 854572212 896701211
746316010 185033156 945961778 968003905
280402391 815542282 294672917 339235125
863565603 653272392 729300843 828976255
857949631 88492734 800375546 861946792
69444977 943019031 516572972 549144372
118115757 690437129 333267462 424803851
654837517 853744988 979139527 1000000000
664757793 349927636 790157139 806668274
412776334 224827278 614072003 627434382
943204678 512368521 173981026 206901631
941883620 82921738 203955077 214202300
40497270 79927392 673543563 694052715
840993009 41434605 701106596 764450717
740280777 744161242 571763849 644242064
389775663 984036832 268107389 353166811
170187351 421867936 837920758 879360513
824447458 927420662 545191190 552669709
817533913 409468541 516759034 590680599
543650849 987352523 62413026 98607632
396196708 746001840 176799302 263068704
275349817 388440505 407166706 498032246
734739654 81110830 65309117 118730337
645838700 857249272 322244745 357146259
966537831 65914850 864812723 921182732
331502761 966960005 31644098 130521722
572174662 267005226 434655524 502892425
921964779 935858351 964634172 1000000000
750088714 234661509 386055055 448824478
131047986 555883228 646662562 712372944
952637535 893759961 203277111 300183063
837439717 339415344 390642148 479746105
957442059 718537888 807190029 869112229
394640919 219756059 416200884 430876505
596124858 355555173 682123307 684026700
522007423 788751068 775931965 784253226
515626333 183846434 686150426 776397375
776775724 834753284 625493859 687651599
288679130 585475670 577112249 663220875
498606848 446527678 364050231 368096392
761344425 67708575 264944340 312279524
489799350 128995707 187538829 261275248
410084029 717500853 110565471 118936816
35639096 570137905 201006327 208348625
638762878 975634997 532610049 574674800
855855931 348194326 947930854 992510481
250523092 6339796 689157736 736850048
581622846 509188127 921374515 981838604
253915519 392659413 337869047 342124531
70108946 532856337 940637689 1000000000
21517888 317981790 481530263 520837456
96458297 6974590 326135810 362522244
376159368 195265794 762236806 806933487
623088453 298786797 840419205 893824954
552019802 648783295 786358270 828624334
70193085 686190875 338114855 435706375
232184162 670247812 133868188 221817904
141722531 555190851 38138540 117550885
800532154 308239898 465369978 497172021
973537621 463549869 515363771 609879998
607746037 489789802 344923452 442926897
851661745 544201710 518040840 583421030
719100026 79670831 396040951 398221986
737620806 447579139 928741045 996115474
562592400 269009464 639211605 651275933
190949216 918087397 657046801 657444756
361603540 96882299 964447018 1000000000
430235270 216636174 134094796 178201404
167436327 718926827 744380256 839313336
681064442 902811046 208105631 243112540
420286237 488529899 885244709 918771013
747205082 526102715 810912298 840432638
25481811 528481096 237988037 320498460
953374184 355472192 667785329 759541625
291055093 76073343 232340471 275521875
469045610 985861332 923290728 944204168
762653969 59956572 133788425 224121502
83671196 31243870 266177746 315222880
462415836 910442804 173361956 236090520
467320557 574735577 542158660 549229155
791710128 644863309 841318660 912161828
203714549 220846271 844812032 928159950
433987492 351506113 258153689 268640233
654337685 424568699 372416512 390280977
215183260 467019887 21739859 33626849
859727490 807906695 920229194 934468159
494846888 506813016 126391972 191997412
517723164 873617228 689882049 712036797
333239824 301265516 74378939 161292609
669666168 454708757 40082986 99645896
812237916 175618742 521970140 544867923
269528658 546536153 576137058 655672049
486448114 891757190 616278343 682828369
70268503 758413561 789055943 799800727
421497067 823319273 759408453 783437465
102658294 21825003 156475912 163636451
314011497 963762051 185344405 259652761
634464890 314354612 981088199 1000000000
320172507 263619683 17679769 65915399
25309163 961126039 352632918 410302911
237113450 295055989 373984270 428559657
48837600 110914744 296045813 354618148
89122124 22537350 991335891 1000000000
731117854 461073340 413362741 413975112
48228416 130852083 326851512 327236002
664117597 342373551 354132312 416228061
719444686 380550678 588715221 595111125
726481512 817325742 489742513 506217059
537764826 250960535 896834527 947138995
373169378 585389151 206348915 264538403
763598035 989842840 201467472 294093501
775514205 119349767 118490361 196832192
37446056 960655164 391651358 467849953
612707584 640178318 640599514 673165053
797311159 598045138 828119138 885456074
929493795 892413857 224526066 307443400
269812983 545701422 682703668 759991491
653024101 154751862 962049582 1000000000
85132862 325088733 918641301 927111560
331263610 492378576 611836356 649173950
959987096 759873633 727323809 807115775
465248280 541921758 443108653 526486159
720787793 777177902 715440786 802584338
414231187 649539273 167074126 226331526
911939546 709008426 67595035 74575878
971026073 679742815 917905243 935710923
851092438 460646106 146264053 204063087
265741640 27424774 180909256 277136695
996667590 960554167 283194660 377899541
417216715 923428047 506783664 519864802
312614119 687019913 820466698 849034694
220536779 546421423 500267139 536979219
131692257 464595723 842558846 908145437
612604192 64459399 750931330 754629814
644628634 262054644 405771845 503941293
178226545 551985039 396267232 442367154
951565999 554889033 188481675 208429246
968723557 58587016 828974442 882246512
362833352 189418502 831391534 849368198
914084027 419461102 834321062 847124098
142919524 848101914 376355355 464060827
946031271 308027254 901687850 932237420
157364597 739932357 611269173 667178049
987038240 631091690 349067613 386819670
944001904 159260961 376689475 400229724
733191609 372640219 831222177 925854735
617835747 457026463 846025267 923313910
249101272 744713924 966873390 981546457
549248935 897679788 460180267 553314473
198443147 818050261 617741007 710475434
877686169 228448375 914097007 952505653
804261366 582450768 275469663 282578166
461785650 155226942 977046577 1000000000
876329843 223938867 901495017 959686831
542147473 767360413 773243241 852681136
211843387 704326010 504785282 514614415
723474806 18065546 545518340 557380867
872483942 541037820 185036474 196653237
832276360 88069757 878050589 923859831
698133551 440309433 599601907 696270941
189841869 826051910 737094104 798223651
517757826 735559270 863329406 952577578
832222475 717531860 873809260 969876726
564608910 985847378 109061871 149458266
216230931 221104096 328988976 355677264
494382750 333090504 714348490 753252630
286093963 871566924 793521721 877306398
26020691 10575907 466225050 492308914
635108351 788149830 595188652 676008357
418751768 463051802 931143446 934725232
501846407 336409479 751459661 839671626
448981407 275264406 611081997 625443695
32788651 93428437 799491365 886011740
104869930 138353251 250904265 259767297
667951831 138456564 120278335 172227000
376941856 413171610 770130302 777713476
490778433 858216717 796250217 890461391
495377914 2501106 191128153 253388121
671806631 411919161 178119354 234024888
453569240 883124721 1111898 3308523
597120351 554231415 943926340 1000000000
273675333 331541667 596497413 604775094
533109777 593381888 734005261 818146963
588747674 935205040 972659086 1000000000
857956502 24449373 537166607 555796966
505289966 662730518 214540486 237116617
138439018 883114506 997971994 1000000000
461461358 137017618 181208067 182746862
798552932 60907822 229318473 252424870
853364822 152222181 413462032 494923650
604051502 66795202 74476944 113211006
867851204 124619718 536393530 563899539
377325326 892978647 117822825 137686439
173508210 94160531 442733493 452938302
333820720 360903370 214999468 220431558
630756954 525617730 373126287 382483025
573757674 53162141 51644331 131614341
982340540 902922515 557523740 566621680
662877042 282663912 514119253 579402935
174724217 958713384 320694373 417995255
309813789 86316512 784099575 792488400
218045647 966660385 481521709 501461345
2274828 918352946 718607683 728624776
497641837 267451977 879718113 917607173
49283853 247731892 589215394 604881133
3942398 419363756 894974159 936380541
314500773 126344406 116049184 136115360
73089770 62668462 649354356 679808534
901766287 405435110 537032209 597060321
609988256 716713906 796195952 892444347
893999971 830600275 706970584 767395120
122946934 406828640 157826612 221120543
188337003 585327136 171281104 258768589
192018082 977523543 721073503 793834013
249096108 231778633 797043088 813737434
752446445 860630355 48374115 89040441
294410611 293856482 166430818 186615582
421431905 886134222 135811697 153366428
912738421 430173342 245803515 270934464
305790693 538778773 653005837 709706325
940564107 945385467 296918873 315348430
917707123 324547677 145353779 145958894
643399303 730776188 553198324 614124646
608529956 917260595 124413106 176394786
612912748 758424184 506654164 536432512
602899733 827098450 369891669 436258350
215937152 30082516 552896965 650542978
480729195 826405698 233060118 278349467
785659375 515848736 125234202 140147075
972231565 421672187 128202074 136667368
876542923 461829518 322531742 391139988
800794623 509233650 830433389 849212668
335884350 72677910 120361546 167744153
180758319 887102251 851428669 938504312
623706673 359023586 189295001 214321291
784148210 928718391 547254697 638449039
706860182 292680583 593903648 677771651
767179621 599926719 398516050 414032797
504996470 523312831 275379783 302177032
726813945 636665283 188544605 208014993
865305476 383253843 980065256 1000000000
233696914 279275242 507355585 531402726
607117488 300713130 992255962 997533903
939442156 476901348 470391146 527645433
124137951 754936847 178106692 262816889
923661440 247362930 164776749 173433890
314151039 381367523 429883525 526557363
536786139 344757171 346305128 415852689
863817376 599777179 414558604 419248133
397460557 234764266 215884102 291424520
420376015 795676577 320071861 410530623
483994874 729533861 998211971 1000000000
676720068 977655343 839650884 853061154
331885679 52543480 538585626 567316953
673007112 338706973 882941795 945126325
569956161 226794422 492534767 567983718
280457416 789226889 995972429 1000000000
934080986 126289916 792327113 832269867
706998139 869960809 244127784 285806326
768044494 785498564 308155650 318171118
875060085 426612862 340321772 348625967
615069849 151028539 261510459 299406307
817651082 24504192 224956925 314511832
506313649 515777541 623110882 693066006
64787972 158803004 135732057 182442523
195994844 939008097 894424634 910418806
87263340 367646158 782619002 804062441
815023350 12031143 320229491 398191293
515530783 840650531 737312899 776631328
420126952 263330640 27624232 37399114
200208003 833476400 822047159 868486516
249206958 300954542 865655210 944089089
369924636 144315433 577057598 642936360
751600065 64151124 951897701 1000000000
126428140 145498677 311192815 395648770
701540761 777262695 591170846 627939354
248514150 496419728 846597332 919399799
629853751 590303164 488423953 585181737
976780383 57920311 624509154 709387080
333168098 436517099 17995990 81984429
821516010 668144422 650701139 693242584
74894100 860148853 910551533 954947798
219823587 368202640 935413012 955941355
7753218 191914313 134329608 191359781
230469936 541381847 900253650 998703707
589869819 511352893 324641522 387602952
458159068 54406285 401776645 481640752
592364297 102800084 646647354 691204111
150083438 379556923 137159395 209153006
330744301 580820992 192791551 201048718
452845622 956183117 907772494 960987400
707027938 372528229 687128184 705405925
