201 1115
224514834 416736149 782853787 852764730
60225800 416840530 789354414 882561441
70513573 970681260 14036284 102941199
682225422 304350680 863959786 959935091
784826030 301300365 499741935 536473713
588244021 475114033 869709093 924482486
758822983 662805725 651700783 663660007
958591978 622970697 874458644 918136738
363798124 71847156 721527810 818769939
352094038 270712639 928370715 972438101
345464969 952967774 405864998 432438636
441471643 99302640 991141377 1000000000
645640178 613812813 409059468 448866711
114088745 571374215 937237743 969758571
64647717 536978484 473591069 559636102
758672777 24478600 207634675 297255519
854234575 789714676 868753137 934854924
550819552 661043161 875847584 952585383
116004159 597197943 76488129 163316632
763455940 659398328 960772294 977821121
7466839 790893911 213839304 258620081
775626585 785940377 544171899 555638793
44571593 237400338 972511825 1000000000
426825818 509735387 760326602 796990140
133375373 116385025 592450859 682354730
332468419 960135701 319775333 390909738
641884883 818169902 584699178 620862404
923945119 840067522 878196536 974260443
637289486 184847046 957581479 1000000000
534552586 548595163 609227111 654610705
330769698 867198198 666481243 744066267
138797180 447602195 950054203 973348581
732705185 604782513 381191073 417323441
759188962 448631638 376560636 385633979
487973196 643958437 185190737 242739982
845983188 190266625 306427759 392859375
711371906 654969984 925855908 964715788
594602602 101352527 730299706 775468874
197452682 840098542 123447962 174236521
156413545 463443411 90610432 157331941
12372914 915855798 667237057 713055815
361238059 433493372 800517553 865688039
901486748 70237473 765699060 840049522
350868899 870339384 849357989 934358330
864136766 721932940 567698770 624115153
406230046 223630612 92655537 129503401
515259229 330179968 767845212 818345499
405506455 780373236 395348954 417531780
5980456 961891396 780612049 865230033
86723338 344670233 333337534 352841598
735991063 41545305 46003923 134923573
496595210 96213199 811623727 837914453
660524799 731719028 729155067 794455356
790816748 726985638 557834457 572941849
966194762 592546875 305555395 323552742
367629036 374184498 626600604 688019628
551119799 380290893 350738965 371361301
328821219 71242777 239162240 329200593
256636703 427624824 515496846 589741738
432459902 163518025 485735852 524734270
291778633 777520508 304718052 402460915
674801478 372979671 10163255 73761384
586443752 456132258 393787199 444986988
803668497 662562602 815960242 912594348
340494769 354315556 299159380 319531839
581059778 684177526 689167449 755812299
770796305 194139916 815797186 856042360
850825428 180255185 999131078 1000000000
443559240 486857496 964888354 1000000000
406215927 19775968 34114864 92944424
529883863 47021857 45689980 125565010
842346329 285706604 944552120 999311963
165874163 687750044 502774249 598749828
248647566 521177914 509376017 532921458
984038960 656296730 518776124 528940591
750514252 451134425 384582053 408126029
820107139 678228469 295332360 349277922
858211309 926598624 616167298 629273793
210750777 250287028 366412396 389749807
892305673 533253065 682002555 716094895
334795978 858729553 4257709 37430607
164827922 361902629 979470641 987821229
915625163 588465697 306466391 383285148
511882130 270673894 334448469 354505035
750545830 681861757 119232362 160225169
347854849 906957339 900789011 975094655
190593663 101077902 247615748 256310466
187580653 225587854 54534246 114302695
388086942 10695476 898798541 926443291
808134169 773314610 212992484 267766636
603265713 253574499 300364989 371192952
115471382 548243654 538141957 568877653
448315701 268495359 47676297 128449089
405278130 374953631 570329689 627089610
722131043 606932661 982874724 1000000000
779437158 286394730 949715857 998798170
830691094 758174741 433750952 440009778
557431944 602518039 568331208 612638245
151893026 828096895 471937052 535427481
38324091 506697226 552316114 558620807
318795897 936497872 598748215 645281138
311863773 340782746 666638852 701935081
118597371 273060847 137873080 193936453
852213054 30126049 777670713 782812101
408187595 461234362 419179639 421066355
258054904 436734559 490178627 507601282
530109322 91303476 555673882 601818687
847995217 564480299 778688408 827569916
159447867 466664636 704567175 765174973
308727393 62490340 358330890 393674987
591526727 409226600 957786259 996815278
848610554 804467282 593730001 662041883
757460649 353625412 281729803 313192109
416464680 270120016 643207301 647040570
668106374 587046571 241479303 253739001
180900691 109121848 65088748 118271640
989416445 729380610 747385562 813454329
669862843 565015521 424730424 517764454
936380578 932303411 780914092 863790747
638894549 608436317 518911132 582160053
194060392 889403103 831209598 856630337
572784743 700904855 672045132 718106567
395634670 184818370 738234635 832656315
244618320 354434013 917751127 986586211
427044883 92403202 320043400 399920786
589826130 369546934 859378952 905494407
307220524 661517972 547339103 600157604
602850625 279263455 306903654 384527162
749856870 216433980 1073389 21243105
658333621 475235874 573144150 655460351
666847120 591418576 86616475 168917212
993297362 805835079 244414555 269177721
808815829 64322931 33730152 106500177
285641898 433858114 13723084 95636496
326198374 749232780 985561982 1000000000
968539776 154243013 474386677 529854484
832644519 437953174 470688040 495955110
508506701 678396318 917272410 957560951
475793195 719651596 399546444 440669625
925840285 408138604 38325874 46400019
211315058 152259184 311900817 360889969
231292984 260597759 242388917 320728360
221382289 151268458 727624132 753648258
147750388 734358115 199522806 279347208
718934185 390454001 653563 91991581
848771268 711018791 532802140 632370031
228792947 193084168 178804411 266772621
975841736 861873442 765479375 783583208
432692385 923049936 728934621 758831104
763260436 198983351 103828025 202951675
654688170 228317557 551058744 622712637
44996688 19605175 974110736 1000000000
794086680 982614096 330691628 373461145
528882482 826703033 919071366 975607577
730500329 580655625 173015454 218525444
228169487 310472240 343893434 420004858
469709384 410764015 68773456 168342285
203117455 612325201 183532016 205723447
33062687 211299693 946013868 1000000000
434987687 813277264 298364800 368685544
389538681 980496630 484010019 548782462
121965068 442293459 174962114 262061318
812683577 114577695 922392889 984699566
701278276 153091444 340608369 405362211
979544921 535220492 820741714 877152444
904981856 937064177 537594943 585214617
967763136 272864930 731503887 760041801
967210218 755803952 396433599 469855957
710400016 270095361 95849499 110653882
79476355 255726173 803541099 841879566
825030139 675213788 622076218 647862703
616403810 237546437 825420483 896305214
465666805 43048672 235195849 305808171
491877584 87725789 460117 1522619
837388724 6858699 744924600 788486022
402889008 943436472 136204009 227199612
354164290 13791148 994725434 1000000000
711633555 759333157 757607093 844507409
736007418 892834518 685173291 690234983
723432524 750486725 422332377 507513027
820502140 658850641 824056965 919159120
186324255 292582136 745988137 827831514
598942602 955156032 186546613 202953728
379967661 351452876 114222111 208214200
532050026 385157792 649347380 671778967
240739016 52394399 848672606 909367133
194137823 456329469 316624363 326593946
781238132 121840283 853853426 942299699
205756283 298761165 939545662 974974581
915732726 27436109 561443216 644451810
329847423 296056386 196579947 248653952
496734349 733213077 140771313 191679149
804775172 14023711 475442880 531773325
972080343 681102944 230848656 241647536
952039154 551364105 2392636 69489255
609809335 387286001 892931328 928566260
582473596 466584728 158119656 254748508
732631479 686731122 576665834 624413971
819497661 757446198 266830086 317823113
953714521 562410114 685515363 754169344
37023300 507725499 170973808 260522720
144047395 55757386 570693281 588814288
152216940 33383787 330672307 390018425
432852555 306039855 252116298 339417848
336755590 951362886 467273278 502520523
758589426 559008340 95483199 177697161
380735362 578159351 969663325 1000000000
690687510 326227402 584345470 592112061
771813639 9224029 27166841 111269223
676347481 830916929 390010539 457665963
992345106 367990332 705296241 716344282
409490177 101472961 372406867 453660985
29526167 967724102 70250077 138278921
168953012 182950299 977494080 985225962
631769724 139967965 319358349 372300528
138449504 969694743 623169659 639760728
999178007 849269574 957095121 1000000000
615600233 593595197 559342405 626914725
800923436 628333746 528949939 614284161
975762767 144436099 201697421 225581825
511562955 634548240 720276348 774384993
449572421 695587335 208453052 216626585
568989510 750659397 531867737 593167432
681096819 695983488 142582231 192348723
17505147 915971331 358204059 454848369
318260810 249137688 717080159 810332098
628637392 33853826 256118769 319204379
95260952 89568982 687488672 742107918
383804388 489439647 283609916 355438647
587965906 67956843 356159428 450593642
440652222 976246064 27491413 40519391
500889415 685494509 763126068 839913380
655447726 332409093 434185486 496276091
493640577 993528845 759796793 826850008
879714265 389158091 553968738 599411620
987074880 108626834 606682921 657806045
381944331 503496181 80793708 179191638
867482445 877538976 703909583 773605859
641372771 773189011 77646173 101496972
367704790 228824071 597304648 620410738
267109423 374726923 904218202 974558534
475536505 539145854 743923542 843111844
631216798 192903090 722582400 723359861
844609157 120162539 885077844 910746665
170803689 500006723 15267118 89784509
673669296 159704273 90667552 110823607
818897 453585234 322796906 371714167
529621467 22365022 225465948 226216256
436749827 119071535 708217368 793250024
770854755 689835436 948562929 1000000000
512997968 821776165 452913280 456957558
655088724 730120494 927297128 946711917
449670609 584222951 467619437 565143337
42781515 262379503 812962015 901399401
264985392 24544983 662461337 667634252
694815832 579064037 365980628 379368377
260416551 786529211 808614370 885717814
577906507 773606174 508856075 587770135
214003776 383568666 265858004 277560034
839164254 268516868 967676403 984819282
53093848 862566218 22533907 32104729
966794323 178521769 357244498 431200017
453456575 115152082 440911981 527378504
522724879 72859931 320207770 405107174
544335451 785447863 266243718 306329649
266266022 554999033 324549001 369649604
458068045 480273525 528701177 582776269
29056364 224132838 304600990 327652616
133302099 307846696 599380406 610543780
255633639 272046856 549876732 622828923
198794727 477284763 628142247 637619183
866364977 439138317 445636194 461033630
186388614 732782486 20102984 39251776
826688908 206972310 201849931 289904980
774557434 195899095 272063555 302727974
542263875 932587308 577724242 665354794
184266503 132428302 586037305 642885438
661577581 836697247 830762814 860953180
185115952 752692466 637316953 707692814
763836773 568480934 589739338 664150961
907892651 422533741 484757379 490635460
583764753 932462290 678820203 761239793
309938858 706760400 612489326 684444048
265703076 773403516 612463519 649320752
656497371 832750415 305787787 346884872
897944782 940141423 166010298 225578173
893169744 265033655 377703990 456352885
111408939 316816277 723695506 727133764
969265444 326405458 138165364 208585460
660880071 464333224 663724985 704342478
902642410 160011991 518160926 569103029
335924184 72275609 79871911 155913394
46119980 802332606 339948083 421140369
826313519 528355110 528097157 599125442
297440871 185172394 48401897 128585194
359550707 145801404 870190319 952143491
712393082 518958151 956349236 981275344
151348790 652955471 471829951 535632409
549492918 198128250 473190284 487450819
505175938 76487044 606109710 700776960
21625406 937248114 690689321 725901627
622835584 269875979 855569962 903549863
93216890 571052564 728456751 770356462
842515865 888116097 102381090 187870940
442627452 588859954 601717435 610353838
272470703 100647801 556195853 603200195
555194830 832956703 887219673 905435312
809740642 351647843 906389660 918386598
368879903 898454929 985856106 1000000000
890760728 340514870 192786790 270505542
325034142 17455952 115718473 121115708
605290862 839569662 297774744 369399455
319035428 836745137 127568819 170613749
774230281 786164326 495318808 519142722
308932720 567202928 30991075 55793312
830528763 467273960 991276315 1000000000
269254009 901823561 930748733 986038347
638793978 259801840 655285698 752099086
940295104 311556803 890440070 969214595
482885247 766545816 418806205 435122001
874310595 281636274 450030718 483494002
49115304 841696493 66057986 159338386
199517330 956523727 190229816 190587635
530786529 392138184 170949617 224901703
64977373 976069542 658269883 746842435
749907194 331913388 777820025 793939089
667475746 614143001 387111229 443551867
544005674 709199854 437507980 495888507
746714740 524537585 587753757 641522786
106280308 610536878 54635997 124019558
714496647 930678324 197955257 233782320
581820701 361334648 836472668 876015051
348271949 636238614 151802009 175413144
638838796 369478949 941248999 990198634
730116410 728392282 808576119 862141018
878081246 84843417 283673148 327665613
194040401 664617869 318836800 378272898
661507337 965112109 316901119 364937393
158383402 986998159 580662253 600365577
249242015 632913353 209766295 305631250
80526204 349515510 36866836 111397367
894063126 220418154 329545098 332110186
331837864 443874650 705794044 795655865
849056784 384221381 639990743 737647881
789424248 474311952 661185931 726313618
259883447 277053623 390885292 434770449
966170506 167977227 709278100 758301750
106497067 146723435 522092973 609993737
745869330 476896891 878385872 929812478
715414154 334279695 477526021 482956080
806297309 575739194 642015672 734923346
903589244 641234349 44476794 103062500
252756928 619691453 830056336 864932186
210947954 15458115 765476080 827325543
582095455 625991287 956589549 1000000000
411934062 180125771 630472676 666235738
126319514 314953223 597296466 690847826
315945332 5818899 366133536 369452438
436679948 902654480 638062702 639284585
43763782 263707383 908648162 909043002
606041384 416725715 157919530 228366339
317792331 304131789 428846137 477140431
158402893 879695931 346843089 347417605
55631937 131107476 502582780 568550469
579283065 583335796 152362550 239391323
694084257 364564876 32695529 79361466
142102252 961387500 259657724 311247589
349574603 836771898 598319731 635242753
104386189 460535040 652283697 673595849
363073486 473557279 962292227 1000000000
439117930 758413015 911995878 994192408
780702355 151510920 307525426 370851448
814466612 271151031 795445776 804057947
287165395 501619000 143232254 192279445
571501434 134906354 955803844 1000000000
386438999 81550275 698218237 765973477
317090967 481408690 10280936 105505498
492747618 790245773 345576210 371709737
897281062 356760141 713606136 799064951
848759131 986538630 520995081 583596926
37282532 726816102 734020462 816805678
765979323 870743154 907450074 997859733
548993288 389912073 149523519 230429634
140433461 640055947 874592583 900630437
907061574 558808925 835573619 902992245
442006878 897761226 817723002 896271350
452820701 968596898 434199465 501117503
861606065 342616562 389661681 465845261
562011934 770447617 255422734 355386389
413971771 936204369 498162635 529950852
244401950 485624950 150652877 150789267
202694824 212989461 423563377 464977749
216951695 532478341 428404603 499882336
521815003 508771713 738910049 835171952
419678588 398045313 583960180 657165182
273177446 746798052 373497014 440686856
740431433 900440335 376636303 469835711
691782951 961929150 293967417 380349315
970278987 343688448 833085259 929366447
849335902 658821668 579592878 637207237
526589852 98031873 95190416 180053892
346680699 315787124 796255030 874050541
9138381 933328856 324260474 383827099
534324628 172598384 76766857 145089685
113432225 996014946 584767364 668577930
228102668 531530460 673128857 682259148
319035342 781364872 31121871 100378405
398966794 271262044 98222064 128466151
283169019 907087804 648893847 669877028
257697042 836271331 93747422 137100400
397329860 87917565 631339896 632453827
162388895 623153956 49456082 111461945
171135225 755738652 795541519 801389877
787631595 183316408 343235644 356850176
190640327 425937785 320893736 416765068
122310424 193013010 874464135 963986543
620083003 33791742 305674494 321158275
105534842 547186660 237792065 243303770
934882119 643939250 939203823 942800856
255415185 146921756 546503693 568382242
722944654 203689650 510748411 590089402
313071030 658064960 225868807 257071554
617623921 324694019 926621262 960068380
175913319 446244389 882210681 918647974
313989099 183863943 260275721 305680342
326183541 250148762 225938526 281329466
341025108 714964241 22359971 104573379
885199253 2022225 57951224 63587582
264270867 770649029 315896185 371844613
381118580 254752627 778703429 780314077
813667666 819716322 203588002 246511955
857954873 249117598 745869167 796921336
528115263 559234381 967643917 1000000000
273367356 510146203 939673576 969793995
6253156 42725448 213004042 256066712
153461660 687090461 684229436 717310612
426474822 783241258 972411679 998046301
172865783 129415102 182807912 236491855
940476887 476989608 691688924 737388762
812737244 388765388 692628430 711487797
112255105 333997709 222334791 231176269
956245328 254532767 413256880 502636674
133727532 886588224 246660710 247208538
264077265 956403973 620602511 713748377
108074416 722146510 110348964 156754943
382469239 46323110 463890617 525629255
669922203 66272361 593532117 626568798
676932746 951122541 955537266 996349490
450881345 99764592 938790988 979914738
139842299 965097508 923292524 960294071
967585645 861107426 412506378 464238031
231039922 803726412 513068632 582067929
731675270 101550170 245491743 327117671
49078131 609842947 58687165 136750398
957165886 633368489 8219957 63013051
505322769 305052597 137677262 176706482
441270408 250635213 865097076 946010942
383156323 812690809 435808376 479324439
886572770 245419812 964195463 1000000000
328990774 182334018 733930070 803111279
321573311 110742680 602821970 615929838
966189063 720975673 762185446 835309026
431966390 301913287 267298857 302221336
382111858 476674410 784474815 870112820
93110327 432611941 248534848 329251746
64222539 164742049 638976922 693077106
242676405 360341789 242008355 251481877
401262738 406062635 50278074 60266618
654138998 193708494 599982937 655038187
453721881 802452038 15064213 47858985
746160597 641689662 982926990 995781881
36714136 482609265 521992530 533434918
470595424 425060558 366730143 461476287
75261738 147989898 820793746 854782469
786742127 912252504 58423495 132544758
434936164 556269854 301477114 379296032
951206688 770087324 311048630 376414942
407302780 975649248 338744956 353344372
220725770 822406725 131818109 161243958
229785001 65401140 879447704 973369223
567820157 455699765 354586847 442279866
514898824 177496344 498498307 579112088
430193027 303436918 108062113 204706078
469201155 339950782 322032204 418995267
635523320 749588848 745292381 748640208
418029259 826427064 256222982 313607577
913046570 576761917 706233753 804177123
145204323 669866771 210199078 221745341
687883590 487115274 747350125 797695167
163734000 279679632 707147689 742249034
32597090 340328675 561358742 564846439
344961240 583766592 678434836 732257531
967651070 800381092 935336090 974942673
756485615 377206095 388754102 409343012
665217553 660847034 527822276 591220560
954590113 704557900 22410864 32747781
660897167 805402496 558053077 654644335
157016180 433798783 61246767 153655232
696826999 380778204 39816602 129584168
940091877 986870481 357477430 424480194
699488223 575581740 244340957 342039404
608926938 392426866 235721278 253162509
565896401 782453223 405547465 433416055
189337373 28410696 992399467 998402497
200698272 833268647 348042267 385349443
8951518 475300666 813908755 816374133
444585656 76348998 599624405 610244610
575897587 813843067 848649581 862953129
103942629 930678176 309213782 326730175
61436398 376819391 811752513 901888279
833957563 216059310 896607887 907743325
897418688 283763132 220263398 302036129
764078384 341435029 941092651 982672902
847835578 392754968 239763022 337030422
585489003 179880856 691345801 724717536
865629181 160631382 557245659 611038920
377409461 426933248 289400564 290966082
598325495 74558697 248418689 295785081
689208068 357919766 430209154 461293764
204008432 587930364 685992762 721849978
503649338 812207383 58943171 123047650
860145391 753638661 426684219 447836391
258092256 347718341 720515678 785495305
654688661 470616557 777565560 826945445
564210632 986343420 337253737 349511550
950355965 851287677 206107545 265475240
87362375 911544443 941597926 996726717
985871356 102671480 641006709 740041722
383802385 741210087 19781687 52893635
40754112 939245991 374528649 383934284
938283301 666176812 453220252 523633030
430071714 834111181 610897505 612682421
461071309 847656461 579357653 650318804
82149627 652270961 660775024 759095814
258219225 69584653 921643343 923599990
332237944 931203022 481646633 577150571
709961050 61017861 159100228 177009632
75938507 259484601 440953640 513651379
979565065 465070507 349773648 354653662
562573136 288219769 714673284 810662700
230360014 416792875 871395181 879394635
567061884 735785382 800960098 885106546
723419504 976149807 514528400 586422669
640962029 867018565 766279188 806214412
730469422 828540953 730109437 799646847
680171986 726509705 65441414 75862417
68225904 203408183 635224198 715940458
717487179 377500831 81350574 167048635
917122063 619759871 636415913 670514618
224090973 961281845 666220970 710917819
570796781 552500747 891739568 975552637
782276736 925982358 624921260 649885865
696867720 718744974 765187647 767848293
461701590 56397418 702627609 730612734
375898976 348050937 715591464 772637751
869461882 744448577 348921718 420104930
292410740 996973885 452285055 537478443
733734493 342457109 374441570 380700639
91900314 459145532 366203466 431730396
229178816 479794593 569642187 618935188
335777508 686209970 777407849 810170921
808174517 834107019 618279765 670030386
6249187 763124927 912013970 971255576
59445939 935313318 728424217 784034172
980535371 118846976 118458367 188854582
812123875 381962493 782872801 784246262
701734979 595109392 605369247 673644660
810194485 177040625 536265663 560542834
853812823 343635349 780523056 798388272
551913878 916190402 449621188 528202776
765226980 779362790 872408784 881458101
358680245 983315323 847012231 849703918
696609837 567961716 754265908 835644723
189894705 429436847 571982610 639215803
705829666 24512642 292989611 362211862
635196303 735381691 879964390 903570152
68545146 792006764 174926798 222392408
264468833 761571918 276093228 367951433
169226592 98674809 558490475 642171098
750623174 114178346 730273850 789800830
926960023 958921522 967458671 995111111
904844317 16773443 472380542 561380755
493410997 674241974 466148178 541708804
921224593 137722025 779952950 854325746
606774824 359484254 536858807 587185190
706060087 667128208 688294946 721257588
954852822 224100400 80907586 96385064
179873514 351669529 243124021 259633850
349603880 839922452 435444203 525603739
255759596 325078326 432042329 459273323
95741458 83494073 46812633 80418611
108491511 656230779 58289886 125277892
588950494 530516210 859979240 867971422
627428838 634456477 907006824 927617857
547570018 505264554 221237716 270502461
407059563 70879357 919377661 923344255
700264564 551031489 176332670 272336011
981035386 839786682 813581844 849850765
201803433 891047740 883639172 973807558
106223565 362777322 737862014 744448593
898073904 174045880 184157689 258100707
131441735 801203974 372141009 375009204
972307291 886422093 885814555 981892089
992866474 459105550 599611168 628327028
294782559 440152979 790529475 859887825
580661771 543623397 242773990 265170968
889518200 122050501 346825388 373374483
132543641 746915981 49669699 72357590
221761460 563034990 184859826 228666785
703888655 686673153 129097010 172014277
475064619 22190069 410985285 507494296
638911012 254560919 185413809 234412810
461547797 978826261 227513755 274091794
387333761 679836075 363916038 395249100
106578339 411623216 64083355 127564655
604308732 975448518 962384681 991223560
67089702 850805303 69527637 73776545
84491405 462630142 641884742 726394405
174503296 514911580 332875848 416469392
212437119 483794553 759258271 811894911
163699335 636828364 142597866 181327967
320966939 740414859 598761240 644251178
146644549 66502519 781193037 835621105
141970282 594100863 821407109 879721089
614203161 996527830 860651077 881579362
352000765 8085558 693054684 792487767
25369096 295544233 528774612 607982869
478106013 321844702 21194452 119961304
474435058 205291996 949986627 1000000000
326996915 13681896 23271319 101207798
995024879 851231724 541673191 592169681
808607805 828329460 394042637 416108599
593135165 646528714 291868224 339012520
628293942 595641 410244658 432603302
733228547 58402107 349720729 388645227
652511840 491524739 784607440 808712371
576977393 656013164 861673759 891787808
945443663 913019271 593203640 641773462
492218658 691558057 615834544 635735822
334127009 100248459 593126112 653553361
561454423 852130915 390334639 424664079
462631996 881543207 744595714 821886357
14970111 134625097 772091931 784712076
291111444 552382360 827558655 835444239
446325250 257572203 705674246 711059016
176271103 926364585 991086593 1000000000
971203672 95247629 412483663 415878783
633448965 63109263 876719374 919275940
733798399 429415252 671672669 680505343
501529140 471438546 927306247 957805013
929784201 429144964 331685765 377729445
770672391 352807767 647884742 731619115
709548564 505183096 850227212 904001570
882701699 576359530 668597303 728492272
957019797 658216091 560051966 605015391
748345989 999231834 226475879 289014160
388916764 235005706 27994480 109222769
108832374 363492885 679262514 727708098
736352389 196851664 752177533 833010999
837782093 736180522 528870453 586327057
702623504 922347472 750828533 777429309
733890162 674026040 943189742 1000000000
480318205 546901056 855496400 924868259
78315720 647878958 221701392 266583598
836819157 250196521 919367434 956264217
471154219 575472418 245518642 256988271
386065845 257322668 488670193 567756396
911607139 422686846 18215452 91443731
308869318 918897303 602873860 631869756
204571009 387154666 535913587 550729968
113268755 752570505 904375750 954370863
29151451 273448999 347770767 431850941
387225282 641228410 154213014 195209598
428105740 102944178 575550211 660984972
676091116 676415114 138616613 213613555
379599406 738752058 789255411 803427461
932356060 388872658 25995623 83487885
784181703 783064650 459529526 538795083
372898452 441495616 773142588 776148090
418331657 878108072 176877551 264927597
336422301 611069658 411372812 511268945
828790762 395644468 2514423 26485601
528879989 406514510 867396609 896592828
773919384 628677183 702966644 704327676
54188800 323615080 173038740 247741558
793684778 773948425 997675903 1000000000
823076602 383072276 693240971 783128996
53075168 174770955 684262658 753189404
829548573 113202544 673229519 707532100
306536902 910684139 99789054 193345154
884077797 721571356 781238704 852405194
50301850 215346800 532514478 545749099
741613881 167519513 49208901 111296552
295352261 44112415 76293897 168642302
181144747 618945472 799574918 817030468
480261385 172354783 518456173 560615191
93583140 627686955 718510234 744508888
373387530 895048196 294291873 356364065
529968263 603473376 400861852 439270660
557763726 213123821 397672821 417449534
696415468 43218053 247612857 328566807
732846172 359077503 739849156 814774280
743706996 746062250 605172922 670287066
116536407 184925013 259933337 304037298
203416148 921994168 443826354 474535832
496037848 153901945 486825960 539483722
136817307 117781825 827406143 888909457
518657912 606478262 305143077 378429308
905571187 254109766 639422355 682027282
984238177 72945670 504789406 518965785
928043348 25677583 582474725 656334825
95161397 64672393 5739974 89397018
202943227 709680148 492816191 499423664
38857200 216489056 48568509 66248787
506759730 329378415 2379901 82725406
328966668 516201101 511465437 592606074
858861861 311915479 755510665 765208756
346176377 255509908 86808731 176445013
901151504 637151913 289775036 347027085
74660111 216827347 702390732 729864203
861888901 675523686 607668714 680644403
876310333 655712069 890643085 960562601
298416522 240314710 331594918 364479423
29756650 189247087 321341535 388932089
796551808 898060439 523048913 605458075
185545450 136766294 629828771 694344456
734889915 135001414 156510467 205155697
206586607 747840305 764165060 810596662
748707379 889797245 120026964 218713698
516623008 849746989 584896276 618676227
149517894 841965515 956789130 1000000000
500480545 144655295 436734251 495786562
49828801 428998224 386781343 429257662
530570124 38127539 729949629 780458845
246949407 367613653 237977651 285588036
287075459 972196934 266325217 268519572
231290292 740403504 517332793 604210687
759113027 761104002 603814889 673197071
950323221 444444826 8112765 30301163
793526996 48396896 660554137 670594886
558006235 437585409 675420529 727360905
47855252 189468420 453607281 527276544
354762464 871473067 986327236 1000000000
812820593 194081290 983686590 1000000000
521704905 630906912 722339246 754957846
654258203 901908433 683653995 742146050
386532026 961621716 844273729 883726550
857810989 821106447 537622182 617301813
956674619 407563460 927364708 1000000000
542456260 665629316 650186363 746620105
148563675 751652866 320935451 419457971
277811971 351549699 446923412 449445641
601077641 371106787 602413323 655908612
403703036 218534545 274974347 298149342
993928357 735024403 354783708 426523780
976109883 175070885 164242739 168520220
973015745 619385186 230752803 251478995
697524442 535203441 716437182 814032024
381456166 256252082 574511047 621886218
965826129 953511039 636330181 649855030
293466472 608805178 713797694 715628071
154503182 218765827 678950458 748343004
787963090 332984276 397456739 483980047
622109396 596294116 5237331 78832421
149853582 693287818 457281477 466181317
364994816 486300460 45226925 55089167
244117023 785756382 866254195 879020604
628616941 235196440 92709546 154901613
171480325 832574675 741243323 771422717
86034373 510176567 243194251 246242698
792701838 403196546 121233389 215993394
297474189 302139455 973199592 991839958
575531814 201048831 35025310 116694682
980925675 111311244 696266877 727715812
44233936 803132966 381524134 456815002
989612698 119682848 822430655 894790049
178781292 503199801 695999489 721976664
536526341 28472998 163076412 177808549
728387271 895766378 494333877 531447459
885434884 529388318 820584858 873662435
725693839 395558603 62055233 66602149
386897305 996731769 772375481 848209499
29813463 843398453 852057750 937515006
504193581 566298279 116808896 199193749
887282731 904457217 355303464 420869982
903900537 743366458 770667451 824189358
75898597 454323626 421153819 505898899
379547914 63557141 70377566 153769010
49160663 933722876 137294987 180469125
267414624 25914278 182487056 244407672
734325343 842062294 922776953 996912363
154590058 189933569 628149806 647518184
133205839 823880727 54640523 136988107
126524920 173428743 348115517 437183703
521101028 224754143 362178303 387124710
162477941 989317868 47245489 111804216
403047452 4990848 813130687 822075588
47146631 419310552 413102335 442784881
749215553 997971101 391356875 394403080
845429049 858137916 365281002 426475556
892240017 327901783 370868058 374995053
52095132 468393583 590539129 687050948
425829235 701727885 403856764 414475094
366207661 981492556 579217095 627751106
35741235 423799245 407438510 471253462
22639396 845637228 421574084 477894459
863184613 199492756 172795436 226972762
366288830 791659374 735412845 771635965
946460216 207105960 223173467 268000217
509880178 382206436 288979483 305263431
404907037 211316441 470866762 477769791
326452896 754945336 944508993 961144961
976976486 131115084 732382853 820933400
190087493 705226425 417384495 455281570
855240829 318345292 856034455 923014906
172509132 393420428 110251572 146361206
720717202 754680415 607374547 697898362
839012226 607967236 391462520 438415871
372201008 442487298 519388872 560234882
566775998 873188216 678893391 683966046
420856468 367582017 624653196 720077030
85310645 775005384 768081234 781137792
408968986 5120851 836277689 884202710
904861944 936788015 703516303 750764638
989850549 982397317 648612110 668587712
393239721 180114903 831724844 883415180
147701908 783462744 428951180 440753548
572508071 823209553 248084926 319851334
450390352 256405357 402818149 462104561
859209589 589932571 969422430 1000000000
424503253 786583869 652145892 728525479
702310153 360766386 126521888 129161890
932503823 700734222 202433539 252927528
398414992 347527382 541291169 574497463
997650807 544840464 600243906 617002160
969008790 394063441 863082791 875619852
237557338 844661859 284841523 356421411
552845378 994606109 155334016 245505513
643798406 678478726 589868784 648646687
945204635 759690879 554215981 653348571
57093782 145698842 175134963 251969056
940072862 540619840 254298292 295071242
553997887 395839019 461981195 501621534
638093733 538864746 787632312 853298970
257358665 854964195 679483402 744315774
831720215 443148485 417919884 478448992
404354816 240155746 736476506 808195737
641393450 837384105 366606618 372145674
124145641 378142072 638725451 697870513
606979895 37959841 818648835 866113483
83816307 647901436 296581259 365272191
189327919 878978697 876829799 919372218
342176493 341140970 702556691 764160589
430860199 954648933 539555206 606789354
972168471 357945122 203567004 282035369
563517258 532918791 806217672 865023714
990287030 320137390 938298001 993357847
376866365 712013240 677075932 721223413
192731905 490736979 322903138 411243853
932802802 53385243 42186051 134874775
14778928 78618951 242141361 247554618
700947944 336165083 464416362 525331249
769343459 232378599 726411497 803831429
614883018 765696657 507924144 521865571
271997342 242578970 150458148 245648560
993256034 860402895 405105436 493557965
515733990 558575333 877555780 930764024
293538273 987350182 135229374 208534962
80392748 195792075 237775504 305351940
857713062 463980790 160894145 253792075
917597144 487152710 440535573 516388825
823714695 604460007 484596985 564369365
575888442 93888476 37171037 50589370
602288557 589014531 955243055 979004428
979386700 20366485 312106630 336391925
245051055 240180838 583953876 607269943
58442861 395767210 194810053 256775690
782482719 844851090 356302257 414498794
108287420 914838927 475927442 495885201
686541939 616458979 597111997 688798788
227247342 467666270 57367629 90890568
903902451 619513102 177830327 201557431
101180291 586551370 878786492 954521111
139190902 393403547 462710125 551909259
683583764 822221238 172717835 183207377
50832102 722776167 848393689 925973938
72492733 460002326 522335718 542512812
504317046 511594091 362638926 406421558
335549950 620912466 472145354 522184436
662333378 159310079 142778448 215106852
757394658 567284576 688810315 725353293
796578843 353129365 461631714 469863833
344808926 149700663 199245817 292435974
38072111 202399991 592023322 605689189
572009662 873604730 519112627 525038370
138058345 641105409 28067587 78837984
463251630 510769628 729949272 771371727
577544528 566180300 335678565 350650701
417423124 915915974 424364634 486140462
888234493 800769274 997434219 1000000000
72447262 312994176 233071446 323705849
28763102 589630622 396526211 405195909
243075884 498617030 765402362 846826775
164413262 877460892 431273372 519850099
698552344 291415618 760025097 859110804
536136067 562449864 338063382 382526416
803504671 243353626 367562212 401465703
260811305 798364593 982988948 1000000000
484374807 221640656 339058642 360009611
731466130 901693962 595906618 650561929
335903558 941451410 925938510 959431065
346156654 453221049 196119726 275389628
922060986 990489304 31272632 35021491
430839574 378960577 492452848 494053130
143315847 366890698 401787551 438420633
37753744 808911630 712900272 771868755
139272031 754490684 661555974 696783943
335764852 693670148 812864392 900043113
336415051 933222179 688603395 753690905
119787782 413344163 596300952 684931982
768589482 263654444 35637945 55908942
748378072 270907123 151359551 217499350
193136870 351278449 951844840 971005610
719871856 396004070 112513666 158884727
444857946 824032907 218447254 286952184
290038577 523428833 530912686 597510875
520612729 531345749 532062403 591353086
382553856 611247220 323222974 369183313
665917425 948083262 244729534 266465835
320649472 239935691 532116055 549734839
279718098 986909722 21639187 58594070
718773894 489995981 460371755 464962994
371670434 490680610 27580225 28872949
684926536 268253651 549189641 586596291
759086356 258566252 607100553 693567284
280605951 597933426 429190259 520875248
66331463 911250965 207236623 244480606
985723555 313637331 451564057 487864657
957476442 481353432 957323433 974193452
532711362 519764295 193727501 281325187
681528740 398736052 12977189 83669031
231282244 540327234 738701624 779053882
627823345 141259279 869759900 870452780
181602174 325825193 955002455 1000000000
96838573 143437419 945831973 972091601
313558035 236955306 333288808 396477178
480778 545219817 895348824 922599993
426797761 491035263 172239127 261097741
276956487 930757997 768559685 855029977
291796656 124612441 789469134 875770062
55513984 943473168 275396724 281441292
254584364 368183209 37794874 53702455
778122583 857696873 750364044 808024370
327223231 938380641 659656586 698198104
740635867 529759158 671076109 742105353
748694600 295582938 394151048 489865093
427573608 575397874 490608565 565628431
881910221 695679305 194437161 200205794
778384451 664533185 987015948 992586486
689121003 239835187 510695286 599006328
660339916 964202723 593817023 608195731
478225013 829367599 561363109 624089187
399964518 454696410 629979036 698732122
63394231 873559674 883609607 917836430
826274027 742218872 912053291 941395085
761056370 502298003 49605077 84700733
826486805 424291212 959763301 983818860
335267510 387035439 851381700 945336033
34876958 375162308 699179491 719745064
383185208 977678514 684770780 755257466
461002483 685734824 87808734 141117542
505734184 812219631 317491604 389077694
866642937 506976394 194873964 278396892
795815102 332921356 712987618 748981089
53347637 922545646 283454674 351259362
547873509 146353907 197291597 235056134
312241156 988962969 409520294 424392276
703741729 701019075 33252826 72358833
345069787 661823864 529886546 626749022
128311902 930969919 813807681 852948247
762084621 960082764 322032682 418120018
967184307 574705203 366185637 432575506
83420115 168336324 863914518 957454604
453795261 120179653 331237031 377979175
904369853 29967704 895641268 898796147
775709535 899495200 215508741 252862983
926694780 644115579 622439671 693769454
979777147 430834578 969508611 1000000000
669784860 520972512 819817695 869480592
684575144 611468873 979568154 1000000000
123054332 349403824 514259325 529721307
885216437 697567238 435860409 505743172
630958819 752055980 224875599 267442865
636082351 757681304 31780322 103188794
737526539 4796994 779154062 823281896
40109231 996227087 881852050 913479211
857123191 175310852 116788905 123772299
94639580 278804144 15120874 21375303
650468594 187083095 361468710 402638941
802323104 659991730 404782474 412296129
422506990 189219932 220017485 228183601
252372961 972064991 843719045 859483499
99417956 11590036 140922706 196885858
492170102 312673683 67825415 135327035
512004771 206660204 188376433 284866688
963895240 279518639 339817559 344089013
913241624 652267359 316958015 395249259
879915755 807787959 491744981 546642739
983291317 616961142 921645359 959359709
433531000 84836060 21989985 109689854
375425150 189138480 334805228 364209566
928953028 510864694 751724175 813528798
789826221 416902427 486724571 526403128
459532992 583917389 728029343 780335153
673719898 171788398 403902714 480649608
289237728 502336256 265574640 318633160
199932037 969167817 286037058 344100247
819394960 800417100 383589956 388782829
93622632 950925810 127239331 188600453
540766504 433726691 772595061 822662311
528828120 210389168 502408127 585565510
659957597 561752582 197023488 238231284
544024941 731094897 529522262 538625366
853239071 951739441 929929594 935575530
577218767 299367719 665449403 692147337
233442194 629665664 485307132 557234552
429865196 97714142 75140107 80416415
576954885 261572607 445697015 492575426
744593788 662419484 905510277 994782967
937973380 523671306 270006978 277364883
519017314 126511839 44486653 47113264
833345318 767426582 619064901 690813446
19863560 825951040 188597947 268846386
741029626 631091707 444368366 543986521
388440410 603452647 397461319 472026651
956485664 870452484 584514924 609108500
708531927 941852904 721670206 728910938
846085275 951886982 904841009 930592228
620860838 749546304 48143028 126290526
69922105 843139611 362605883 413730341
213485315 752252247 314499838 333264292
516702673 128092635 855490320 911330769
735220342 796916687 852352073 919146137
957688165 994003824 687776562 785977647
895430470 807229495 582400624 595075593
793500027 240487247 916211802 996039554
962498042 357164344 608732902 613934471
42449579 77409629 517538187 616923325
641462215 13512860 798813065 820750273
745217011 888773550 965548402 1000000000
19894727 39542733 293452015 300647478
508518871 390879069 649113667 666640232
844829213 631856646 677961697 708089334
567638463 988158507 750506229 806406910
254518460 488475289 351894655 357350364
442233540 611689700 169705512 222838571
960079029 752447043 881331863 980329356
560260457 448423148 968192393 976283203
779048024 40162756 833348695 929283829
328582430 968248817 44832743 48590418
488275642 414878305 626321279 644294745
880058800 459634853 529756242 574607825
127511352 251938815 328894014 386896871
339668798 490842429 107060143 174436358
250765203 105539750 405813656 410003282
821815188 546770015 903773048 957587497
693199156 306962239 575185676 603165167
587306262 441120504 994018357 1000000000
926992953 509562731 159224010 171638307
981315749 582877654 918317351 1000000000
683314342 142376482 127262990 226629497
783846228 827119063 755383401 779024682
610838172 852141665 207604778 290787769
292287298 809695878 557017643 586078002
837655586 806422726 271285087 352959961
461468576 967955114 529975531 553248927
649017336 71096212 62998880 115494697
838874827 110299789 246113166 299804161
44985914 842430336 374293836 377596964
700466605 809069175 585240049 663015042
818280424 163742406 206435878 216735116
647242908 173378681 988934660 1000000000
61986338 724472421 494879339 561611503
41540569 389244229 97493651 118728841
35530208 182400178 873393550 930930300
212138051 160537655 497800289 585509921
215859304 756372341 552341447 563182247
637423063 177876338 962532942 1000000000
403789347 875438804 805938242 896702809
781144465 902029617 138473193 142120773
169053191 359453987 485762192 577413110
889297716 813003846 849886844 931893766
626386578 380668385 620044502 682726795
430890434 195915350 798936883 800955411
960600827 773159632 534748030 539603295
390690253 940767809 73992899 104200482
827325147 133441429 26710615 106170519
99202374 328692328 32083506 123445183
36989826 520849898 864256726 892607818
213488400 230315929 604017846 619693810
327471037 398074460 216322258 238824967
882095065 428674124 346177973 428274283
314967458 193994121 337497303 414912755
435791895 211966527 123253309 223093710
210678322 130017413 565387817 578663236
217282395 714440907 653186958 744283453
608194291 90610689 569692030 590871691
76212145 997782944 606952335 701573830
892775256 182276890 509424925 513130343
944858816 307562982 866267613 961124336
18466624 475118343 436899955 441571303
557001374 802724463 779064466 860501922
304850490 765651279 954596810 973155219
940662980 656506416 298801193 330258962
935007016 388505599 269180202 361103049
