266 1552
87390352 66986273 467580549 559185066
987747598 862224935 530179956 589693935
147741730 36832330 759629075 841552147
317636850 847325599 818499928 888820793
204945210 143609929 482060675 523073423
422984983 83221504 887135422 976091513
145088539 421623993 520068370 528744431
565644261 288820723 741825192 819251736
395116218 566098656 497207952 558568268
15859981 248630045 517745859 607014304
77667862 67027301 448145350 449256689
274095461 997788377 907293821 958089964
425555665 238659234 853296317 908246827
210798707 344093988 833706680 835393317
696185709 429519446 592868782 665597179
652006624 635441260 383765795 469024317
985311112 25703713 211945750 300428828
827663065 797000006 92841249 122438577
994931564 748049102 468901725 517768978
512913542 993574592 128417593 175966136
785657391 344290767 290558823 342409121
235056070 993528077 332877697 409282506
958439366 552836083 337437777 398823391
316806608 574394337 697782149 702145041
755897154 363937868 485149424 514423908
671155602 268397502 172968640 214020305
906220798 260777045 492652635 536494634
296611444 761774666 906038064 909900619
855133344 403961525 455876705 536714430
242360564 159555897 836253672 926077273
66642037 392996862 732261568 803295697
429334502 437935904 282513503 358562520
186918739 601927187 435089721 468334311
998761595 5164523 799269842 816653859
314218983 961103357 938108830 944366324
715853823 805512728 289286292 352694742
293682840 632259423 513758812 558801133
455810706 585066477 617251770 670187732
746483883 925328179 163455642 224489762
714090824 104917575 976875689 987201103
240662333 598690140 961357492 1000000000
60340464 640169833 64936227 154326910
442563649 660304078 978024666 1000000000
345718822 104302160 42709223 117466380
647651996 490404059 955060569 1000000000
353737557 669418192 408863946 489860443
228527039 119766320 693375194 748771040
608609640 744259966 71469060 137558558
459713532 786084813 857127958 919602524
51463368 930154184 312020579 386927481
374482874 51163904 808909388 824767349
10037803 185540031 661608142 714913189
91752890 7090451 757873882 800099774
904823766 291715271 693858274 782078322
843046995 60540519 288521937 387507404
662344931 57048887 399206564 496043902
456488462 701484528 967874849 1000000000
165567883 472023581 128450354 186061532
209366174 577706717 930960582 952713952
569885160 81767777 515198088 606775560
925617033 390228514 676705210 772983655
649746052 210666623 837550787 923018031
423011044 714710679 57446319 119018427
161782267 432260940 909632161 960582092
651456345 688783798 728874019 785869981
822959583 905321429 788063231 803964894
375012828 292484013 333843105 351903492
393763370 97426741 493814477 547288205
376482375 781139494 37334911 60421941
959186970 995714985 500980493 567529507
116281786 439269784 685781326 704276111
578346777 650641323 257357292 355177241
209817165 666861037 599174132 649700283
640908844 615164375 547788249 591697383
209156580 668241180 788296398 859629369
540120192 395601432 425532639 463045998
265220259 320595669 922446027 1000000000
590457930 283774918 298191851 373241412
963849054 442891012 770601986 810593923
679586990 153974986 312386850 370823390
129952526 928516992 597744494 648467514
978953521 299882508 182899997 230614955
379151485 978389130 808266685 896674911
555285148 67237423 815031865 912425120
128560503 987641193 563022547 617218383
85055402 211406770 568223445 632289422
517229912 355279875 142038195 223159582
133377109 162583326 361634441 412722885
787784429 488425339 577514536 585857386
240920361 150846072 280646884 345203481
434364401 380124492 480490886 528832498
611637144 477795756 973323771 1000000000
357379508 364196553 664678883 744563720
744715936 807103524 239003059 306167249
510111263 785127333 137248170 153626385
716996825 91693773 46951359 117363796
256391353 377985613 512388019 608886868
579109291 448729016 253971333 278717614
748708238 582557702 549036 78245663
322838024 127793816 697086982 738778105
52586483 783738557 873091666 945540299
715458402 317442335 23264402 103903252
832292936 740609623 975344919 1000000000
800945407 909553421 795421422 890755106
88490158 282481317 297196475 378485867
293692125 116761672 559631647 567000498
454205408 41714802 192595271 218000132
719684608 333885663 718589244 762538946
560852490 659185226 852408167 910047885
731699362 93757033 151496969 187925754
161122583 810808839 278906582 302064343
572778044 446568132 3221511 29207970
183890378 601821789 10009528 75923805
881829960 685319052 278377179 350695531
954798268 784095656 902267458 995072668
741359369 154653330 789721300 802202748
668839101 218171631 756301860 832788808
532503896 463831161 191481893 286236344
804078336 464822895 499061230 566451608
959109298 116961613 403964372 476478034
775320434 822732615 123669928 128550620
719528491 134069495 119861242 210269254
823164220 523510713 335785542 377413374
506156767 256565069 150665067 165603458
341922728 747999616 931123639 959581276
291170802 502922792 934210337 1000000000
584320329 787425276 948984436 979382839
974020601 568772896 368405145 379301159
48873714 585179219 768584545 815836885
296536883 20497872 622596881 661996655
450900952 852022444 806390986 906305556
888217219 137527510 799879405 857473767
954347084 594004873 264247105 303817710
320246700 205319711 975382821 977916509
596295530 497952903 518358617 549498068
369335816 936292228 361469006 402226358
448082782 182627108 327858612 376353011
384543364 735722684 550069583 636107214
735584218 539090855 934127163 974917179
184862418 8898246 458946624 514178876
129103481 569321632 909530502 941053163
960077087 955440930 540394543 552058398
639799932 757396657 596492464 619164524
407336186 757300796 622608142 685766328
309137690 183997999 769424429 770458874
808603176 409839851 330645334 364761872
813530480 471535995 372388230 391765497
582431405 298288988 898795461 979794735
667182777 11711591 719627818 802517510
75423493 738734474 62695198 77038014
410136958 612765868 206905217 219332564
504971199 750270095 70759110 137493374
26517437 173226823 197260135 295973377
34624034 34038655 74603550 84769744
718701043 903310333 394586289 451687680
505534737 462014920 317118855 337928616
856108678 214414214 18307821 60333979
294346816 919649047 562709419 602577680
64878403 269816254 499100374 517651081
856861591 267610731 375772540 389203207
635711760 186198233 712640855 777501002
253120880 958854887 313179077 315506527
606743643 773328050 58453035 150426904
816510410 699587905 554148154 642622786
439308051 667408546 637321281 697951411
838845962 179308937 134871968 163839240
438768509 292743214 387739060 432638624
298894848 991350803 855276356 942791837
693456164 608703317 534770692 550993100
269458734 380132206 452737578 468309099
850849130 429562055 989548740 1000000000
212874269 918046235 118134895 210145148
320252242 255191277 712020670 776739897
451730893 327261655 531487683 628168785
17878335 432061999 409522764 455858496
180276548 36019815 798335654 896541021
209968984 778379083 7962656 10244737
648070649 640771018 756025124 788658881
144908850 93271380 301314241 382059408
253567162 32571117 798359339 842570048
346509155 140595970 209297143 273983921
104631487 398281510 599589685 615609253
655142293 380771290 988835682 1000000000
671344583 584907159 346645172 383717097
445783138 945070508 685552778 738618015
409396677 596060071 512436738 600576217
588456023 985813425 732762322 751857557
999940643 657140903 499567639 553914781
546133026 843299082 70589885 142958605
703688228 495913443 795271825 802747655
778446548 897247385 317642646 350312624
636252213 878376630 160376832 189158918
604659142 575644447 791088793 815370843
636796715 725503150 47537987 61905561
74537262 556558328 798564647 883129286
824147012 844289808 219323772 219880856
955568180 679161290 788695562 804423240
820242385 448546447 521122975 545232782
967810270 356192764 78531003 135237346
794803624 270523132 811899420 899127541
483679122 83473281 208300412 303432389
699000723 961056344 527002959 619656613
64277071 154243347 220801593 275755367
147133821 237397435 793443591 875638409
328942654 602048484 391087075 479998809
214174170 687753847 295376860 306727907
192975908 892061038 395052982 424170567
236923069 188265296 465189212 489572361
984736497 647955016 448343181 532405040
442926936 275037498 266642308 347482848
482047347 236987349 516337684 578528828
433145207 770677912 546269994 604083466
495105867 514747381 488276241 534593011
868165649 626937878 995245508 1000000000
44806203 678570650 59714423 148338650
312580727 222908669 446129882 512912486
954775934 702612394 399813942 499137548
121966007 701691238 754733324 787319545
686648687 943350853 544997624 560925499
265255168 998788428 738650573 762692797
582684816 886012579 223566271 296397036
134769807 868670480 814153956 886184478
267545195 220070717 161426692 232389041
534719111 819926948 813172019 846347892
244248334 846381178 405227434 451732077
685858249 431905752 443691833 492786904
993717650 592728542 241837341 256302717
462633729 644704648 672370755 715568785
727045106 80780033 399548099 423759792
26160785 669689840 945785602 948741229
190956664 919715028 293457234 363664005
142137600 7555094 753619567 755676997
542532729 361380194 415308823 470950541
233852626 311233334 8173498 51495307
859849585 121039529 966395079 1000000000
270513429 880799386 538324439 619246647
380754710 15732289 145336602 175869417
268454044 997353229 581997777 606473229
321311052 552266248 348326840 406292740
608142608 521982469 97692049 98937111
985432960 245621911 129846945 142920204
884582735 92308197 213478635 301731407
532412631 92954111 299801846 323171552
302317916 688579802 689043015 763585033
560755970 548166785 244789488 324384348
621616106 216731616 342413541 428265066
453602206 696520640 262950567 345684491
242154542 858239770 307456126 326211541
144976181 934245843 583697449 632461612
406928598 878328913 277514888 371965167
248000160 526817677 343448927 404635894
176891204 287242698 176419560 188248613
437020427 497381159 893595906 943065787
812666358 341848049 984645924 1000000000
893158397 323854806 130376497 149741881
139602865 17778475 789356952 822324502
741910196 760696727 312069617 365423546
715896449 587580062 712347164 805076988
905025744 142715297 205535656 220981495
480429583 500644251 138464871 207287168
218537451 309433654 461898155 500471514
353190833 322530218 332678590 377459150
61340861 867069143 82494591 162642867
290942344 576442009 524775427 557740718
660223703 639217193 905489708 989847406
635417224 151612218 813451647 833769371
310999112 155671626 731479434 794522988
838547984 353765821 139435227 143474938
299957934 96759007 932857705 1000000000
916006183 142195589 582625771 650450081
223104299 753951211 545638680 610921377
7842562 208020380 432192512 454239216
726753943 821606364 961921590 985011518
140379699 480152459 926003525 931033423
191010905 759776651 705908494 762579620
157960270 72121195 870616204 933228526
954219701 197235336 79264833 163539712
394448688 348775682 362097806 447797921
885028174 958726934 310933801 324463806
840995880 886918009 175172163 244511215
880288810 650305397 441080527 537535861
347277691 809104668 237868446 267084019
926665420 613048822 749120965 755035427
209018020 393638387 797734564 843092925
856639502 47387134 954530738 970009963
186378343 389195578 726117585 742116321
853559838 224290258 277252084 304367511
653226998 590988381 539681416 582687192
569526168 631062289 900179319 955474448
685057164 482361176 50295756 105118377
464298897 549777153 638023640 688518854
157510180 64635248 23727248 44996175
963342283 911274489 536147317 582746360
737629476 328059685 291361132 321599357
921842601 291773830 25043667 122884126
682582627 268731190 482916814 487808404
983241622 925464100 400591016 479107163
645593808 906518223 237411167 279449848
256761899 171767950 585175239 680274104
900654730 55579334 994180935 1000000000
774856167 199584386 125539788 178989345
674551950 438810776 906312113 926282482
471086237 608385660 834776972 900961786
647757095 858276502 641248421 717836602
667179861 434520602 948896788 991394691
708246519 842595411 825611597 836472740
914271744 151747745 884952575 968405100
928303116 926775127 930304658 1000000000
226048539 952347935 320563903 417094734
757703014 92168898 774361308 822220246
406910112 518954486 896946906 996673190
986320592 62321567 700771575 767901779
856049642 761806436 396819164 439897580
403223173 224505948 984425383 1000000000
248086044 952537309 354512159 431076791
829955121 181919217 250205687 323374461
653705396 203180691 53514137 121371694
357474423 759477180 667387535 727484376
123552503 940544241 43396471 60777468
873757786 963355538 479243920 547222995
619375821 740493357 777812883 833190138
801391638 426567970 507920144 559982107
561851142 710591722 194682269 194860951
832634088 508750610 453178065 476696852
849404494 638249357 786237195 835746846
459119598 851183053 229648642 235851022
825433076 377522079 774250976 828401244
519210895 380958058 891645849 895957839
606818294 928196020 796055345 838639718
398773155 186405478 59218799 108969581
403589452 533797620 106676556 170567035
463286788 267336721 776339289 813690901
130664074 309997825 298360149 348061263
700161382 452289166 30801333 112135063
233467072 364889967 71014138 149376773
822657923 650565824 471544457 492694089
954081014 41973388 127634640 197626716
439551395 116021589 710627216 795135152
675235907 579309235 219389113 280345875
634971463 863492292 676071399 687083393
903601913 661899667 303693171 397527229
280932926 640546699 717713175 742327827
876687499 254147318 167404232 208488817
980346916 439965630 703990815 705770596
934059245 685762484 430115910 481905295
695417732 285238043 432928429 473523891
967621209 117675819 982885364 992587006
199549534 289610005 689621635 765826448
939788333 18666348 74256161 138965668
439490973 733775237 544116148 615204580
704332229 61166012 802560673 876722891
643134292 942139654 12286387 69313971
414930951 478460829 674908511 762963210
256595861 18395661 991961598 1000000000
184339073 20801034 42815931 57579167
309768214 236593452 849376234 892785028
786124205 901512884 469817592 529658686
916089328 446883116 866123493 888927969
626043996 464458607 503740246 563279097
494521964 481155549 466416885 486551698
622059464 220445682 517884690 608968084
997742854 799656886 675791566 716437437
83374918 926952324 200712910 247556542
106040344 661877029 245522239 248179829
478212132 206930272 996161508 1000000000
304545995 883331782 832983120 877919770
814056448 351404522 220032364 250853617
261099967 523398593 542202021 611292775
64802954 18866294 733827939 742309338
577315126 418477586 801751334 851031463
697397189 86843839 596376132 684524341
331531102 737868988 843039063 890341836
869284641 523795041 801055218 831905410
232842939 367060104 204952971 261118931
697687945 757557862 497253411 574966608
621430942 962907724 179003170 227341264
910992157 724671824 585848175 682599202
549570764 639441333 880375954 955947042
83857305 482800009 367807121 455039941
896369024 852664912 490146416 494463001
544588837 394007153 826303192 915405113
330490948 98570439 968695862 1000000000
64232438 150032327 655854071 678044781
974437115 151119213 457156726 475355760
53910274 466894331 893615844 902291759
985973652 420217632 405882094 414909072
491612618 67433924 966233962 1000000000
398845525 757083062 364100546 437471577
780147518 216437038 715977513 757014184
520960383 582599541 41958003 72996434
485004426 938159962 204418522 239694695
66661908 33840173 843919309 869964977
776955897 62563171 133528190 194243906
237417213 307104861 816579198 885102597
129276919 536435550 372671986 383166753
455811306 458433088 968965545 1000000000
10974181 265970022 814129800 913625719
968817703 591826544 423456557 486282337
399365565 266649758 226992412 228556018
345101805 976635628 583172898 611087607
926937755 631131132 340170557 418641624
102576560 455020857 852654710 866064142
672065235 572829308 776769505 838037052
46341807 502908472 665899507 668143975
503824389 506236060 433140485 494028924
402522204 198641517 718207878 736952638
663747964 28421373 262010844 305893751
405179162 628799741 152777921 200719195
771139705 479729816 739202113 822231011
624364664 912851500 948031690 1000000000
654971756 659250618 237558347 255026141
271721142 978863570 679246332 720588228
498510301 752338879 763228963 799245299
459322284 5497599 385104027 439332846
500707555 971919508 59996114 63000355
808191469 698283392 353609226 368202928
495141061 170429535 532800851 630059656
956908358 46300933 205365538 264879966
243750806 669822436 698392758 737822914
564796810 174054269 111007849 151653397
552422759 928692950 985377742 1000000000
332288992 926491224 593889612 670926247
117542765 589074943 535365229 589732919
386174688 659792367 23010666 57829507
112692446 580995467 485985416 537526693
688154554 222548525 314090532 356783558
29712776 23009583 488755316 525922522
529193450 549672015 447953394 520229110
841879052 332531976 281252964 296475089
170524577 609803378 842986644 927152284
796895616 701204628 968189338 1000000000
905622097 862664703 863357602 882504443
798065958 424998865 538397258 611405788
729374579 855955299 549629759 556449248
343445479 118962074 142128153 211311494
175702735 8316689 682528464 741640935
826479479 550036201 78676006 127976732
845610217 398935454 826598514 926315667
521864644 246697840 67272674 74221421
837823535 860359631 698449962 766532659
503988926 588525056 773179290 866113510
468578165 660267282 492542495 540560472
827859 667647823 867552780 936713513
909416257 889621743 871662141 938631644
809076213 351430674 423127890 435309700
251060206 216066867 327999788 346719643
424639448 444974999 130598573 216448672
677584045 325642911 989780620 1000000000
30868589 38723581 238926423 286776215
796044287 600318936 422469231 459082258
449080079 721833761 189973338 277905781
120624134 368098052 265338848 293533563
121204615 600074225 679828262 774381385
120557026 438135592 397725474 440971287
249534340 242606126 432686141 513590208
582836311 886345820 390494697 416445670
166360176 836896409 162862402 223144438
468124441 248399604 765524592 809268674
882328927 642742211 559246694 591465072
796421778 886465702 252614911 292060417
177793519 303485700 660119235 693995321
72719632 29135489 905953301 939492514
858130230 769232670 391857312 462812658
510099722 844347729 180931056 217053177
955599296 829605803 632025976 643712943
393058610 361558317 944169289 978145841
437988664 669366916 354924962 426080124
282111005 441433652 724429862 791263675
215717482 802787502 214969968 281314183
302102243 644607549 512507278 559836611
889691105 973909126 934944404 1000000000
595573555 435222075 580987209 620128251
114553377 653741204 498049215 502358454
940188717 600299458 304477722 311295784
935889767 307763167 345047222 373979589
549598375 714499670 144754034 218302050
628950620 623119564 775561866 828549705
517838353 387631966 861807664 906008153
117603614 256301218 34887882 84856306
307279476 974152493 633750170 688031022
336917571 610155712 252279995 290881167
604049597 773484963 110032774 144174157
900188276 107558561 19978022 49960674
612162464 946054358 816598871 858932282
592133898 924575330 988521256 1000000000
127079439 451253768 703975083 719218622
178108867 755155579 79330291 102971210
872162845 309795947 771076177 857898357
955629924 306568588 787746531 866201501
865579797 349214520 695772786 760287875
661222113 415425693 317279887 350926998
574624631 227875639 335557303 356901084
469076114 981906785 846821174 855765689
328853150 489890580 720768927 723008768
264805093 885224901 520427686 537972391
776899550 193642498 29374181 74832356
934272245 504827843 175447620 193444891
446184969 649758312 616436999 714163360
468859017 640730993 854527237 953574300
56718862 148790090 313382786 364146464
939916368 288338745 963782394 1000000000
125488627 350431585 823777671 861889576
639274676 800775872 295215939 342356480
492380980 408600806 460543416 544798985
763331304 347060719 896644451 913345864
947096321 265401245 380734651 396229354
165632273 383889506 486243572 488556340
922613380 108277212 180879400 184019302
816778325 196022525 847779733 863750428
860348163 863140155 274124045 345626236
792745018 898076060 581505589 597905500
256500357 326531934 66213461 99241187
435326092 884035372 14300591 81787307
23465441 868649186 619977452 635290614
980471762 527541976 75446690 113961745
949201020 720093439 716640606 775200584
911836176 790060831 398800700 416658744
691237103 835899463 747482923 751112452
749940831 882894104 877601598 976097910
90735826 999758991 567615936 642389233
894070838 525831355 493202910 566705265
953770721 360884216 286981087 336925136
315534101 562625799 457754386 520866583
410126269 394751149 162439405 246219805
942715673 60978579 660417570 696415005
10632881 835395858 779716842 792361559
400395277 212429178 151684691 240732482
24564214 640177876 726266355 821013298
767507084 138068563 787138220 867481042
213269682 97631580 840340522 876241203
362763487 311176237 731389386 744792586
621274155 703618817 576838345 659817431
934817630 253273797 299326332 351346873
121429402 393931908 315174558 322704148
851204524 757582202 757314236 780468656
714618252 240286043 598345834 633128035
889480209 329995808 596090421 662094968
775081110 951327337 555453995 564251622
645942408 691557999 259912992 334557859
318361503 764135762 262856274 338541405
28637800 399741873 601917486 631037024
504580416 867335043 468137904 561465417
458104859 518995389 921207160 989027090
699088246 606687048 912262712 930634301
688239617 901333331 77421798 104901026
608916300 68855294 279040290 371837621
118076990 711509261 26671402 68813221
565738301 783241780 548722746 639177348
327213865 954227664 419587523 441490815
405663198 826268232 739208386 801338576
308694521 894901558 404522061 452191228
556336105 918554180 358878758 443444547
922037355 354445898 90503189 110227560
183634746 134065549 455827503 486488338
184513868 961168278 732623953 788494200
59056161 415461783 927945406 975014297
438073634 640057092 164841743 259148270
100642090 669811 363548120 373876149
964191319 226673241 376418193 443901536
836663150 335249490 478189238 541690066
43630237 108931801 665981428 701614167
511442986 287370805 912002363 1000000000
793174213 545317837 393121750 464974384
860170411 700975290 201573106 248460114
652280563 48956108 960153526 1000000000
124949837 797812255 914626812 997232569
794241334 919884334 965006397 1000000000
899834733 624879833 506838697 569637220
561980487 108387066 211603065 295269848
307691049 565039243 243392236 311629106
274096987 690982900 670888 18076684
821603071 628842544 572237765 633694277
550698514 259857044 636715345 721605957
609665318 39102177 575609485 612174409
842009338 54613338 810553895 880112824
447327807 792327105 679208783 723596845
141492804 674196005 747589736 813136581
829813216 969926246 87767575 145257934
305133724 526467062 583187571 650587559
405269037 686884298 50754242 57291873
955976823 503516946 386143764 427626358
400510426 565384396 795597598 823687818
304998655 949456897 558772768 641444331
820647575 687486667 464958546 503464567
816889447 887644704 722070856 723250219
186538473 788203403 962443045 987595770
604648861 441010220 928363300 936512628
946458608 465098323 713781243 754871736
361576509 937215175 43213479 55773117
52914652 224404543 910087803 951051499
390460274 530708020 579082302 581271658
329432451 446154062 853553469 915844776
495183222 760638510 809501800 855171956
44204121 313448370 967213406 967563110
84880186 111779743 223591013 271236965
422409185 532274585 122231339 125578360
252512297 123889563 505841071 586648488
412970961 650614900 520548882 605353593
18762203 207840148 559661738 579926520
187244100 714411592 901154176 915965777
367859698 39281281 865435911 914248226
500137964 628823063 608308915 644770502
457387000 27079487 859498203 873055381
536795785 199282237 927382702 989617504
255891629 655043503 187343353 268305704
881790847 671388059 452709068 504269858
436103785 287231104 829679464 854609530
203207694 714937345 193212601 228277391
712086299 407592591 813849910 850479434
630977533 444217454 798215797 829600624
553200152 682714764 401036224 459829475
184910917 178081571 902959138 964103220
753357772 319274154 555841370 638233024
648178289 396311328 390409541 437216759
801921931 115982538 667679092 711836563
314824511 500831338 346585223 409146500
828635433 57127853 343890038 388406059
309840067 517326976 451303883 522291829
747950734 20047897 613948706 662736995
164643808 944036914 931482372 1000000000
218439690 187186969 135194110 182269290
881088744 119188262 854225680 877386255
235527637 914198266 235002341 299216654
34170052 688133806 955190711 1000000000
125736448 197570870 231070020 234962201
273338854 667412177 203929686 271457195
900810271 440282147 828647198 852122721
193191922 697524945 731783955 747194700
369334530 6318883 967737374 1000000000
397725688 916433022 220597153 231111400
253724225 875543671 161509960 239391934
139858718 276345531 227638330 289336237
239565133 93384077 86013326 136895009
474768315 20802369 566477914 643807944
708913971 731935601 152395822 214621668
753144914 136692151 198992956 271845508
333642944 749894377 403904245 479959917
520455238 974850355 456979982 488729651
717100265 707254918 127591056 222714399
448333293 732316389 661623109 684204554
912879033 362822467 223294403 271568766
819235575 699410355 124572226 209287827
136614318 459194418 200254461 287347131
424139818 137023754 796284179 870849326
680718989 258737032 699062480 703530989
266108588 520982480 184173022 274046211
612919157 613561439 307080552 348460380
54040217 854750333 131421094 175572829
314154554 780418993 894255338 981383655
746632141 549065417 959568174 972802011
554253883 615102496 21207603 64656344
596593710 592425329 864323498 880665548
478445604 633446771 283505889 349776062
703600363 813533491 213780783 298638940
882864014 396676228 600911183 681694571
263821627 729474848 436600220 473145997
702299679 815324165 927533772 989265225
595475867 503334200 29832272 49535506
41773988 228819846 313120204 352880549
244094421 176865452 874816807 960672568
456191423 589728766 186170639 264291677
102532036 874387512 33395212 88508284
732158206 756841901 385450022 474655108
31324418 158343851 259660020 299112443
414302497 406322737 723786358 781313701
214230256 85974101 4052773 8583548
641232356 480189995 789909019 846740684
167600710 530993934 771767053 772435566
147389718 520563584 424011398 520300152
247800334 470518139 576778318 587337905
465916960 648029865 15940377 33837132
989167451 510337521 383491805 447837823
241251332 95329605 670042701 722818052
739751728 707394324 458247869 510979952
33729845 555346990 698617292 736465450
31700983 285644465 233447114 309810887
368303436 780151257 61300270 74478616
775892641 602693915 176731234 199131166
588231694 453479826 399446041 411626946
913111802 43305408 10076609 94975361
320589485 231379763 792117873 825940220
768983243 650552085 374409197 457813936
171206906 435420280 932928635 975037260
216059428 736142416 58574854 61495902
457298696 493464034 386796600 445639591
459091228 279308964 96684540 99054442
880241210 96229175 43957631 112391019
146457466 136812376 154671567 173685182
75200973 448557819 106294238 147143933
953363419 321834248 517209765 587052108
575409250 610985704 85740474 118996975
430921848 610370235 175514759 201116238
814500297 186916801 48618411 105870821
285485991 162235706 538336351 611260903
36783172 743831962 539415508 563933924
997861793 690712583 164116030 238106753
580834905 946069238 662026571 665862547
239233689 558938513 369095369 404568476
925589866 291750812 371912888 374389224
452678061 987985861 776865289 804617174
739266247 770981082 481779675 532891357
56484313 829582005 754788874 841311266
413583878 458656538 476532353 552866893
170657598 71687811 548738504 610614284
838792938 107513167 739097553 817562528
886596956 578250758 241430340 314061063
691716656 567531019 722044708 766015514
537886140 235246882 69680627 118671956
939473369 737525356 852790170 938835679
801447720 887331855 957868028 1000000000
333299963 150454551 942725821 949005063
918214958 32826279 73758267 153672594
541375239 316799619 542371816 582106995
115001262 117354026 78515970 92110158
443446405 226645142 793855550 857634625
647799379 946342867 242750236 338022364
701230959 347639501 121050322 168227216
878080042 446451445 425947710 427983552
943856787 3845389 42204735 47870572
238155462 669182270 930260730 1000000000
67259980 532005801 322639141 421443053
218060373 959381485 854127392 929083304
191547988 394102878 830704445 887080781
603377148 790306856 830976497 869218583
418208662 450673691 223649746 293314180
425738350 71806679 92414773 101916552
493366834 453164181 553117596 635217294
681115567 101557808 708137891 768374418
559502197 430998490 389900071 483911601
650339545 726079581 121559686 135743468
13707417 831792256 805769532 836295288
322664603 421752 419167830 430865521
541394566 521187743 428737987 458097585
832660698 188887960 986961486 1000000000
344600748 259000505 67962672 125281832
856960704 918855999 840329578 853063019
617605203 596369318 929490873 981614518
902448156 271962934 292822395 338834419
780905155 768208941 201764646 230237883
382717662 689509102 488820841 556499889
807562872 385818047 550975660 569291118
538484050 686513094 953770148 980038598
330161400 210123599 626289858 697059268
883659417 831238153 922641622 933449577
777389123 374753196 681705177 718148449
230844766 133889773 622527978 711570803
88417862 773054072 972146663 1000000000
577022754 559229692 401260074 482470137
407980380 266930655 304603752 387184747
764352717 544406700 513549551 564491001
120284210 985631660 498536888 538830636
24310285 581545229 837119803 881939614
550486045 691497244 962944099 1000000000
901003635 46044265 82772720 87759203
950043272 448329133 257828980 338853913
230952306 86685320 146746479 179124559
228711940 451713789 741288708 784000584
637709203 955028605 494582791 511864824
294721666 983886381 24829372 31589351
250487824 346537294 469157099 538251640
65806209 153777043 238296687 258634130
569787320 50745923 928559213 938208054
71882162 537549264 728328302 815568404
454730544 253091492 61683863 102364755
725810074 799737444 188239547 198146175
103253516 771355934 944780166 1000000000
937285162 198602990 972233190 1000000000
336468697 991090074 608321802 665992316
233374659 862128448 141791342 160177478
398058742 490231871 76205380 98105118
983044301 354280317 73843108 167563049
35870022 946378326 461823759 464613604
427811040 173677241 656670405 683490215
821590988 556787197 332774566 349180075
266588753 50970722 498534202 577240205
75703251 146059754 610409750 675512709
205034577 174709646 519224888 606324301
812327895 531404405 233266303 292347850
371750590 147397612 499845239 505921178
79775729 282413236 580342623 587730539
154766819 89716752 614149356 622133395
482006064 130555379 424230034 441212772
661413574 832887535 948531337 982939705
67435711 276253338 237086797 308657057
228816946 371218550 292421396 293585477
763071995 166626134 488160455 555260095
942028906 664068978 616315872 703234197
515482653 486913366 894371626 906137383
295900354 142246683 591352653 640477032
897482493 934469920 969626288 1000000000
344361512 115075261 449054601 535300265
13179267 71117687 812005652 865765936
739271286 111315301 965144650 977190554
278262630 907935706 225817363 265093595
698711029 13640349 224594318 319671783
145448874 10997033 56787491 75386972
88588261 310425670 250046400 336228163
216298106 697812190 716635512 810269577
722651848 736646927 490018235 547089945
366005612 313876639 490559065 544248052
905094791 372779459 34368340 131373142
713591626 329695796 32879630 35631158
256672079 353431871 812459632 812713929
682992168 569612053 296175220 327014285
178985117 31535965 355382208 357936204
680574053 646945484 512720286 543332183
370326205 938429919 591839250 662299070
556870077 547648275 166137353 236049190
629801971 529190123 696479559 704648127
126409764 497885846 213858260 243965712
911427856 468102911 578444263 610955960
763233094 988266863 468904899 525273365
160185811 714853762 809308701 882838630
838660765 390610704 109357624 207296066
998801853 65071274 99335664 140134410
127199759 834243522 160436856 174199443
353412989 938605892 528924607 625901592
267521198 795154668 733689680 832631848
358671111 297425332 389414654 465070110
974091120 146050880 247069292 318746451
373752811 292844273 657395818 685999630
615989978 971632576 501764139 515489600
138672611 375195118 915419809 1000000000
623883312 476111893 365335896 445815058
274314510 915372741 60621707 153956512
355437351 538760596 625773142 664900937
217773938 39615727 805219176 816347406
666482134 375576180 362354542 408061589
782279060 932689093 510347538 606287029
185981241 916871443 224600353 246806012
833614318 843979792 834707362 912394301
790947327 183528018 914913028 939282170
543593413 636942504 616114509 670915571
521862933 112813303 941123100 1000000000
33419886 150534625 75088950 168425724
746282420 639529403 18405703 83829034
833171620 203401999 65504395 80252627
119519941 52783137 902245300 944522597
495683819 32720457 736727479 815748704
304930548 735449533 806700642 843698893
933 745594956 228488962 251860607
374460036 680058946 568112797 654399862
487413869 73398836 380406547 468192128
763916626 142742564 325523485 358470827
420586538 555539089 440471116 447433327
80059378 542430500 663842392 690462858
753873219 232040979 867605059 925194686
889787263 529046197 95800216 175939614
796242692 195265172 836109405 868402889
568167186 828122076 506074891 588618632
434151447 698076247 690842020 704737708
201803758 969470637 288977030 355743901
89290172 296931716 901983257 932174638
415208979 460640245 739769153 805219515
378563287 88033145 643815511 710415072
262460449 413996729 649232753 713942651
595817613 901573849 923609435 967781903
750867202 576290611 618114941 630716492
929264827 494719112 202329397 290860778
487704617 781601614 192356180 245736971
535414773 46161541 733222759 818530614
680214403 628243820 883662093 901961793
183724359 905345001 447567827 506245755
385728646 760131428 839229788 892184864
179136906 27507640 728546302 824294416
784355508 455437543 59904763 150171913
710731437 879724508 726032457 823333895
655499404 374603538 947797735 952757642
413599789 139588819 315160791 398890552
218472719 48715329 224972444 307346557
248597035 839372581 799930174 883472783
361401035 761668654 850148947 916606046
213332143 733454167 798115479 857370474
467047698 662530522 250154580 298214150
375983522 542542644 818945812 820005689
74317628 467962855 783144561 831350992
443682035 452384047 549354012 585784502
517107369 691658307 623939834 696644987
663772198 383102830 399327133 462488335
638718014 614767365 348458000 422606200
446785657 91222750 611774751 708025588
882054622 648077284 363191531 428751628
329136489 36174272 39221001 125834442
512491557 932301752 977690767 1000000000
334546670 642906392 306911403 321439960
368168647 101112439 674841770 736939352
538179699 258071250 307487132 332191211
547078856 102355267 66334549 157244617
481115704 232112764 499757579 554579191
442240569 452608859 858514474 873036908
926341652 911952864 93928376 101573100
536139532 592623354 707021058 760838193
89600990 367158050 504333695 581969616
548379343 292721929 100059309 192981072
725061490 439300811 812389080 892517054
733347525 754202789 164956738 240154803
720711702 378761721 542878088 628132021
227669364 901729509 671780196 749596509
215963622 333220862 99099102 134036359
785778825 330093861 787761155 828084673
182430777 421338672 609831352 688893070
69301385 708559434 412176436 476440342
677468727 842373808 968632565 1000000000
62185579 222483230 576182775 647351019
841614196 635239797 556060401 618163985
436968413 446702072 859591669 905533320
974888161 173539158 226107525 291951178
510370374 152106387 177104714 177432415
163245277 43830576 838132243 864859082
33116941 743111042 644373511 720742938
905675580 291824973 322935800 378224344
163749122 47153013 815200278 898613635
274472494 285102858 435918183 445019578
730057677 664188595 479866578 572633468
299409907 255048200 426540952 472719484
494764687 556991231 293762884 321349766
939807356 485870191 363234816 448870879
150771578 416793611 433000593 510642904
919438740 285478154 791393928 820322154
464665096 613773972 278396861 329579781
80708544 83082373 791025009 816407497
275730485 615287239 46937418 100555389
196048300 534084339 133879780 150932363
404725570 254318200 656726543 755616870
34273982 680640042 702653572 802363639
167288628 891299810 584178229 669216399
76186319 783402193 780631788 834963992
249809514 809762766 895932258 953915695
855598263 462440059 720124457 757570702
624673456 961855586 158547557 217819722
566219585 856397780 946640141 1000000000
80238405 121496101 642553653 719164504
195572805 158342145 374777553 446211783
618637722 825119829 349188122 378248129
609879263 39143994 780944887 824280302
363045614 152969578 337150654 369789490
647698641 796177240 312222963 345461152
672400722 662726054 309700472 386472503
879173116 791511835 413784157 506982069
692285071 584679387 256222566 332321286
764418298 605674392 553067583 566193379
821921264 197077562 488296376 566492540
357392084 853692689 237504226 277855845
43783952 688022040 215755150 228443476
790367339 420982612 887095101 947797347
375154407 17683014 590018140 665675844
285537263 934236965 394149398 395272406
168672180 396653632 125994231 156914286
379244215 2612772 865327627 878410786
117462399 133905985 594505348 609921158
871839149 289513126 15354968 89735600
854228517 593298913 519434517 586623932
814748150 732176450 156070268 239631745
864767071 555053341 507631978 567570967
612579753 702690174 925703578 1000000000
426064026 344307943 379424683 479342075
147182930 454965156 976112710 1000000000
270380782 849046232 326274815 383241048
673395928 827171388 53342609 72592626
174033115 750608420 66582318 92553129
381509718 903931298 68381997 142248605
452236095 439265559 954707156 1000000000
113541183 850629809 42030412 55537745
957081277 975674507 849025903 873377541
427678004 404582124 566968045 653199898
915295704 49208399 213926306 306883282
15845911 998875868 445244543 491790111
338576048 916278722 163502474 202734870
156792939 934476289 130284830 191132438
667261652 95251991 624243052 662677528
929010878 109437189 969156273 1000000000
823620352 740072989 382962695 402871567
186976110 623074451 55154932 111690435
613236239 199331495 36129002 114798274
541924825 597074047 291779425 359590696
517269258 424081131 562896038 582047736
557049288 630007651 231820233 304558110
280880117 362726579 839347249 933776270
903692949 112289668 479961045 515109263
310195907 219196435 717355782 736921533
297765864 735934898 743422186 753001826
725310469 915959166 143306661 159829260
334109314 265311601 668939187 736073105
892421948 400788629 514655318 581387102
141074926 159936948 8996826 56299040
385373062 954220195 398911397 467258575
965140274 605603643 564933576 643151065
683230780 923066064 747350131 841114358
629753484 688670658 249304187 285116052
565212562 797349625 21657140 88838394
447063778 101688150 681656105 684226537
874756141 344245910 422687349 501486063
684123620 115691930 699741555 773130721
93116352 575288200 204775243 243489241
138425850 516433466 843352029 856747935
424222519 107353896 753369897 809650087
249301716 287078576 28155550 122331016
280533160 473362906 328174330 377845668
387525611 780995424 107677646 191382380
88223058 899078599 882550014 888700165
555450565 408574136 559653905 594584954
814202285 671755218 852593431 923195729
99934170 105453620 806040955 811431849
224961206 619367198 225998814 293269629
88984867 178383335 366704204 383488067
912484159 886876249 326587251 380272702
239401676 140167802 253116078 348528645
577707631 196349290 642072464 716727355
718721060 726033521 384555023 420907518
643347737 42831615 467862870 502073556
344049484 33701070 623384657 700277376
989178277 814240605 546596202 610079698
511978557 783059470 665572916 685036139
962529199 16881696 495983481 518914816
9743515 787470301 102470168 175801083
508515915 900042532 293069067 337954713
848085350 664661951 226506011 237817169
190078836 44738682 281109710 341520607
872682619 526764268 484742463 523873126
63524133 975541176 65362571 105340297
653289118 8570598 762019292 836099613
648189168 319250551 527996690 539478494
351321839 851864565 63974258 88196761
111861779 548101276 3924633 51677806
9431036 700916763 637786872 731729325
523293016 493093070 995727034 1000000000
398275692 531119901 717000428 753245592
258192509 733591516 434262574 471376047
18907492 984886341 731541872 731848887
283685049 982754844 74689914 148606074
502096807 75918147 988628500 1000000000
169236696 915909638 48829565 56234830
107685060 822366646 705065517 736586349
568929941 317804491 577212682 648613989
887392921 162358643 772283416 855117960
650301697 504924724 368484846 382879338
635868381 134802338 143543475 146632755
734464824 89416886 716304103 804630500
322492213 917785737 498707088 539074814
63789226 599340022 671164406 742586025
737653223 927215001 113105972 174294376
356288575 203932234 706784289 792460955
198960883 891622477 574804021 574866564
136234103 849893438 404241695 437788359
767887296 839989450 184843467 220756947
517050747 958396698 692222338 701067988
698119256 805146413 150490505 202568288
147906908 266400745 714313502 767744952
554341193 126046338 105234139 159384026
774068835 468942331 51321617 75203387
279143803 742963040 683492683 779113969
661422845 332106502 262807240 353355535
405851527 683289053 369313416 450318649
90038038 972096244 958176030 1000000000
901344933 673055919 348369361 388834249
505563717 314609794 504379144 599383860
313398837 533680662 909672025 993074241
522772367 597362055 923058486 984634528
839932335 980147353 908734520 915718332
509865064 444050452 776709970 847685545
428900931 464823152 399730198 452482999
135471868 708089322 747335915 766217948
240265630 195610383 385281193 467772641
489977901 142947590 27122741 127056213
994476499 127950448 721816978 816203166
629972044 688896909 414824078 437343351
363589859 881380181 865391074 910165554
658738089 968608322 379253829 477284976
133129303 286747838 823064677 863225168
359330126 808799920 237622491 308401422
6007603 348388975 330770179 411993369
930353379 802089715 915060768 995459200
737415241 781514200 261082374 343925525
541862575 931381502 171410152 217158791
872941352 928314247 927292504 959281262
815284125 814703442 982419700 991916568
767641950 784424200 214505824 289946779
915003602 211454540 903825638 944394257
3411085 45765191 709826172 719426193
505723064 501738298 906056730 992813392
562747084 153013088 759678547 828369562
667999807 25721887 36715674 73836138
561008618 451384128 144015146 226529226
953385685 273066706 863455252 918047849
205514085 989654293 17040771 31643434
722492763 521989144 95008372 98492619
792304876 965151195 911089249 996830679
168316942 913220682 596352 19916736
423710601 794822545 99544841 112150136
284651491 608120213 220477340 234326764
288417168 69364878 275857862 301148327
276184632 513307487 92969582 191704031
718289527 374784930 441130419 503455066
617982359 392743510 744586975 754350927
100567769 7077006 95144734 136069078
644215020 262203334 715186020 782264586
685943091 953717231 318625057 394848819
757849831 173509945 393629987 420464910
397184930 295316248 264897886 361385074
788920581 481542232 583289543 607743699
482518756 628336249 28501589 88942393
882983955 938261797 50791179 90043351
894334607 83955916 550370031 617049568
859940195 644204295 97716684 163575506
116461745 715271561 809025247 861257023
309270780 165936825 749275305 782965405
656034212 161013439 69198587 155635321
572796570 886211901 139900587 143240654
35069167 72478166 344865118 417408118
332128067 688398268 574254658 600704708
963286641 841162972 1184844 26264797
782929837 294011063 409233616 473186588
293737126 101701340 462525082 486026039
558263882 706755130 568987393 654536014
48717465 461944940 247239151 307646518
418538379 767086794 109654793 118833565
928847529 128012785 627874368 678300274
474663837 934351848 90674080 99755062
46704410 587863001 460940701 491636492
919019495 770004646 675031757 678703370
178919940 770317849 997783632 1000000000
576510173 197584494 805644727 897781192
180133057 664432858 392980061 426426256
814847409 25319007 418884158 471627215
937430348 905309504 588006957 601772744
342943054 118951541 507107837 576480897
199006731 707223364 158484843 245115206
881874904 6450643 360579060 387592517
830246176 291850414 294437348 351510595
937517692 73130210 835355002 871923824
197132806 752947068 773906510 780033228
530946303 872539530 93864397 180505004
231265098 304747232 48478068 119544720
524719459 948676884 73055690 171724208
477693854 516852495 128051129 186954221
62348872 138609072 750880107 811656759
403344446 298012200 310561099 374743198
918239931 772102097 204895522 221045758
25195436 398985211 645377593 691247921
156881631 938817848 547098763 608685799
162540981 369505591 31398746 80610190
33709908 399162693 857816566 948966226
950900040 241263110 481983043 516713413
530166232 369832276 625124140 653916542
225431024 458681511 706120600 730000144
355960300 296895389 766699178 848176175
682593849 715534104 879508503 924492398
920272596 562514145 689631472 738775231
976982782 726472875 811515821 813419125
900041667 18505393 629926056 689136790
792007090 849848841 820763661 821699224
507633770 388974120 599357138 651358580
287613369 468079541 864926065 950689372
178058309 989559900 198401018 283156193
393915638 356283048 496934405 568834965
710502720 821986919 630465698 699045054
801762362 248204348 761448135 855903975
971451882 927666571 441794319 464325696
48029319 799936305 812468342 860268582
240632081 217270986 649581998 730392725
413188910 486583136 80978278 124299183
978634946 18652723 210268271 264324492
790125993 706889433 348531183 389182889
874809644 690546317 48392187 109782066
522451680 76934499 135090120 204643585
220900274 363909252 107699715 120212909
575435048 589818173 490671994 510932739
308700209 878522072 236169660 253644946
949514737 153566576 282605900 375418828
102477458 145331861 96640683 115517507
217152157 871928884 250445244 320742555
433965237 373565657 868034734 901554800
915665586 988751726 186475970 193698150
184651687 482785722 360855437 412904351
199590204 808802702 88425214 132964736
940479141 806762663 544001620 571137694
51062013 250054956 853350304 919930066
324331789 980875295 653063130 740780043
374318464 477346559 496441292 510797235
247859542 58373529 422240087 474186761
346025657 807949098 708007646 725339099
660289098 762482191 320448375 374228640
958957947 221258837 111816741 200175451
642645330 689101634 688045219 732243170
455441183 150714927 378384745 417405247
553937349 687479106 518855819 598492665
601783305 181793059 566106355 594756363
779910508 364865774 119982028 122864281
191616686 55643228 507204134 544594354
647371941 502274093 16410614 62874587
139495082 355216654 253483758 330084435
544419802 979773771 176082282 248084554
538210546 175314596 965066855 1000000000
993711782 107892336 597338316 614251500
886449991 277306348 496618760 563784804
650515623 196702471 737368036 806942616
895385883 582917049 133816847 176446860
564649820 173206869 194557872 262289843
808168061 880025361 275286177 325780195
388015962 795490204 16636464 111256812
496809528 674791611 435819386 450059984
796791897 132289644 299252822 367478906
563117983 134903682 561166416 571389424
132385296 427175057 36387875 84654515
480240618 65384392 989342624 1000000000
293426677 443605483 912256601 979132490
321027929 933229227 625944356 670903690
743663820 589039615 565936735 596735130
833110619 629950782 52498867 150855213
108959116 837459374 869685741 952315013
671094355 959620343 446669669 512440193
257817264 77377395 77493432 166529893
522400000 962022258 202402562 282816021
467091615 403544373 856808836 923284330
681633166 947768441 688276864 713667591
624500397 190930346 258117706 291522270
136845390 301301310 265703290 328511419
960156271 372455664 96826537 156432432
188866704 241449112 466480872 560965110
112314317 280238644 22493145 59795057
67952162 16763520 863394781 925437265
157208780 245134497 105576353 187806544
415097847 137964919 348755005 377677110
576382665 239978400 83149077 129666814
403854169 173721541 509568924 515098406
15466264 14729337 895614848 906398899
964230782 456559811 298113955 393187763
185177741 667525219 312037239 334093400
865732426 293913878 526403775 558387004
137319792 227298689 176022173 188351996
765043549 422888126 503646164 561304711
175506417 805433727 451408977 512216472
697658192 865661359 551935509 608048560
803845169 91639237 832743220 883716068
840065936 984306448 39794286 40659884
237020356 519830377 309298446 395581510
66350841 83023026 166139605 169453021
551705085 763162753 390262443 416039154
474465454 891510300 627823597 718979530
582928142 291593403 692583719 739577496
919286443 745208955 190008679 201190342
385936525 222262197 975342136 1000000000
352924817 700848871 645465264 665560607
490732855 817303645 583335558 668066412
517090961 45789410 1343318 79721238
539922341 477950191 482227304 496812840
926912599 699473434 483846616 491451364
592739182 988107537 662982027 758374087
694206890 383786917 719342825 784791838
682671183 980895902 920552015 930268725
535672127 354996299 811827168 835000028
23620120 811373877 184398832 224355388
426272438 463272005 886924766 934259228
827475414 684201155 220840419 256455666
301264503 402361550 692440159 771809296
850054777 142704798 197798343 218008549
990496811 114810300 125476505 220215472
259724054 93738705 217272234 305700071
885548743 390708976 470853616 547867347
804176910 365859941 995781207 1000000000
247131352 540662832 233242533 306236428
723422351 933247603 17099652 26851354
494847099 802842618 197482250 206698700
534419416 264744365 366935914 400384309
972443238 740532263 641783021 650548630
997446658 728749040 332142580 416883207
725298911 399823211 84202145 175983868
189103667 215862294 26339200 45088298
507250031 232459125 221792324 286061514
862681892 676972215 389456809 474394518
851051302 82618190 366594659 406488192
759977627 870523223 558104987 640910441
416368058 600194817 293283437 366943454
495752198 450543359 687995847 735618759
412094509 704259673 293208211 339449121
451749879 613559346 672349976 738836311
476789797 833260333 280537828 353628361
933179653 818681294 20537205 79142803
458002950 812201708 512373374 571833579
943015452 577604809 425921186 426931172
756917635 216866720 21568179 67253025
602661157 616526248 804023824 847213646
997614234 698742673 505217532 561728965
400444717 546883629 735390137 778220369
456525322 245932490 714802996 776742884
806990028 461047149 415544130 425145449
19573063 547098268 802411475 825191380
961362032 728769275 468142350 496218785
994058112 648378988 614068180 624600245
807367069 898331386 20957464 30773144
271003927 770407899 386338817 449994854
890668594 725362598 302170755 385782388
711355488 770264196 45646625 79209399
886599141 129915662 690899119 720480797
408045491 323292402 962566896 1000000000
133800553 849646221 90352548 102541700
197926925 134398465 828456224 898485162
727584934 650416418 944880275 996419920
600313959 190416363 897905387 995992289
391389301 542059657 25669962 119071326
613987658 578157265 419759412 499210030
419483766 673084635 879435710 966786671
167395903 430645602 775791222 846468998
210663550 810807289 672402896 678452848
166518865 231241299 777564624 833213576
65788577 659767856 345122274 440514505
569280350 716438773 108502043 155937396
636806218 240630009 816222201 878775580
714731726 834138707 327921092 364108875
770740988 98690589 824215537 888487433
796975122 194568650 920248792 985655770
640109776 369067336 590465714 630033371
568325159 553725986 674347527 738127636
373454639 406373093 429597160 506531153
883039824 453412644 599316940 627020802
678658618 681519125 425710655 462643748
415890019 457758813 683451064 694227387
181928930 779144795 600507288 655469637
291459053 665185931 364882893 464168214
864897760 496108101 383670266 421518679
951720642 707966062 690906623 699786026
330350880 16700748 579140055 644184618
330481738 608374051 198905084 228488318
142707908 199813668 152201770 226924524
505247522 807280557 824645628 872403676
513170434 734344499 842020042 929501526
15594925 281881205 705248973 753218811
902169210 273911427 515826837 536334807
527591598 76963739 610849600 679166709
419235782 559481742 307825764 326332273
832970626 852218644 689745290 760230924
979965942 29465383 170040810 204184460
340683581 360908660 658650507 669719140
116011284 316506414 179212578 181687194
689815038 958650388 704396357 720278709
48035305 757905149 57941920 139688222
786197790 512695244 330078383 373420758
301090637 591520971 429220326 441958486
84781874 893818983 812130192 826798794
661749573 314819208 276446232 338681482
378833788 55638400 118739335 157575423
856796011 43742807 940332212 957497447
780911259 919187828 201890790 239123183
479402828 539901706 381035607 413596773
565867358 791025733 156442129 169559754
620593591 537665496 574271381 587125161
40804825 18972641 700210640 725517300
728435006 906719629 389823616 442187924
431519137 682564414 493979794 579031465
918726961 256822193 704890576 709655083
564161952 324631929 338136980 346554995
325633902 434818918 441214919 510212161
443468776 796107150 82375724 118422138
118201392 22267213 527127312 580699557
291455494 285926812 288531859 370490163
13837822 657348824 728359997 826854010
432241327 140571875 329200624 333167494
561977797 378291904 996602164 1000000000
703657287 647743192 584027729 620592829
685221641 819558005 926694557 970958825
487287141 423896287 47794508 52642868
22371709 321860228 910069343 984329155
948086624 352166164 377327144 463355371
34325208 806160432 515282934 520105616
775747112 512191915 232820903 311520226
556439336 384543976 980747599 1000000000
165640257 740282479 394525788 447824964
185700825 302986846 488267309 548613154
986273206 586774712 345634536 436550170
198451771 371996255 161188172 225969366
170710523 502407244 682998138 748103033
33393930 217699145 337224622 372137789
225551138 242202632 102978546 106759343
155275686 839037077 896082452 897690038
233387550 418641476 972704980 1000000000
338446532 57028628 662084321 729771017
333992174 98119883 271861697 299908278
57122690 892853828 611670781 651861578
38759952 147163545 13527209 87793694
993890911 524007080 797764288 865437235
826181509 421570718 153138621 187474227
355960362 251081943 137220150 170375139
174688745 946867895 782299763 845784411
512420622 539370390 282941706 360725585
28643594 293843276 558313680 613252435
449130603 779660802 497394387 580391470
767052046 266562995 948660056 970722588
260787158 942869572 900780037 927377522
130519415 60999631 177657749 243886441
937276254 742192090 988446932 997890597
309057927 589598477 868273081 967658155
20835607 260770400 915198815 974780586
655818912 247866201 748444779 829282072
297537626 681959351 922876381 970272328
213678469 296002273 961399943 1000000000
640680541 59602376 846620415 893867315
426885251 267415898 453421153 474175616
76424785 150467497 490563193 527103421
168451749 387413199 632767127 660126520
745226944 56051726 962356079 966813822
645388053 214973384 804977912 855753346
815155261 967511805 922777853 949728271
881248756 960183737 713272310 720401592
850067964 766137785 794548964 811085346
628315788 375801603 16175411 85803878
387248762 388195729 166097601 255498742
193899068 297175771 258709383 303867094
552387558 856815614 78816969 159829291
21145705 690080032 930626391 1000000000
794638924 920651996 145527113 161337101
282463306 201264926 600310084 632167881
396342191 628037025 406039223 472214072
961326259 37140855 580774686 629888677
362452852 278043305 758273141 853854456
453238425 941673111 89656845 95799064
462996670 671605010 389046793 389191048
496153783 505591739 206315525 261351363
925080407 803516909 790596677 830793508
870127745 824889227 61942041 118534134
768422251 816463962 900002364 949238382
80771107 409511547 954395299 974002469
549220526 870496682 40645069 47997386
831811116 938233283 748279042 757121836
876073278 482193402 212875965 260617703
863873460 388520858 824395077 879511429
284131703 633751250 32025445 86799236
790913393 437827447 48583146 109371723
745432156 397164961 843316368 933446499
18946056 770859577 911008252 974282369
892610302 417542353 732357493 760872874
247603290 485798065 110623082 201825620
550220996 109719523 601043294 683495910
611907870 828114722 124439045 212207604
806893480 179606517 702600288 717177208
231860079 655931703 569502029 577961931
404454522 786529656 279625625 310983129
424695027 646892195 860228973 905363434
589056838 137739613 818876528 876429791
744793553 811902302 130648326 225337326
640690972 912244631 928702777 967545264
813007638 297648134 772719127 835735646
941094616 734651149 735908371 779611001
271622507 725365930 815808283 846671982
518263052 762574412 249229892 255147019
470838046 391316969 685107752 745794872
768124520 820500756 631404810 670316741
601271646 996109356 972909073 1000000000
696283496 600058666 480579308 523941377
801367358 380233885 80538880 131993436
818380798 94230465 868794972 883262252
204195601 653740291 436056650 478390876
205841471 102322327 941686099 964114936
831939065 460689521 460454810 553797062
151913925 558447929 431104312 438775563
602021856 922253178 775985894 873515077
802206059 757416114 934768418 1000000000
255002852 926103428 671859563 678532816
568367032 565860164 286677361 288090003
493885050 835572320 369489082 447920497
42380898 961055756 480105893 560791572
86141549 161753113 583662472 608265765
393243506 578077734 49357261 125265820
369606367 979393473 652468526 692868881
851665257 201879262 347706224 440557432
61641763 21301531 402655600 405176766
577333455 538820095 544524183 581905698
706766823 589081400 600657630 687038847
677098110 684454004 153287451 201805632
836122592 192498159 866690425 957629803
474290138 959623571 966151431 966280109
733821845 134675707 188808492 259275671
229502179 698396644 91354063 120651646
256155 494370247 30044233 35508333
538083050 512912608 650256319 666329283
886061699 694423105 57023464 85777180
512405209 41935265 539843564 575518395
916103704 494902274 519048285 565039459
505716647 10116675 287943661 296970975
501025671 487879169 109162712 140819417
887357278 277432544 829119469 915368409
676379982 439453819 361794341 420162504
467538047 481240146 450102570 543954347
875206556 509799268 331686563 424814098
150453892 996441871 64700540 101921174
36637246 658390958 37408425 131011942
49738006 545730225 552405378 563553159
510908030 817086642 76844765 77467200
244015468 86629283 581348996 594801320
905744872 373042634 56116650 154033122
467682962 26189552 306732599 324852730
724093819 889810213 194435571 197813541
258887432 329090979 237247079 255248453
596870066 543239478 693726123 698484583
437777418 18092330 656584213 709562086
496118090 107080618 219084044 245265372
946438311 850997163 950928886 995149446
265804189 690083819 6227366 50190253
119155967 674015139 817240856 823157286
765237543 714570089 418694807 508243627
999922110 495205592 319411916 341131644
783282903 201642531 291060765 378975205
800267191 471589408 978851890 1000000000
930653287 379143861 318001465 352327459
3382772 151799932 917915943 918422559
690199591 33662732 284864335 350732285
889600286 572550379 790143008 827215656
108872545 499641495 77875001 78719380
174515626 716287239 564313814 614186672
179052787 648445039 780645353 866342201
140554393 888907947 754308451 815596935
190719404 16519485 341727716 412840485
77465539 430499407 574987954 632340829
872960084 830827939 87470328 87650225
106679743 232594188 388376051 390652252
449547057 786621908 854545916 877171420
251496136 628054379 139137132 169813523
136163074 320715634 397796912 472027994
102064749 990806115 825570409 848267807
227194087 119575194 432219504 500106067
933672992 486528883 413907622 486137941
566679739 726458269 589766474 643840948
559959748 549029874 102157818 129533323
403068792 358531746 689947536 694357801
911299285 367914903 155493726 221105524
482143966 634087839 500798799 553820550
342785503 350997564 86588619 148666980
22172315 939852294 95128022 133884833
177304119 772595858 288482751 385041063
495498617 424802257 982495975 1000000000
328521235 88847030 786490537 797787562
995572250 930442867 129548099 185010739
762812257 325770769 20569558 68988386
97761032 437000160 447516221 497928244
960270741 858751420 861926029 916775996
93677905 459822934 964119907 1000000000
777793918 728066374 494916034 520294563
960807812 975369972 970692155 1000000000
789026029 387380285 975853334 1000000000
519624015 552695872 916061221 916623603
931992670 427129288 552417939 610462334
303508668 121252433 376014527 432993488
629746500 296798169 557963377 559298271
360705246 938550015 697827886 750892931
737232094 303687949 733920092 831752801
583074959 289743146 401697180 485905700
75092530 854605671 104577108 165969566
659393733 822231082 744615282 759446356
983310764 606371301 374962573 393158454
559744703 334826326 527472431 595820235
924094691 828684193 734849946 823780217
354264460 498325224 794075618 835975809
458570974 241676242 451257678 469990138
