82 305
591955456 988144522 710582690 804284270
330571421 886153028 1734544 8074395
708104743 753019785 387278777 461950612
682282339 620845186 697881512 793662981
360174686 274929299 457975951 500990568
491075741 251218794 183947276 232220352
931020581 464482052 188298267 241435815
766235175 391927540 935087189 944902443
211209296 463828410 811442760 858944366
250003691 716143417 74092361 164899561
262292800 210243385 378325025 434985389
602646014 149907675 982415230 1000000000
801232476 646393108 244812971 313488184
516866904 762459625 619715543 678112264
562492515 910516488 245583562 301444126
711161264 329799798 84170494 180418912
238319095 40137488 4143832 17310494
208693217 656203691 212236443 263054351
927438255 268593303 652269774 683795342
526095878 904027286 266559006 272463593
824292658 669984702 389401556 396288081
221004008 15847709 708909909 763047697
800867510 879252507 36814676 131324200
77567713 908785593 869872176 915274820
549204883 364953686 758732989 774364953
980861233 291057652 464433069 529634202
509931719 535761081 979554593 989662436
855713948 580420158 154134353 246881848
394104343 312077279 513996312 535074267
829243224 451529259 926890476 1000000000
61886519 714205297 799868743 882722043
207739040 883068491 323114135 407259786
564582388 699505012 357580133 419860848
599881746 823804290 246182977 295061829
446657549 83854343 133132042 229366627
86956918 896902972 306580358 380537253
320970289 686416504 126690453 133260949
248045766 59159585 245283394 298352918
978078634 605632135 803860513 848368742
693532152 63495118 885948413 976385065
379622638 352091598 239931604 333914723
774053600 50535973 279590745 300953785
979665378 248851699 368996485 433483113
959776524 651490001 433783639 524443695
661264592 694159526 67061207 112755927
634006910 894984059 649937204 659341474
816400732 552602416 548905965 565721684
191924268 854924736 852478212 923245360
582680453 885453238 83530909 129070035
58168207 849673978 970479834 1000000000
529894381 805980863 110258714 125612751
983960386 951344524 557088921 594765270
125088154 474661062 512512967 593601233
324662453 872541987 72808718 82432878
908897918 940865664 489444906 579024408
610874605 40046124 371051269 378087876
154010957 973290368 398493826 433355185
310308774 489829961 524344642 577684498
217914493 727505659 587422167 594665097
297269700 941238352 828311210 905794483
957701821 753850687 22866419 44874783
823066615 84161404 762842164 778990626
217885162 194763192 855297175 919304091
244196537 991039549 440443517 502431687
48912671 646170188 990813944 992262889
63178416 327872609 856514736 866130340
922007819 857601017 496289362 540682009
528345592 294200553 67941889 165545447
966899100 695205723 483179309 576851159
998016741 121377937 351281556 430124906
585502334 607909561 891979397 935382280
255522361 512413736 263172249 334858832
23183473 580040266 695414932 787652921
760636768 654650959 13576683 48453538
419038534 303139197 277089720 310301902
946160794 698823969 148433202 150282441
567306081 814975315 70499214 168733355
514552669 120134357 398724949 399725709
510426304 605891706 956708718 989084060
679686073 852178021 91385674 121979259
508286 636628448 412315939 446676505
151698546 283468321 653845001 724393483
547374391 640328827 95748452 123301907
696560369 749307991 117962673 190425146
63361685 340700885 78377102 160028247
465913662 356147960 6635084 62533438
887423824 496694241 112945336 121151980
439834774 613005444 166248727 198703557
519857690 254655045 607511483 661539305
122215371 228048369 533979399 579617390
163823170 620360952 194152967 260669883
140326477 65631248 150823992 234192063
895274742 682448588 706487725 790623185
945348273 656574962 457402070 485453474
338554626 894814033 458743562 554416593
804217805 662536361 260701917 301048375
283407333 622452245 973010938 1000000000
983046860 887858627 463776632 496530432
426110096 834222509 304401199 347571097
282201789 672964748 239298703 317387451
670405613 954200510 23684051 76058031
735415951 277389670 841433703 893270700
386036699 237590821 193868649 254353632
643688992 329087082 90228385 144404334
366347077 320265861 335329289 404797509
737098111 967479807 525703854 550971698
320540091 707964797 770052486 861905998
73103244 698635263 614362508 671855488
324041825 275746910 372256371 376357112
849693331 278522326 232369903 240306725
450320665 416201600 463211747 518228446
175504536 582260094 433434102 482237121
163491855 166041240 636515114 636712405
193527662 624225863 130490902 183446067
971227727 827656997 145685717 224915092
745332457 867074917 15203666 22303793
348513972 37790283 602183966 623703841
175721367 462611986 672159112 726279797
555286569 635778376 777537833 803841044
636049752 16482094 919615335 941250806
482825943 575073628 129415880 204367939
717732055 941837433 230118553 235573114
609308030 241371290 335447506 411078507
674034267 91131158 699296952 770022350
441196836 557633538 440740876 461915203
943996940 617373445 942029385 994846952
38545288 15094031 994765926 1000000000
971803062 500115079 727578501 752658523
37928735 449598652 538677177 609683397
807584164 933269292 324437607 365697336
768088022 480556697 803053410 840739747
89362101 414905755 757140837 809805360
668152726 787408344 343531651 364418207
830253109 624195132 869250243 941604130
874474995 491742259 558093955 643808784
835959863 924033542 830050059 898639763
122304763 147382941 103731943 159072475
579951001 310162566 590651295 667938136
851420723 299114966 999401963 1000000000
780341260 817742773 196464557 255925360
559300995 233269936 127679144 204472363
866732308 265388453 160717396 259319407
194630865 311764781 989640629 1000000000
342123172 442619350 90750490 165696035
341105554 754188637 503709765 562208676
852950072 488207133 412746072 415589674
748567920 473046941 562961601 642967040
854582287 839960564 739981959 785683251
458759749 206527065 82567285 140195893
987835993 664083115 207638940 250439550
312986352 229918636 386766337 426382187
372629224 669928027 500431312 567703515
966287709 651104599 545479392 551670340
301119364 700741674 310474256 353820571
150185571 27312938 303412044 338871177
257136975 450006157 162494071 227930270
403425072 453660513 830717435 892203916
631004650 449136213 869001105 959692523
506281650 759039690 969259042 1000000000
205215055 900970289 913517898 956643129
670270932 282679950 592949027 675441180
771719600 916948377 90768579 99246066
566650819 115115656 436840275 494625075
243772245 55808175 522598665 596204662
528538790 341602297 760873293 779230450
931334345 264906276 752280815 847581047
916762018 424333972 934561090 949204635
680583400 171516065 859888455 935095514
843437852 38894012 853397626 939042449
190803614 469838898 897479023 937074397
263183630 142508394 545167951 603950980
634955809 641943807 767718321 810217114
188790935 489982507 439004591 487961195
566585558 328120409 772008437 781913039
587240540 468509387 907766719 997332734
403923284 492953329 987416213 1000000000
963777199 752417249 15313184 28907165
142597282 611947730 893210481 928011664
253624897 285438853 41043415 101590536
830165398 295435184 403736827 465655431
226099622 871061263 4425841 84845945
758959351 536131642 201948389 263187777
107431396 119573932 99228659 166900253
672698029 921667660 801624379 806328620
576338645 948500074 196762430 262677188
820147785 455390059 332006764 429018182
362036798 409104525 269638556 322798670
470993884 965803336 425890486 496898786
721518838 654751864 107195540 156988918
359508235 920597225 72910020 131888283
683712322 299665762 938256890 1000000000
138659888 180362067 896935869 933302659
587990373 556803844 256319854 278454231
122417216 629292750 455903880 546484893
469119122 820067887 139011443 160771521
97721245 998030087 827357938 922247322
774907209 125683300 436396840 501728018
865559989 720343815 112910498 208076293
314418347 776660246 560662206 642022813
726550781 241092093 964340082 1000000000
322013378 821146021 279131040 338303998
255501545 254442712 367681419 451758213
97906293 661347648 207578768 251908251
316276251 761407703 557979526 613182485
931340140 956408700 668306317 671840848
101454160 294570895 171457260 202082144
290182980 579135469 482502295 547310690
265793344 270919734 394488173 438728349
854854437 155582722 219847003 307206574
666019865 695510460 918124474 948676171
735424634 316230817 339492110 346102819
752464584 259547815 132958447 226419221
162494663 919659528 757600726 854057654
671021252 182886719 477413160 522285613
982248196 341640389 392156262 465456631
673220634 911248585 523671608 540338514
461745582 498053077 161829137 197553102
464710193 667592396 399611074 430600057
55038816 54574501 191713692 209694827
839668929 50124623 434541789 475442724
208722489 378448947 792651014 858673593
343552210 13452585 655274014 743259426
868127708 132667759 459475752 473333920
387800996 744451976 416809801 454905144
591422038 522805766 131067790 179776870
830170137 32516297 232798414 253190915
691277273 604476547 152258264 161179433
57307702 630492914 302846587 347294428
844679694 9400552 242973972 264572286
510932742 670998588 288621003 331627337
923511505 278092717 153392504 225101240
340872986 339652822 897984167 975011728
72461562 308437409 956265422 1000000000
674839586 401264510 924624453 934885853
298501236 323253060 963539023 1000000000
53475928 984609863 353219012 403093998
764044219 759822173 979754321 1000000000
447337250 73448104 312959315 333711837
201315878 200193244 453809591 476344737
790577004 975830792 240431709 323818224
747660865 944932803 241341586 289465761
385083256 132805391 419822169 422217506
233488200 104661574 298313860 350042803
984659627 770488572 100417070 176109692
591166981 558553746 64270876 113240335
885931417 274451287 839238769 875795660
403438237 711394586 180079192 202378579
730825302 250913202 800478605 887628214
977713168 721427615 103390684 120010263
726680375 146011290 73490158 73860613
224930675 96263727 90115590 142159412
624454299 96490506 364836437 407632667
557569961 877593119 713481995 747202481
96623521 870599224 889703309 943465153
247404893 863199236 381810227 477299587
913902110 792000680 906071931 926276910
109208591 21331629 970260415 996348282
384285652 89867004 141402567 178513653
893812403 320025267 202863845 217025206
800938260 136788722 835559973 915706698
735201637 174612570 131397940 215195335
928923221 684991362 969145535 1000000000
838153625 104619580 107023252 192907243
327796347 52946148 181137050 187712910
265722566 325235224 331174851 341367298
584977442 510449906 502325659 535590230
785870093 195390410 776680028 816175337
472728287 706767611 540311564 547053481
559945983 833022842 527586325 591051497
698165353 300356186 785305397 799698448
296162031 117300286 590282395 621799155
341511436 196307775 638253728 688248143
626265479 67367083 497647364 586715672
877445139 707391393 782964602 837376673
423737307 894349796 779029246 839283381
615328045 404267550 2680860 101201576
404228874 647151733 805004490 825648780
220171146 517411451 652695966 724100384
536560456 755996601 880042006 924667520
861344690 828404501 646830196 743391845
477899842 831297061 315391925 346355183
786483467 790843795 926067012 970198190
806898112 677329093 353557053 385396330
631740108 129780075 353085006 383753253
834250222 560819629 247564042 294867244
77386493 616479088 856629268 894552190
630523050 908489538 880756143 975067133
71160050 723191336 224084449 251835522
537783606 431799828 147162112 181677105
811334819 265712901 413197873 453864673
716820027 538771346 237750645 336999994
992812514 23270029 902086681 921704629
456239242 236008131 606011373 681465161
321956073 451102707 799717828 828956149
34111436 308183738 733498952 746031087
390367317 812564022 967451155 1000000000
807463247 162481162 934483547 1000000000
973843097 321739981 453162396 466071720
157201295 578653921 126950288 164656316
762952521 651257799 263914544 303751478
389049134 821672460 147115248 231639096
469027204 899628154 539160215 575122421
734691429 588558202 847220085 884675684
621103766 435772283 988084850 1000000000
476715774 589029299 364676272 402130108
