112 497
469627575 390825248 812102614 866378446
49885050 919959324 487158084 584863750
746929411 633826473 479962251 541327064
83597632 19327043 591368446 630836813
113452753 150114567 651061752 688699900
608765947 556322708 485251772 524352966
108621445 652083155 27098679 53168303
757507605 894839262 24200549 75689402
13902495 890989296 632437849 641051269
171418427 406111941 76668422 172783518
762311578 816727112 543144550 638002912
212474928 971216355 93566043 170841535
525402304 626304000 752818325 845476932
199267330 223718990 71599901 160570543
591092516 159480058 819819443 874403698
158985344 896745409 917479008 939368187
711822649 779779690 133739456 168227697
650386198 491265860 427617240 468578542
316705550 363801307 637359280 697592042
673612827 821917388 821438307 885196361
195624181 934171761 424694132 440091147
768892734 354648942 540529248 588492705
853847216 234938735 363435845 414626903
499862347 526661784 169074767 203278936
789278655 48342444 743367692 797267316
29572209 480190295 702573247 736769981
488365885 597774962 507107598 549051987
753123764 266816594 250750456 298985023
448368044 379383006 801916096 882386396
550804828 925884599 40968779 102689129
25063318 609943393 739232696 774022104
191396114 813738359 313438606 407286543
144444136 248639752 751872659 817987908
925582516 352932821 441438784 489679972
230446855 56829591 156274487 192446642
237873882 803747331 838153566 928326748
185099344 121290346 792209213 839767425
549841258 161530807 259987872 333464667
440630043 738385957 78485016 107849247
184777786 933458614 440381023 517821786
408481224 339172356 322088326 371391639
949719165 113341833 493866229 522148027
949651248 696079400 597655829 635289678
531103480 597742065 718017462 745722910
457523090 408877865 834371922 877564523
688813925 205015923 87666297 154021415
895175517 85593025 764383093 779441867
238692092 757803027 52530726 134611328
861698428 567205932 883217547 947773232
807781086 625183982 722196404 754003089
204765561 716363803 255980782 298956140
517300321 636775951 782406933 856502389
181254632 628798674 944590374 1000000000
196495659 453426853 987012184 1000000000
741856931 175179771 556746446 621143960
820340338 121005409 405691693 417069910
943675630 930845958 143465406 197832375
846729212 629342424 197640479 225840282
49654990 394239917 646685271 707527557
972980545 894841158 848807718 873389002
452343095 592687065 845403397 936966721
281312180 676136545 186224154 189112095
133974918 688348651 664357055 682485740
836637508 94674154 871045874 915598641
530448891 976036936 224550349 275667929
391672598 60347973 131636164 221806788
745620565 579336141 763187884 789397114
755911613 167221984 396106936 404812317
992675422 401021066 631718040 727473407
344049569 856746535 24869193 109364838
661415598 487915681 430395922 513146574
430042094 739692118 797550428 879702876
672999563 424586037 629781266 655035484
106365226 674692356 838433936 895402260
704247727 330760764 698590770 788252492
492914305 749806928 223745704 283628945
350048356 552595079 976354675 1000000000
689745504 786483542 886331643 974273659
170950695 855133896 515135451 572532403
716405136 93193232 503959047 573564199
173571910 218983739 45127817 93461162
339442451 162412889 492359394 506344811
653092474 22305231 727296435 748359563
183907946 966137043 693232203 776104199
979841393 822942070 811050960 844236541
908115528 381451235 86195614 91384592
915465040 634291516 456956781 522541226
472417812 974833278 331930393 335061208
329011093 259188481 720934391 771829031
852048126 308006179 303793995 387819086
313596199 412702104 80498903 151128019
71797857 436162320 145164211 167815890
362373251 285663995 238690202 330479155
56334810 829075841 904015134 905436264
421611342 718433994 112911512 127702209
465845699 943389046 601835780 669861250
563907437 679380174 40653473 94859919
940550226 980940174 497089843 498159071
922276573 425488747 81147739 98934775
831866685 825945544 526273028 535934423
250003026 149183705 365045222 453952392
683349 761078372 463443519 466364943
794658728 954062800 188376616 260614078
23622982 525784968 888204725 910399676
800456980 117130074 490756461 542425961
255593520 625703178 518666511 603262926
369026269 894335157 398521465 491107123
503562530 870475822 856488102 919420274
634110438 642414151 900059272 919657518
849848777 466486624 55929459 72374383
634177714 77436711 741255182 796425279
415647879 818342815 237177822 265047091
410952892 347976875 915717874 996752660
369414936 25538286 905373532 906656708
627232156 935053038 171429394 263758662
127692642 6379103 765086115 784114689
154327564 552314425 755287771 832746406
356189256 998581556 422077521 507517520
826293716 745436026 601551434 643408368
36786333 171428114 334325804 348946750
3976395 150519674 627975744 661349176
589296474 389386141 728939250 743968840
78209623 930773094 86995031 171822458
280005064 916887203 286337344 296680283
450843760 904182168 973161553 1000000000
441861618 851978510 249184154 266356837
49316022 34129851 231261837 262424242
854003976 95180291 708486456 734811843
36208177 824938424 192397370 282566696
42033461 107948701 738577364 827876707
54437837 772254475 142656373 169866372
919877907 228076023 203808240 242431251
15861697 803871607 480880995 501306589
401928737 81586415 274660044 351893884
614439438 818769859 987530567 1000000000
345450235 908289181 530440489 535596881
675099068 420817850 287669067 355743336
411146401 491485852 268333144 312330601
646026907 126557386 354733729 389522659
411499943 862059235 260104899 335594010
349518080 950223411 13144538 30044765
495504981 237461874 631789785 716586120
439059029 805113275 401401595 484989224
921313920 499720682 864312682 913274451
154918049 92175299 392014522 433514723
291771446 991312834 706768505 746903907
545851724 744173054 775112361 844817810
324842549 595889688 92492256 183023344
779024523 582019517 611668211 684185240
27794687 478792556 866889088 921514839
36196531 965185777 78711373 125799715
153535812 834173957 246302928 320562420
169350007 856754713 536922774 601555497
982916472 300479593 869414447 870027628
535053271 591831569 438560274 469924975
698668730 26116556 44053456 51792404
12770666 600760493 192086798 271111412
40875127 546290891 292715307 315146768
890166585 465635344 795422392 856232566
386456764 728429917 82096216 82973184
863715391 206315460 336522521 409015190
395587055 862806808 539362389 608084333
606013460 137292057 92811512 141451275
945203083 713072771 205922322 208174539
596526395 310034651 247292921 331291636
905501725 890363021 579162321 610252285
678616228 435144311 350042634 363856356
61070554 70870403 597314323 690136887
475599371 602685442 52360923 80227726
102905801 348244942 661472159 751535715
342625137 538275689 612428558 643404658
760445514 528998984 964561689 984398334
510326697 754599950 774725047 819225105
30167261 706532295 891652959 972685274
755629770 113613519 524065354 562445783
611231582 983656715 109277779 194219100
325219557 371824575 591324731 593645220
302552489 150828042 807417139 861946076
931100441 886296702 202829156 214135600
259444409 763553044 546188025 628084162
13283216 158090989 559908904 636111375
523307994 879644524 713961666 770901736
899704137 807106311 63823351 96954863
757216741 607984698 304248211 395731057
668974597 722607411 499466405 530297749
32761001 359657459 461005170 498792233
572069020 698642852 525090225 571189428
943280707 921324738 548877268 621357595
616907323 147993635 717650223 777064306
165779705 39898538 797651864 826382708
271622222 728204746 542301734 572945483
805122691 223419755 431231959 519952405
409504598 24911534 627625163 673336138
812628723 526863892 530547399 590268553
401055416 621149885 187512995 229960440
182255209 897740913 797544449 871223764
267485040 306059945 119239955 200803597
437811559 519094113 154251287 190243140
650387539 171603887 882288957 908852241
965804785 414446700 549925164 647605597
339041098 611421290 150439270 231698526
483178614 387452185 570068263 630908677
595509643 639682301 982734615 1000000000
625360884 831349661 887317021 936249891
899307092 873529046 331440790 350087020
923524860 813285747 702698339 796645268
90164852 170626470 880431783 944171353
541941771 310855613 46298787 113449664
652653632 448367729 918349915 947596392
16136067 893835146 220057148 312438306
651204424 161988908 998236990 1000000000
235074521 58640250 63800109 149207317
569590545 85587487 194152566 289161559
830986394 206315149 725695300 796654046
757222497 749264592 104894538 108985516
335455715 189037044 958969763 1000000000
878204311 504408106 353554201 437203434
100728883 347771370 284655855 306841184
69211813 31770761 679005053 723285147
976101015 90183744 740443431 775082132
115334987 313021579 252931042 335228591
789617413 222349367 641819762 729864959
792388291 291998100 973261883 998364393
683254904 104836616 900302536 967041615
242805623 638479871 814108284 868210566
499230550 324787964 929853269 1000000000
538247006 209383111 817502924 864864027
116004419 934911957 194876327 198847777
945404104 343994262 377714659 436086131
524451233 907160644 126453910 203161180
85359341 944665101 804011858 857011089
823995758 348403965 153679978 205841402
517182220 488199389 648222505 745990508
110811916 354122501 105538646 115410695
901320308 151386708 460051428 493987480
703996828 490370858 100532273 110164633
771638078 62669662 100804211 191876952
520981322 613702555 531950896 606766609
54161608 362337167 837464928 883316516
219348269 147999653 550989175 579108613
541465480 855458656 200875760 279665555
224517058 86362733 588572158 670871778
561723863 275871500 34446728 34917365
307870382 893469233 763951986 819641960
270849321 652863820 97346458 131071771
50429364 158546749 96066895 122373714
144030185 650166128 508087080 514292593
314688159 279885115 721640472 785321739
404776692 254744577 742957870 786480678
612659222 723834348 992063914 1000000000
199947457 692669038 597529878 613477643
939078312 172081078 247224188 300927612
902738564 327578734 588449548 677194606
145372655 624529005 932062015 1000000000
583723539 205838238 702665359 784627291
657486249 372293197 289237392 318609483
21260983 284845726 321177610 392996673
567890354 990288764 691873911 725566953
319070403 828588934 243337029 294359292
240270873 972324604 135966773 232993435
526685520 369583232 132512260 167050311
246446557 768325086 582668561 586680644
168730003 433213951 473668454 512854752
631267473 282894887 460313624 473555557
826093040 648002577 873237303 899476123
331520893 461826823 824089194 839097058
347165214 312168029 651976480 660076216
802017360 897879220 721746747 757162457
905862988 664030916 293531823 331271628
791605619 382755827 170976307 234614475
756408623 170801742 963413246 981346878
258491015 497626403 600222718 676846679
422019713 752934977 951833364 999730292
358278693 208268529 359515868 390289279
665183878 816145372 633948871 674213400
931942656 554481408 799730193 824201586
904094228 228519324 267707848 365649406
92505926 218050813 122575327 208414589
734426329 899370925 570984675 656217549
836289578 683824316 507902892 555292899
375275633 197238369 716114033 772423719
138866645 434594521 673925269 712659145
460764093 641413246 716652085 743698190
758893498 968256418 166400392 254194046
743711907 347933743 585651277 623695795
316074001 670480096 93470541 160958590
516785358 113294733 29587819 83925313
771742572 91278820 712233379 718182798
517124973 628502020 360817819 379450627
449696513 742815733 869425680 933001759
578028818 133477798 679635438 737667126
56020647 141233095 831537822 849787521
37275401 748527784 161944108 163351528
444423839 470860555 561768375 633204758
838547510 555986627 895044068 903165850
606913026 234810604 982181259 1000000000
374231543 845230680 631178039 633512211
798510365 259975765 747461509 846283368
829060972 165414653 913748732 980113907
67125598 38768899 463587848 513775611
86585842 665089933 808836905 835520223
522331657 377246272 959527767 1000000000
100660820 175224849 613456521 681177644
946397633 929607178 284849254 349306403
440549155 328184312 200273607 227868074
612412238 214909408 147863753 239287233
344421067 468033276 64530699 67836495
647684469 27347180 975902695 1000000000
980503085 497977290 711089493 731619571
655223525 545320049 192889153 206931239
763428420 126177366 135704204 212930265
373851042 110671649 137268686 163358903
497586448 117263129 170688363 240207984
684904370 902358867 479541627 501403868
718318722 138870150 547058375 604666286
258227938 199748479 487030737 508313770
633728501 134032388 877649631 885166859
734818243 913786532 294429120 298969843
727124533 265228534 825907539 889281500
358564729 337562376 281787036 309584763
552351564 804944448 388769148 450316837
99405245 462370627 126317753 137654810
611124295 615202288 747440317 769890472
309989964 608000815 617356915 621675480
232868116 120810665 746825082 751265376
178359460 343949859 127361824 214218249
255727175 599172067 952198445 996960693
261544022 836262765 708439601 710815492
654781508 318525662 683594505 744002658
574908663 624919958 579818658 632105848
49691934 687163134 428191747 480502403
157255712 900990595 65073493 104822674
844443725 471422707 571155323 667866081
798888583 181084263 811515591 826112876
382545088 855175517 423016739 465453012
134775694 419630925 675487855 760855520
317834977 8461648 894617572 962156641
85204156 9365439 957244967 1000000000
587262557 312553158 997002068 1000000000
598944032 330856592 393480121 413077648
285274288 230042535 860173798 908610746
680093223 443779400 382162088 411365813
5631119 620759403 805059704 805629555
389062420 924305098 745955779 807233666
984309092 159230669 664703154 669362560
20412173 306517728 961627499 1000000000
208227342 755072800 257826794 272960405
936494095 404373227 584673932 674242080
831247784 538838301 5681648 76448479
499281643 731305081 896772812 928247593
487407852 852069604 200598050 286052582
990274762 440975011 397078363 423285360
792871697 330735084 22305027 90551949
378086238 906225882 897648477 975127742
545504514 897164500 71826717 152730407
698110456 955386679 138971886 171943510
656984932 452848969 509008573 519240160
363937513 856988685 683666716 751355892
511930224 577759039 911773956 998656400
810266660 496146691 223169895 285140739
365132384 559714658 789430524 826532029
94010627 313048507 51529722 51692281
722244013 731194384 739014595 792885821
96374710 506798048 257412771 333605027
744078154 448210996 636235197 674037312
536931334 376461547 513096622 526099019
185510702 361742228 87901571 103486151
814133141 531938086 941318256 958016081
169674998 214526921 123561315 178989114
275667958 524754556 230044086 272803390
922956412 55184734 780151790 810198592
648275576 129986802 436114901 490699948
686863157 651977887 379306790 409698503
308633701 225470586 398578334 464650132
234711937 784503101 878748552 903561791
590312438 593207222 538633664 602833512
466453615 710832194 500424004 568386445
532302010 49632808 768079986 837474001
116622491 465085101 528732561 585172677
663943388 10006625 831143978 912660383
433310600 357212052 940980805 1000000000
117614637 278212831 279165970 288924990
208444213 847031074 951968518 992900102
297115771 928204722 419747715 508286238
508730502 436083884 303740709 340541936
530114574 383662026 254027245 306982943
54487557 580984150 450064535 520323925
145769663 165132612 441814275 500376156
397263233 855987296 958386565 1000000000
740292051 604854159 343587103 412147885
393970973 48278211 474864880 521190713
420688725 75753284 496667766 497653314
187330570 669960948 425395734 485507576
183030243 153887609 56451152 64868279
799869171 313076266 189545803 199123081
360552972 856034932 76220051 112351005
639950915 960639304 561543470 645473578
548521696 606124712 187407586 236717403
372267001 191694592 244084545 311379224
844452227 124757939 711416273 793797700
334384299 89217844 713545764 774029547
363505259 752950135 431275794 479779330
288608632 758511779 582730062 646952953
794925285 516332049 691750872 764495700
825502273 898242825 826796193 865158844
614059066 295601989 305485540 357107024
305404610 849113092 37875417 44103664
50529294 209939752 982498243 1000000000
252331037 304255702 229852088 246736430
437985446 976636173 338103267 346686505
875167569 869475714 425749940 443315946
39272445 279700295 563486159 654892561
768755404 976351626 196567902 280568892
978585783 279366348 556193807 593216034
331429544 696552090 625451720 678104400
283558062 923757176 695964932 733801263
173312041 971591717 169036162 221845256
637516074 244152030 319990318 353215567
421324164 608766450 104836466 198728505
800079151 698975779 174479244 197098554
545283497 357922763 10430113 68931882
8823 970228612 446569712 497215586
635814349 111138464 537103538 613400446
864722972 376090536 601029625 658652589
564861016 395649545 405047485 463744332
730996400 751696838 943571280 981096388
742137843 363780440 789969087 825614773
908794983 900469366 179606426 215983171
925484406 424084626 349481663 415891243
29461276 973047024 94521300 183069297
913534509 551578080 705960204 789810874
803660325 711558944 355323348 375082949
57921381 905798000 285971700 287478570
547179351 810867412 608242015 630945151
555110857 432676823 172237632 215513472
801196266 985469192 453558706 520449432
864901438 441792606 296312897 332460595
406072089 940064996 748306391 806570009
314417050 69998396 618044796 629618733
771084601 49192289 724155287 736818421
534272214 152800193 130055580 158240092
21047971 803123117 269491680 332854500
522913324 389143043 28345330 76460549
78404034 63980607 739838586 760095945
347600295 191279838 212828232 268442762
677632127 101726393 719258524 785250716
689608744 115879815 133371645 138432915
292451077 257950397 880127463 911366662
256024851 979388765 612129497 643198469
176675398 322206127 227033503 262153817
849455475 693481827 704440960 754346430
574084891 637625247 398343647 414468630
231967133 285344470 256851802 350210537
666280120 206251910 112936500 164154871
539767558 193243230 420497211 475448965
514382611 266617269 184845535 200926597
239842523 158502873 913432293 983873117
935986434 356107282 660695233 757656333
319504700 118716773 37979627 82226554
383872733 96780397 284629170 293934451
322286610 200789999 901936182 915170521
112337962 736680895 671771245 763031058
85062471 794712971 62601434 83377476
780767961 780231576 731220457 735958881
998753626 380346970 139082547 140112216
732238351 944274304 356656695 409928406
584486713 233173873 195712714 294111297
171024943 992512154 925637724 961749437
4950716 859904784 141814571 216823048
84508831 763662217 829912501 899625269
134713172 285845742 337798222 361940453
339531671 264436348 615801840 715628929
925374140 24289590 608494517 647830821
765192451 61722444 299025764 374358051
516097574 537232736 712747359 781681992
602399364 406491806 733915188 772534323
489672907 126149154 154318425 254030600
602428029 903117815 776079172 858544796
815345422 885827392 262721879 277626379
88411304 947069646 43195768 44562620
332890991 271703675 958015541 1000000000
921192367 555320274 539358412 556002163
616905641 159564521 288323546 375239701
536791224 946633394 57509182 131304038
663659195 311039018 287903945 386396347
600644582 571956099 489389702 563598595
294793511 26573136 725968273 770308392
813330457 916747235 135188864 171747977
544395766 366746384 184455106 268899828
945786126 802394200 282159773 307707985
327193670 659700137 194428175 211698879
367340478 471098381 515515749 520298367
952965631 382603778 678716369 707112481
786266076 675086889 164887090 230574073
115658025 482345163 692889099 695049436
484473916 374555907 47913190 143054775
409410465 984629472 661682191 751148893
