215 1245
820854529 594328387 372030446 390410879
646154023 4997112 462313567 495837235
386297546 646870551 660337572 745769593
616861257 814333822 876659818 877941190
596683822 771101452 538766221 607660038
869349274 71222120 273966241 336879040
966669968 399801151 946369235 1000000000
869371097 283206103 703420902 761105939
856362006 67751165 860875506 913776088
454494145 407308523 701282823 799951354
681271078 147759525 240549450 265938118
980074467 174311736 943118695 1000000000
62779681 38767864 77246324 95004247
11280869 597400003 417572810 426991487
897808725 345148928 166482354 193165637
560009107 854620671 590401754 638563740
592264041 343391747 308348686 395974310
726748855 256714173 129393623 216072233
372094303 380037971 793979208 879941645
113731668 739843597 186451133 229119603
715660752 451024203 345950061 405705479
86783908 182470018 971447526 1000000000
6705794 325748195 129515505 146454050
555770644 178330009 178856495 259957538
89604910 617222427 578870712 615701370
537293644 780762313 894387355 992619779
688214272 385206570 807482923 838138279
970769405 207359417 160553046 211368033
247720161 306808162 326871229 366879020
288728616 154784495 458242336 541350475
901761384 877986274 777584230 854303149
927961132 569847863 699682817 783656922
258667269 608879536 500249743 581813106
60877735 318361651 875406680 940084576
360625698 257368483 600149803 636242619
618324564 580154593 534118402 622356002
376468141 912397154 152667787 246031963
252219131 283214776 103525794 200325222
888188339 113624625 254404015 348411999
953655060 749956453 107773333 165935199
561839823 524502383 549550024 607755334
20558810 306740532 142357898 171230817
259668942 413741414 247661360 294379527
278123057 808215779 30040620 125791260
953776173 91582009 328431829 349293742
863095675 191905169 167514673 196761851
654855969 459683574 356592630 358182429
996970460 301821019 772466901 820881646
804099213 841665325 995019012 1000000000
103283527 615869555 583316929 604656198
929939094 427484973 82647744 112575954
506021570 297541825 967954353 1000000000
93257876 301416477 357089529 408826141
115455448 241753293 570653124 579034834
152207781 548892097 334775224 354201342
691211822 67875610 571231380 573573264
286833131 727161329 441696024 524952949
767874975 529527404 865457734 871718152
29451133 128951294 636679029 731019419
47055924 652626443 141900964 169345349
187773681 867362252 788299232 863484065
688234361 343967617 857171913 912721450
617907505 197673274 671552065 709095664
993020157 333202817 640527257 735403147
308716883 671878458 528697145 563499583
144786032 435211646 258205639 310268574
502641344 546559433 709971614 799168765
146122216 344499755 215412095 234736495
113950812 850595878 497480855 579092589
571953746 51094179 826815859 831546434
437370899 824031282 694465894 728263099
698741698 706749543 993261267 1000000000
987026983 279506321 115912358 210291119
780215840 877353889 707957699 746763350
544908278 553263806 274245321 357182094
123746224 422863216 196721300 226563106
272838239 479821332 382950386 459636131
280953451 389932228 490990619 536600235
521599511 980967606 562777091 579612156
354460952 226815185 906802013 926278983
645945165 46537108 777886094 796025860
99102408 789032339 847348148 894654360
510865464 934847888 545499543 584157294
920731014 305996025 197235899 289960153
41183579 386363896 698377223 752559220
628512473 225013224 373293307 464246064
875299914 147742391 574075820 659337987
955449814 614546642 638954752 723538024
410156346 47752005 802106741 837847538
159548916 37374424 123156983 144847123
304187495 514697326 586655032 615355296
209369436 989361221 249571352 319795715
939990447 485561668 654168894 664138640
548846227 604711769 330312442 411474193
373599323 971799937 957266677 997374546
541937525 536001176 417166805 480339206
577607152 179479104 290764214 329465159
414895571 607049447 602124677 634935900
830320807 591643002 631543165 730523040
155834029 169537794 446539486 490888691
879498712 265733368 737216203 763187938
707602840 326698230 117728026 135265990
906839999 709358125 534115205 564937030
868359515 620866372 992689139 1000000000
134126687 68003480 137205795 220901269
203069651 798476148 936542875 948544225
873796189 50612072 245283491 273057354
463865119 746540633 604182086 621990282
461119819 340281692 219508450 237789318
462707156 258265539 455366392 517888031
130739502 477879020 493100457 585820073
79859504 745039575 531308019 623636024
315282229 945908539 499834053 512717703
567958147 607192182 109545287 205515281
892813314 627870633 265824429 290583468
170456229 57510888 933104615 959636016
854970901 57029519 386472430 439050273
480802840 33350478 967067556 1000000000
498240812 283835055 832062673 870397742
300374971 111377234 227618472 284251476
148760523 179928246 109212316 175381588
305261992 393431295 588519732 623488030
894327406 829237653 75458162 144285992
212026922 166982493 238921429 242945560
873852245 369288395 300771980 324857569
466708128 229188494 879989000 935685233
370876180 150868536 309134681 349632493
13737298 149021677 287363294 337731022
569851001 799102859 116364569 141214156
989128644 465094915 136845108 224753689
304348306 560647309 625517686 651334970
630988731 19275612 278921448 321442162
539268408 248412708 688271663 745669453
533092458 762484566 725696356 799947955
603734597 740066395 335847088 362377392
842552423 349434961 102311018 154691485
779328380 542655661 957627269 969760375
193997806 280759048 810915890 858312548
746256327 648056518 475200704 545564668
62727502 676166350 837145052 894260860
317539776 25002105 196457582 242083428
464464108 736505632 469927995 560573394
442827874 905319507 845357502 883666599
990714295 446531959 250686168 318485418
363362284 863287042 764385580 787185776
136437779 10043366 437829373 509088026
485628585 597155241 726948067 729678921
212561176 994328269 950510358 1000000000
571385987 112401781 109342226 115602973
534843901 981055002 162319024 213281254
151179241 569972363 241415635 269808866
291198782 171389137 654460826 716342009
115179597 174348745 162561415 246375593
36620607 893719084 972687540 1000000000
932704638 38211552 978027367 1000000000
867979012 976587199 826174955 883512786
682151690 745300742 725768550 790113919
935426886 806270975 342196321 433320523
717553882 511880110 371279920 411552161
304462818 988732148 562948992 594687922
488143041 799531173 761886129 825545684
206906697 255312242 408050273 449459716
931257495 881146712 197985262 282882212
504696330 635030651 510943752 607566329
897883276 432130864 769426804 838306295
624913163 560191269 116577030 139583466
516925992 608616567 328778530 381544802
207412277 636413378 73868582 121815564
173745712 2534416 935684318 984246555
835519400 722785074 457939997 552253815
743834552 852940005 177834378 199039150
772790665 839924720 849696304 879398801
624379791 317938 747055812 747668417
595642404 879537592 849533595 895642645
647283845 105440072 990413718 1000000000
498317054 679307911 467570817 550263004
128843052 361464791 148777351 178152325
481611196 412389682 646545928 718767729
746446535 23478495 374511129 472011456
138050594 985760480 418004368 418183208
845865151 672723449 636785440 647442505
832948264 763071140 257964910 269461063
607187572 772729645 113599984 198173477
575891683 757195037 705114011 800760127
991723181 32502207 595809882 669184693
763848448 633341339 999123642 1000000000
641239607 917290007 700100747 712291669
548362573 242667131 54590993 142029470
172357259 48440312 861254284 866181177
736514805 47202060 533015892 576477920
714732184 944337553 520890072 590904808
145404550 681787957 9834290 62460364
688964601 717811287 922687570 951361014
312509297 677407616 733747415 747938009
590853928 776075022 526168653 526175692
442495154 890820836 241769157 249993845
722869995 417800026 157409000 216567183
802772395 668014268 423059055 455064114
920036029 722577118 106597106 202621117
347484006 541493665 934805320 948240808
198966608 378979994 664625673 739226006
588301476 885941268 52265501 119882772
263573042 263389765 699876160 704952384
912963582 43401281 987582430 1000000000
704483070 948389284 89990855 135265424
522367649 616299932 530516314 535876424
533061193 833363979 457734797 495195232
411460851 524234037 865323656 947057956
168055184 798571100 235158218 330309906
785315185 49782674 499699175 529501090
541934399 176104209 335855959 364370800
927968918 101802025 209698175 233453264
75274622 279776118 616739892 649925905
355184077 794076187 391629065 470650529
974062409 248337873 470483070 513104826
708343532 547668207 116122031 212513722
130684563 225122904 46736259 142035029
486218631 218010686 446278642 482541411
472008682 37165808 212263371 244429215
320492992 787302441 884359414 909904678
494629815 685357681 246040231 303116360
849444676 819915082 208843154 288278982
680237148 808871229 820049797 893507222
647362168 381941386 422666990 479442753
260707029 588839136 3443432 29157760
217152114 201482916 471043480 551673080
800215585 448902273 404967147 421548642
635025327 957666575 385014440 387453726
744347130 645095935 356837811 450223033
758973700 937633349 541629874 562458331
792376481 558532404 537496339 625666914
171869974 96155926 747058504 818290573
677165781 439494267 652740714 672669030
140022072 156337305 680576273 716319882
656601496 337915199 359332552 410968395
120597499 95385229 841435976 875946414
49728783 492344327 269892581 278851597
990124380 998178522 486304287 561247661
193047444 620406040 322119832 340398092
561920416 487663008 755378321 773635282
906538477 615041602 973341971 1000000000
238631082 986019082 363295731 412532365
528147441 78220394 130218238 163934934
376335318 582336965 445189551 504622464
256433550 995800249 596552682 658552433
559855197 773591089 608637599 627903007
333880366 854267395 976980874 1000000000
459679920 230318752 32591132 35584683
998011921 66067362 515481294 612927996
936838012 266893919 328279780 383618278
631710314 618786135 521540852 554471059
671356786 865372046 632570520 673871586
264906720 162553392 53738580 56851073
589747752 806307175 693861307 756112946
801648750 18543946 219952552 284898286
107457914 326415867 238541937 335192316
414123606 924873266 807085739 891327792
423960320 535809791 710927033 717033494
521477960 80795260 345493754 359739292
468305208 913823993 775533346 787956588
210033586 681530980 351798038 443813641
356098682 396884960 772167822 817191407
313989376 152339037 682114957 781018756
289463650 832279514 515038638 578976706
908375817 720591859 311506471 312261932
950592997 583750332 325784318 419142292
359847858 537072334 926226196 979558589
993597707 579877278 336091180 376622479
755416048 755557192 762056639 767636751
186593659 534096819 398913268 488295205
202295313 801959315 796618238 850848899
237958620 736546371 871917002 916269418
456207617 325491842 741608290 768063088
9253276 648993446 407088389 456187594
688817760 843372866 700683549 771951277
913015568 264501450 749594878 846583659
553805276 22303783 885318636 967776766
621874771 313218589 63143882 124914851
266217455 912265018 112918998 133977021
554664201 863022141 996059352 1000000000
679021453 336373819 39086124 44763846
696866513 818481956 465731892 543770518
769428422 922508053 729486871 766330430
276138835 731092035 742685267 751106498
835188005 55329932 899380592 967151824
613123579 551868855 722388664 732151504
607387912 310436098 478994725 497139751
258926673 666006577 384609885 435676553
860060505 858385430 704629678 801689934
599015433 663533455 26119695 78893438
802442520 442371388 7496189 78529924
176392862 636798252 787637081 883060909
894952085 570262079 210122583 280956852
842674680 480263270 452987920 533636114
110297274 600200377 853081869 907383112
493754648 720819478 975987657 1000000000
31004974 702946441 727260641 736350917
46476022 147473907 810627598 866537106
78789451 940462221 82566407 133532767
943998305 975927358 307645855 367199745
906818122 671543216 22852939 102788729
642971196 527804873 548160427 600555588
832222676 787346153 244945510 269484299
771441970 742864854 501515350 577341824
291226870 620665534 946819030 986064632
418068733 671962051 257117621 355836642
366776331 609189019 350781034 443890752
847994728 112759131 573118403 623396247
917718170 82373009 585964384 634468746
520743471 983075562 182943350 228996108
409646874 372666473 18708484 95580663
51557839 766598061 917306644 1000000000
109752737 300271583 932953653 948101941
315660265 59452040 461764087 476537800
501842483 958085551 286590288 288649675
946020602 534757800 933034625 941843553
171537078 71543739 149452638 176965557
622143473 451207957 153661995 205229399
917030034 636952876 890768195 933596783
871632731 411370827 559763939 656414407
428728014 884067925 338077652 364384602
880611819 656811210 850662168 907284360
392938669 314977047 788051309 829214362
265211789 953502918 827320669 857754273
750849231 146168802 423988985 523739954
138069809 204148300 810856100 910524484
569640777 340085820 872064630 896436209
154339884 264006585 996778808 1000000000
939631286 539811006 315670605 392458673
586213712 231881861 247997463 309513407
131435146 888717674 59025964 63560561
389690698 619599694 565547814 592026153
536153673 676295832 972054756 1000000000
890205051 633807464 635936922 734188294
941259977 160962532 979503290 992546114
213420017 30773771 408793699 434548856
602986755 538284226 839042887 935653048
867457663 922437331 757990593 833632338
881646766 809186587 103583023 121400525
903711779 726911837 715381742 723944250
370952710 57561719 948383047 1000000000
490336431 302427498 307601427 384770718
432189259 964538916 530014036 550159679
995668837 559486913 884662861 896816617
133415822 681182688 115377665 193078061
641899813 566562639 247461943 282284202
621865256 363288454 149562793 213352442
539512863 866521239 623589694 693711110
508727700 835358668 220785369 247419473
141372350 374042671 722188836 728875344
973770410 990569819 432519966 453909961
62733868 654145679 130759397 227548395
86949962 376617575 958270306 971867878
715874814 591449736 137946554 153330862
20472856 324783437 210839046 221535159
412640796 813426692 477723533 487662203
375983525 720259988 735470420 797245723
441757735 422377184 227759967 263086519
469277685 279388088 618101204 649530761
504164450 990547024 363581207 434288101
548677353 319986762 461842928 538575893
483613310 689702297 369656845 451114503
363666482 497092578 881377175 976618797
263403302 237692256 7128210 46980900
39087165 987804581 15132950 77666002
510268169 313729858 418594758 477332260
134886662 44715156 754895960 804736697
574273607 659481356 95069481 143467279
677827314 768989925 199577820 227836217
356795215 426993127 324167739 345531883
110270226 713465785 93478510 161232176
936102752 495677695 982320941 1000000000
940391597 859873034 413460855 483652050
725912922 416427582 489274405 584206738
349420750 578460686 966177062 999020776
941012439 829316220 115255 76058568
391072268 924227763 966120221 1000000000
808836686 292008987 327051625 384782841
335076079 862607586 251496942 319868267
993197039 706770629 288280870 330568508
928174342 240821079 536269408 542849990
454099468 994573885 133695984 165559577
170496681 387753690 390374915 468051088
859675209 864731506 14285363 105704107
850547590 375474364 924429347 982908072
704120886 52699038 125259216 223424721
59258381 791185685 345082232 376347890
550155292 180673674 396501815 445921553
75871106 28653308 810258916 824826534
158514075 711845281 949163897 1000000000
643754510 890969186 896488337 984547571
597376971 153968333 356171651 369502431
744002176 972140716 271974289 336022214
397439542 448829565 749055883 826199831
683124766 429523960 493212187 506450259
632597109 223136278 760286198 828967307
711856265 413818103 737846802 784700739
22384406 961422292 834599071 846700518
761697075 878975517 707021042 775784881
895368007 472367176 234530634 245241297
555515855 175786644 465105579 491102805
607517836 964626912 976162634 1000000000
917272687 753809578 393595497 462335199
591833014 766917552 974469294 1000000000
288307338 566755694 231951349 238793322
682080927 501873052 751061317 848393592
287598760 14753434 937428479 1000000000
362485828 868238487 187650259 207013241
210451296 407728560 84811154 122726045
751456295 396910806 488550572 544073122
479152503 145117109 527915572 597660540
489159734 182898339 468231608 504821626
879390426 572787534 66046327 126878360
990510965 424169615 938326767 1000000000
892943346 617314467 260496631 357594652
359322484 125329659 580049335 616588148
601577716 492909969 95128691 189636209
476170063 486884090 116601464 197209160
891659255 12189277 917347710 975076226
681390526 744635479 185512537 217409775
907265882 950863204 844581508 923655360
300595651 362636896 769972483 823056448
290045127 167917354 45654540 143124294
274246512 561659845 610292723 629413971
649426375 216015858 394159995 431123369
112810477 47824076 527330321 581671641
445395335 758137159 633047715 669884336
144637483 19754401 864021442 933012070
854219755 764009513 78033003 146597744
307595011 333551189 266503061 312770527
646200584 75502206 992663788 1000000000
534092357 763851154 809937563 889423250
937523579 744617163 761540025 831378406
662188190 220289408 747192974 796844041
520573928 209264578 688896408 741609794
449715890 296741849 855016394 887343408
5745791 693198880 714356547 720464007
416386481 205692923 323965465 327431630
755395906 394771993 92072821 152051931
987810864 111225105 515035187 535732634
100517225 330230177 62836891 123268462
315272013 97698719 370119409 423411037
237881617 754106374 147986171 159518767
525081860 263497707 207888816 258758583
307796007 579703201 358266149 428224582
415233549 881236940 428941975 432455007
478362338 143360808 854430238 932658196
250671337 680123493 173363227 183413636
709080773 111534408 530350212 582053401
206933776 521045753 534025210 540516751
362648576 714199589 731985775 734829920
363806895 970453281 701205061 734493551
223220752 860415028 570011639 598439975
267598057 936710545 414912447 436516431
539846376 293205873 517263727 524303323
900445981 749838344 434682700 474790628
569291939 237350899 188154545 238254894
494602480 654314815 4993108 14314535
61927546 69096435 484186959 578117678
432487846 335969646 92163964 114447963
499564098 751150262 764868853 779736931
675786319 348265416 110978995 203758017
149801671 59775953 354228701 417495638
29442934 341831327 953148318 978469681
92238487 520619161 211389377 269189145
506550706 445707508 378950353 391819899
761050789 753467080 899555108 936590543
20796458 826287190 556578643 615560902
578321996 637006884 925533197 1000000000
297221055 489818573 182036554 210765238
323777617 838135538 812455907 896980724
689643900 669400372 509144858 565515956
753892721 206583182 788629506 837615072
293100133 151997249 928318539 1000000000
974215348 97929831 126297713 199655225
152436448 398892254 232275004 324651620
783580622 335884271 436179026 466524237
672246734 399857532 577036181 594303133
289353653 558414896 435135691 442592125
973427526 804996983 754098794 853887927
552431812 700841163 969257980 1000000000
759602509 525230441 848320710 880320577
475797634 282752144 453902234 471458424
284153176 951074222 597992712 667307777
258760938 125446111 559454047 619224168
534873226 119565945 450193463 542706357
64228122 569750315 617943993 621058239
685535503 714928260 652058364 698857928
952242432 923484370 295274948 300116384
418001298 721694560 920814818 965942815
469436157 466080048 466234943 525939111
882711400 735165779 821175272 913979207
351323816 386440651 317266680 321653597
446542093 743256106 272822011 302047789
834408327 690862635 66594434 77230366
718982502 80249210 964696073 1000000000
207265264 762545905 979979267 1000000000
754404523 816250470 407673035 415921011
351342963 137516945 81670022 163851207
10717585 685555598 954939576 1000000000
653552877 564745270 609311293 699201755
585836991 49452564 67682560 103749161
832787530 933797198 482846249 517472000
667672131 748441890 773899802 785788487
709519066 584707025 451435758 484381429
778931158 26863801 158484558 164624777
576423487 455758473 645580329 665747098
978762628 269588966 830276554 868974529
59480957 549286885 506250587 574195850
570136750 757079663 277169322 330125361
405843836 551564296 97524336 167510385
637081146 747923294 803819563 875154107
371960417 514087796 736018651 772175851
142417710 727601306 336857095 407814633
389527657 198455042 357092883 442528102
985367038 511515077 813514442 814384440
381801764 222482276 939910185 986747103
405901777 869350679 269521393 317928278
674549754 528388005 611117904 667336396
897224327 755022624 495000221 589999138
199521637 507426349 945518181 947229758
985890634 77577336 641647388 714651477
543992970 682414567 977242550 1000000000
730623466 863646136 805527934 853735084
506837225 553255441 984315077 1000000000
796469514 636508083 391923507 398937058
188655442 375009478 303683685 366854473
729303117 603901771 323119941 392655243
707863227 341937662 130580438 192609148
117238310 757338098 850863193 924375205
54960076 567107029 189864183 289088997
88618040 97340711 244671013 296558175
786302826 193530277 394746988 440727469
116925917 139714220 484761017 526740934
563669151 216320630 611153204 706631206
455615959 690988028 472521412 539847034
665599346 170587338 589713608 643160738
127414080 311756783 505757515 531470848
796339584 150209972 433360334 506034184
502844122 496965834 615707507 681803087
829685505 137825776 376704846 416522265
322151123 190351350 235829810 286652903
708704837 896430849 363053752 396228577
746163815 28784652 801961937 807127285
791925215 642110206 290766405 338334226
371024367 757118326 620774325 624007040
289028591 113561889 594283372 631839640
343409681 207353140 221088377 255258302
333083263 399150843 339796726 367879214
937562729 864861660 105548017 123751627
870416612 947681408 120698908 209999662
320469165 471563239 904813094 946776634
578965857 23320412 699261422 755389781
509808989 896746589 693762742 764026220
147278735 295883948 295115396 349639277
24875326 266024216 274545034 288218947
818646534 392916264 826759619 859920876
90858101 837018251 666870069 670115594
738552677 509171589 576482865 665415857
727562263 125165419 550151252 605225639
57177383 613271832 286081721 290016784
686410629 505013668 235629445 326814888
337756550 378408959 449026517 487448149
251459883 950119280 518454080 552897003
268930941 967917321 71066207 89245283
461227104 716230608 267374603 317758795
353731083 382529518 705925293 775158618
432390147 844182977 367560349 462519673
238228968 948404479 788134396 873467217
992832055 190852857 846216432 869542295
721779680 845126459 126680323 191290574
549154639 658900448 757745182 809624774
993198177 148216093 78265354 175906077
768365455 616499255 861331024 912799874
818472133 72796834 30074670 60265901
458000015 525575670 970619859 972206136
856025868 600852669 880328677 979578262
984558774 811165105 3953664 34882498
886314817 19694826 240539003 254565793
318275843 659010979 587678250 603791016
50553720 271943101 574821995 583363952
41221067 884851892 739370789 832870166
666490236 418168352 61649338 92333771
509352990 441394965 776348919 849820569
417142072 86476860 862706569 879463834
669212043 815575546 577222746 668387174
816088776 856778802 200324791 238475731
8117267 439322691 649477297 741313205
828827522 100014651 127380050 222985416
914469447 636580034 372320418 454453546
9906941 958435891 511784951 601093713
814247710 609292780 332913153 356101010
968022775 1759219 639923971 698628915
197823428 912260514 539022982 609704677
522985577 745214052 479787142 576978552
820585733 279586489 793897197 863921887
472794954 645311463 570439948 613251235
333960098 672152390 778891199 861161435
786755681 482949449 273958413 340824726
414799946 700880904 339117074 430801535
211860333 786419081 305425438 398459501
854828512 658635421 426811871 448547195
292021941 737804822 848980422 946138828
456505189 66853145 252140802 317924449
371524182 384940068 644215446 715969762
283109404 661921674 71105617 132210095
532467811 381175039 903757163 997426167
499481509 795951863 946537300 974521847
108636597 889246967 996052377 1000000000
65335569 52374248 598942434 630219332
290425521 81070166 458121379 552566869
148292492 254460771 297791534 311437562
457825550 920475200 649510741 706426375
828585147 389650749 428001380 498219220
379557193 849484711 936138268 1000000000
494758203 531160577 35994165 87461685
832026906 380761040 880434621 901331872
338771466 554904591 21172372 41682308
789251160 509035646 658906539 703512868
585787799 186270300 651933945 704395502
948498711 171162274 223286233 234752547
244902316 442066523 143768764 233891721
940533100 979544788 658207106 695989293
145960225 554022623 848508604 900987563
99668476 352506074 205194018 248243566
332039784 154981236 693930403 793519630
220200207 843952704 126539423 168335604
872711217 136891631 747208213 752865914
597249696 707427570 120893552 124124531
961436836 382005855 975225256 1000000000
37034770 405943558 924055485 963310638
602564823 664892758 222853423 240208048
936575512 657213562 160612452 184754447
810193530 20710630 305352414 342107781
117683494 38363571 4998806 98216490
521986799 407524099 536533071 540468674
932611319 134301443 154701277 212719186
570132301 331254011 218604651 235951672
917578351 101354917 656039173 719180921
337010968 617596828 767362018 775117479
766326718 122799517 809866805 885475433
213358194 968196801 994753424 1000000000
935348500 748485384 666644615 708784472
435251741 443204675 721593740 775371707
273187694 824168245 834972108 854051364
936918031 256530663 943771467 1000000000
726714091 742585741 843823497 929712628
869950839 596379938 295519579 321992649
595272470 454016522 120075788 189440547
357463277 95922732 653882627 753417981
736651263 225781384 914439322 954693469
18220027 911538403 944718562 1000000000
507933487 609257255 193903738 239254165
46971532 70276837 372422417 454135650
183349256 292422681 757664902 787693403
287116347 770221483 704019265 756389967
355750452 536461620 483560711 561747361
236390776 945469944 512317937 560632227
890029019 586897216 617977349 640088047
7903827 741918354 86827328 155613057
660938020 365598968 337492122 375022203
438754010 322250155 511263638 607496909
18586406 299272868 473258457 541739762
280087333 422634170 753449768 759846567
508653692 19586573 388257918 414578193
488699781 231022581 25572130 113429361
398210466 636619666 939378532 984606329
939805522 923526952 422450723 504041945
860855393 162591737 118435461 160274902
503161091 994603576 748539914 845577994
811631122 143601882 82419763 178599757
30080613 573317082 540592462 566417924
239505867 744383707 577184951 653149982
566517190 28805088 284904970 328563546
218904688 64835595 696201801 738121829
973053563 965046959 542681586 579688500
699698286 787745384 270365664 294527789
366841745 628327599 93667664 120214066
976071699 866184885 852814592 915027834
309194236 966566574 943749140 1000000000
11871995 567619979 121582607 131220169
169967314 95037381 970010413 991607553
927824200 532035170 632234504 655221733
91053086 579142257 190358265 224684917
914610906 893071923 276788312 297683426
987537475 1361094 333439661 398515866
526748262 651440182 596318369 668428838
444417646 537843237 255137492 310749058
913275039 542304901 794029001 878885706
257626865 771344208 950158738 1000000000
307331549 66967994 351215280 427750956
255934593 152689008 37370996 97345411
296445841 389828346 641266103 665095694
438885241 291438664 983285059 1000000000
751619666 820626609 508841326 511780127
163796312 862979445 822522802 831114755
857204999 378728710 130264683 181772217
284800456 500672878 373486256 436324894
384647693 381961577 247899339 250077951
400734391 764614584 405501495 500020471
668317747 638177322 65571838 72436117
228845116 797169314 871227912 900390833
915690093 404488749 86953167 105081729
377504562 200305834 452599006 538707869
884279140 611832579 848004211 883415528
461197828 120658783 598137846 610980485
686781245 183363274 371852453 432749589
989798676 180603251 73471433 150971230
960630412 88709704 734413765 738506059
459804769 919286874 315453490 364169275
937111839 856294706 749127735 835977003
923000743 516145806 903775095 934796469
161851432 470606325 426767212 481703074
723619324 733814433 955985052 998422776
282570387 84292370 128176532 176121066
841952279 815409570 706388693 738096590
122293798 332694008 611647918 641056839
761774229 497068528 760887603 805650588
76694211 761600942 805440672 848125218
855980887 842971870 400344326 456035379
741741562 6343848 985486202 1000000000
610930220 352489217 219582524 220612588
771932442 996639457 628688606 659367148
808067130 420860146 764753164 813729066
96007290 600156113 19324888 114612334
296082160 784013237 781580488 822127200
611165976 30456568 244798609 249329264
986978606 294384846 192958467 237241221
1234459 320831577 344724449 402690209
734401916 781736265 991661622 1000000000
223701484 188726502 111945183 126880483
686664985 367911057 818023140 905569841
57332182 507819015 352899689 360994668
674645279 666109184 416929075 480644181
969668005 382240902 220185220 280213769
148817468 680744557 393639593 438884625
184663657 589561166 704929648 752937156
888434490 420236228 668604940 674933850
818712518 798155354 428764467 495285125
902530754 712001991 887373752 922411097
430282609 899126936 130345878 228688057
960584645 665118331 162997264 169294801
823459731 669816033 67025494 88929843
275525846 619910719 32219443 97462224
913939462 726834963 223547522 292549317
763121299 747486376 273368523 357671282
356317506 985918556 931613560 991140426
901826849 90266338 56603225 97027390
744621939 617430764 224513427 292394105
903511424 779932014 825424995 867420984
386898924 781562303 808545981 830247483
839348530 753349036 401133471 481285511
781239480 468718274 437087554 463914741
28256355 678655703 670667501 706226011
423910672 699364363 308688815 326932736
494371827 157542568 185965506 274283696
485687655 491945340 270574713 344683032
200524131 882636617 190295236 274030614
82545420 963446067 933980096 1000000000
667145831 916608478 812210637 876479858
597938296 296796138 825086957 915799607
337487969 444168506 866870981 915263713
57794692 33824256 714821708 776231930
853170348 722576814 67221515 77937967
756439309 629497223 489776830 554513180
998689666 696846866 650609043 677515374
10206641 119984214 914012280 999844517
77802713 951498260 23126930 51404619
161380581 111297600 787815530 793433725
172045240 342905373 373853327 440696699
148439641 504902536 439621373 507961553
350617512 172648735 892847664 903562169
846040379 971166048 13173549 70573533
402588277 509074791 235235112 276905266
730595708 269360475 770732058 846553629
978785741 358122506 59811030 94142903
292914793 22771180 397450140 409257135
63005981 50922141 600553040 673115602
989114300 225473544 221065124 283384959
910527445 158464438 362994720 386103049
348354447 329582691 685290819 728236145
934199111 437308559 235280883 294477904
557225396 413625563 146297154 174421310
755598453 331390943 441272066 461995293
531708047 492512732 759227590 830995536
630636040 682568147 916035678 924937488
173132029 599222281 34101519 83469775
302584135 283739687 561571224 604386408
686920548 567142044 967686292 1000000000
57281352 703596827 91397735 156675288
741608301 290022740 772869197 791368407
782664390 144636257 754334348 809034586
24762041 529930344 751183487 826537180
102812650 472601986 910832454 999652925
517302042 272243564 176057268 262412076
253653473 137164056 751826121 817799548
131823494 636190086 761588624 823971667
382857129 119267220 582581486 595678770
186380850 92760842 549488369 644441340
28463265 6218321 34294127 91755206
569350053 382470265 440484838 482393853
830136909 434010721 771049061 792769368
411281573 162546315 333363315 373791361
611462793 984887600 590937304 654798571
117286159 973583900 759327916 811597763
822316066 812681074 18268646 42742601
331016542 202198686 395139872 462108290
253590951 548085591 247349726 335785030
984093924 571364062 103457734 159922840
965375384 69723781 265669739 284347268
449280711 674355695 929880146 1000000000
531724057 950795680 767974519 817671622
107399264 300254654 350283186 405477136
197838298 133088370 122612613 129770849
576875938 338848110 749694080 800972865
448594533 281698531 365598413 432784533
598787062 408337790 780917035 880173292
439520220 794289931 525620273 555433428
605864562 507913857 917289045 962101030
832870847 645319080 280315206 363463558
229477596 257765055 552883421 592376559
795515916 240917689 793135666 801268442
44687433 701522091 323635652 346041634
749038574 170331705 486469784 561188749
960147924 659800794 580672695 650535791
336708280 18373640 748061334 761458956
18162456 615903468 535345216 607279931
150234612 376828815 642118185 658517778
671222070 10047761 482741794 491470189
277996419 41599582 37111799 106755303
84623284 894605905 563113624 646389768
618215133 172332658 132515538 157568503
772248158 414379772 676941464 691045887
276499227 383896041 680763002 737425641
563555361 239483046 890538964 903051745
512205217 603904183 929592890 948512574
591211344 203815359 599735014 685873735
769253885 591917952 737983289 767769331
528233269 102552216 929051587 1000000000
501410899 956049663 931227564 979366130
388773590 400728090 366105418 381811313
726046260 222736243 66155490 110100441
438709696 369722259 443908436 452973371
636389936 905446507 625429884 709602002
876727255 712008259 346173380 430092066
813541175 931376982 844812029 919405970
601451332 76635922 853854510 878210987
681906534 320445813 771851744 825498209
562545091 409162152 247626278 327145686
269300276 122243570 593678588 671715532
816997312 670952046 894564329 922665916
186782379 787065505 249397564 254738569
901482736 626112412 970904162 1000000000
912534006 735704729 559518047 576149104
120898245 928693437 509913180 582442748
61211423 786192805 358478292 388519076
257460206 287754640 8670716 33651435
924200281 157026609 469973606 538257033
262295846 366560736 390370127 395247787
54710969 955662669 488484917 507730883
702335652 821736201 829620006 922072226
953825585 825113445 952393052 1000000000
90905237 959002580 562045502 587216063
561487591 157240568 640703563 675858027
230686403 134076060 954269611 966798252
979559576 855426322 667508004 717934567
34663248 849658250 517226387 607923325
948097013 354037474 242969990 269883459
457716196 370280835 879623200 935058372
712956524 976953885 996593131 1000000000
719378589 8259570 561814667 623493993
435468150 148731333 347001913 379410260
674911340 35456835 64382303 119914709
929646049 196491013 108808110 127540549
32565416 909013973 139043089 226614673
528691373 160343927 547964504 618882760
33655011 196801095 681424369 763303937
351039054 700841142 383905379 412683578
950592505 825076799 527169306 549418678
796479411 142814808 135952236 224942425
672806892 355247426 462225286 471771475
214029607 556759748 790533110 857685624
808379613 367467489 28679295 42336157
385655134 417138960 525570851 617290923
477975983 109250404 683979981 687051866
292418470 588253458 194384251 273843872
777335353 100936734 107597785 112672820
602120232 668198848 510920128 537465152
503582077 794640993 716416988 811556029
48410411 476290831 357950033 384001654
704887760 463435971 810010694 885413646
139428446 170084242 937435746 1000000000
224301355 932853950 345033436 439317896
545359885 185842766 397394084 419592580
633861307 805906446 47367992 134816426
404819718 549195294 216635178 310360485
794547165 237662712 410247549 482513707
181016571 632209400 129260187 164775592
214478468 756551883 821012283 844925215
511617449 747716193 506795579 538592968
859107880 33283676 319819556 412140984
394031689 375132931 794811043 796823452
928872286 96862281 585025255 666202448
85357416 95710901 724681979 734907250
137215915 27084909 25634215 117623100
320831789 620586216 33445703 107444185
397952433 251990139 887987102 982053090
197404658 52424209 493776087 521289580
978664039 213797141 301776459 303056445
463803145 814177130 347159753 437833239
318250579 728785067 591845656 615099391
89911616 555083490 680253919 707429385
773843249 94520941 741003906 802398352
490597085 883232671 363692530 452510788
991459119 776258119 409393593 460705915
117529290 306065149 124293604 127798961
376674159 733826310 694173956 724912428
841509402 193050717 839376750 927290615
55283042 944926771 395640357 396996053
829036293 778864701 394189043 471353348
662482221 46978319 411567102 426707951
56858701 510618491 456255446 489972211
172030087 158824146 565518402 580959225
371495743 314521395 101440296 139747307
357213072 53559574 424442287 477707438
749080926 16891357 928223431 934835623
292874756 724448043 739296702 749417630
204342867 141162243 196526146 249447124
603199537 78728619 261605368 288663150
775891910 697683058 336982671 420276557
427951003 484789649 430307112 529174348
134230533 766262972 979298732 986154047
281673633 272652030 632125638 662099684
283785695 756519569 384807574 465789456
46852654 769588487 927782698 1000000000
178021873 194479505 642827418 678317472
802520357 137359885 206621749 260443481
609994566 424314924 865328790 916125656
75030757 173808130 982360533 1000000000
991301000 371546347 544096030 549292368
391753327 901706774 809210031 840988396
236694068 435503927 761155840 860578610
165775957 98411064 133546297 179925880
532913077 75717021 137217111 219213201
964121630 34665006 99454556 107884202
433401043 324136178 641378956 710501632
843153624 687832587 801364639 840362767
827572203 662232115 858003613 933660976
790941503 471038221 568624565 592701257
32294448 459752930 157753579 245027595
752750691 51746180 496222096 534989782
637368642 840850341 143340933 174647336
881115802 871900391 713666141 761426436
979571190 963420281 942221783 967145975
408843839 925506091 9504952 58573740
816628536 999842982 922162855 1000000000
872256465 616453304 443517960 532578416
140811342 178120329 266062161 326921969
617242787 989604233 569781139 645315396
510603258 511411416 812366837 894395911
671189768 415124032 222287697 222341719
83437548 832350271 841159263 846164236
209678340 458084576 606012689 691176722
714171632 666304989 908254407 927967446
129618465 545889513 272769600 275674328
204837765 793918397 326888396 339223357
521284817 967758773 342368000 421643185
385147290 314499431 122170304 193250777
481598513 785798696 575652927 626034182
985076213 251628244 246829369 309848306
249909189 848638400 847788669 876941595
920824064 606098745 960125239 1000000000
910878417 361647983 782924229 792470271
280635101 611516721 37383531 87807427
570410072 611560638 548746960 554237918
41317231 240517498 893388402 894305412
653518466 142613646 696040071 736165470
102457340 420739652 390736957 430423351
388353708 708513308 88249434 175466467
21391810 818730496 100058838 122407080
182964176 166938872 60429828 134494100
942643632 186007736 616181956 699151184
391798000 788416273 803233568 853207719
189475870 744842039 829544701 871127325
393158477 35331218 499133562 591610153
312598714 635347024 352641218 442185241
977630784 9719020 974909115 1000000000
370381265 834145968 556681817 637848982
551716939 342005261 232167233 243653258
39104805 768590782 508267117 509628028
87708 722948947 24128428 76258463
583790391 76531958 927538623 975529125
125685856 425842446 639770833 691886102
392408285 596185876 324535892 349481896
331927079 535171118 443739086 486591954
759249977 108157490 166794133 242733200
134201983 115433880 988359460 1000000000
166810921 689152871 943358705 984962029
228103066 603901963 565878979 588951232
799920653 182527990 366355652 385393810
62886222 757529861 687197803 711013499
369688399 393748074 309615026 391819100
456523395 192464435 298303296 357559359
859576874 468404190 478113963 491513772
225608508 302698511 184333137 194537826
814969193 62090611 104959589 182831276
447236611 289788914 855733698 937493458
64739492 398393753 159057734 239929601
988162263 533283287 74225275 107562156
809012218 698258528 301418694 342254116
187194887 405732951 414075267 461273591
425474191 377902877 874295120 937788847
46427141 976721658 975090441 1000000000
766369463 95116008 23361514 120100661
857060275 609975173 555551048 646771075
994073458 599403909 709086669 798234351
154162231 23199027 820330222 892641122
996948883 808051946 16252666 63136058
324052051 97132697 114922924 203854568
318488192 260393107 219181686 228113179
808054921 810822192 689619241 731643304
908238959 712076922 790354859 869231780
592059604 245865319 211193351 281333784
390470838 158867452 142579987 165988255
120243249 390460636 144189644 178993846
212753397 186958862 162426485 164001620
437137399 956161821 45054825 52259725
220189782 394300226 291661478 320283500
683063164 364345667 519967086 602066891
816235458 464057988 363785118 371793561
841415850 622018035 358630226 380096696
532422763 502597859 509136200 561327101
603822501 221225902 283968050 308910089
523216704 241593323 184243895 282708819
836835025 832817189 394706816 486836729
967623396 725792294 18955894 71910432
720270742 107628667 991528312 1000000000
940726691 647525313 332812146 397629445
433067076 665849657 511689589 579242247
487821844 461521610 950501224 995173337
203335315 508983486 49986453 86530450
789607870 800267007 243695977 246148041
429918854 231681378 518526503 534159609
732856370 946900611 783098899 870325352
23512698 763083929 827113646 833243939
957851026 159388329 62136134 126148495
351980797 520264688 215427492 219020685
846596751 728395239 776545852 793954526
941132102 896950444 491849164 566390223
619488495 691100593 740275226 817447903
271404619 145911454 250927349 321505023
773615633 771752439 205814260 256275725
443096426 485041952 945187306 993500397
810750993 935245958 310638669 326778480
455235205 131007784 78680029 162996492
807390823 651065264 582758882 664828988
572177720 506793892 653294305 727400279
205782178 473907200 175608595 212563152
968663637 130589668 850508523 894257336
712752556 940620657 245490975 266347653
155899546 257096659 461838771 503590359
983627494 914007710 41966228 134501885
109402677 639265789 134392155 219762866
354849246 909396531 597666150 662999072
156375128 179776091 724132693 790499387
756818278 360689001 285346121 336147907
324283243 731711843 798229900 814853741
29234478 99425859 747719179 804402921
838492052 735542972 400463350 425569554
712048425 554366717 17058611 70130099
823149200 762588060 357525984 406772341
261524151 12843865 178752304 239399114
762826975 397616305 469874892 490286929
228783571 870144110 100472462 189845532
370223887 281155043 219207120 308844639
530126577 226261843 688415258 695143572
57564299 631060503 696115323 738411668
784032780 917685475 384009700 469521250
219229139 72374100 157279040 204249913
86362747 461224359 256638251 327499612
257443924 213866279 94730823 140615419
451020470 437174384 722075967 789354717
197814993 602763313 130514774 169719959
750552378 842022531 553150354 556774725
994614074 8924901 38636284 85770542
919875033 593385735 752733005 824485324
678206716 736805528 909820547 943267825
786267144 68482405 991732835 1000000000
78804793 438293154 727652866 785232915
842892857 259787757 573671454 652814016
361079190 145674921 401056473 479478560
405788782 206131786 194324076 197081945
33060397 125513246 855158019 912966584
151539726 280782608 168405470 236912829
905976975 200262586 45467909 126754626
315264153 892776295 392829741 436170825
541283162 244033617 881694667 897608519
230545107 280560507 13142236 89056732
986790229 8029997 938523054 974984782
929963455 829008775 721404528 735939519
920625318 108857337 163660627 249502000
201818446 732056522 682241947 779528849
238569171 992601645 190828142 193246658
958015861 471199768 551909951 612600019
417105473 900070855 374342785 453404201
928980595 896854631 483436629 566654198
647039828 653017595 842884702 910657409
269641027 125966311 925383525 988486142
976532993 553950955 484904 40899430
29433657 417462885 690634900 780414240
516693414 893154818 450802883 474978088
269995574 270365927 955535090 1000000000
450136582 240062889 497505403 583840766
655967448 168810763 909044147 944546482
282836764 511872701 11620929 58963730
626448307 458756683 245032993 263776262
614373796 11950391 304800793 311254666
561499329 269978142 531979949 626419483
869729195 843464082 127760604 147143738
189372928 805917924 426346916 450049141
394712551 713761832 972061026 1000000000
403556480 628446303 161317731 191399071
213870579 348014681 709873364 806340730
769202346 505734776 969232435 975380858
585009782 454405738 103536340 188014757
621592457 426327992 354750456 429443407
221275793 471393509 544553502 615757181
513423438 374041388 352288017 388001707
277180397 968418135 298888198 339188788
889738872 182340401 696681833 709835449
830569093 477036428 965677523 1000000000
486985913 687282525 228968364 273615937
81924239 399639453 293647812 336615146
437891565 908589691 282935185 339277099
230398178 474786679 845128333 888098156
679028944 239467424 844163376 912268924
536334969 486916944 491237055 536956853
879386974 21059350 632651230 648062497
188952638 34171314 379727535 456133079
923250448 763069649 167383271 202981079
290598762 178538841 503936971 565393521
277834182 708128045 344035454 372909898
735853173 856487816 280417636 315032801
989964297 227337314 798539286 870839144
779511690 408276594 372354683 468419212
783381033 828609753 632820099 684304121
802134022 873036336 452476719 499680141
816908443 204717597 431975917 450717159
81874410 74753952 417261919 446897003
444291697 467872799 607997251 654869765
343643323 192797707 56328187 140207794
293999344 111613277 658086561 680282794
301456 983096462 912178764 936992749
182097784 544731697 746302286 813957828
597503188 712406903 592061505 618663325
481278968 116857501 417823289 509607008
719395013 135492411 796068254 836918773
178018905 660220776 232976028 237951976
813814063 730316720 152475035 226639313
161468059 801074727 920426902 929427121
845469867 612572117 703667564 753077655
498269686 362508580 429791230 454252170
39779629 296779192 62442972 135751857
12116806 240663703 680350104 682575658
699844737 589956099 960110585 960907529
344914656 155592645 361595729 456970069
995073380 81270673 686201309 732625893
984685677 889158998 383639026 398985859
778498929 653596689 749006336 838596967
748481379 843830805 893478878 914287395
574957955 363092701 13488502 18514588
729029595 203019462 795444418 817861538
29648521 986387088 82209483 176031348
801266185 995767915 443123105 444827400
693181814 234188532 258822281 299803843
19036851 793921587 910659165 990897811
142348313 544794041 700487412 792604930
145256292 915428513 370620701 386441192
531921077 270994268 797411006 847748262
903594631 178042118 795207177 892497912
893019423 72780137 133876260 146526550
78073730 944777206 335668086 428964762
953673038 882704831 323873212 359420294
865494499 256152862 840228097 871013594
982225023 904209629 983158934 986229923
830963105 773690778 131978047 149426942
952286340 254094407 445687388 518872557
407964106 655645356 344796386 387395675
469250490 863487551 329873147 391261163
854059741 442818634 376740922 439317418
788224914 291585178 289530139 302827525
767260161 432210740 708044387 764155866
59272065 308936275 725222072 736293203
537267264 285893061 943154180 1000000000
331282791 582327222 994243891 1000000000
910613253 739556439 15431217 88122350
906461155 470756987 408181954 496205383
681987117 258763189 310290026 364392157
972726162 440816631 647298570 737329451
714815943 957725723 757561967 789018418
684450023 947234860 207797774 215803501
329501701 431321981 290401784 324687242
82840352 477967868 753671036 825147419
4168892 2716403 466687381 510949777
469111570 851694633 111719217 174498976
46867376 532835140 438890059 530689887
972762272 238300331 751056827 834975744
408950777 929404996 857587669 857965124
880775399 782512844 969009374 993353231
442738159 207474685 967830927 1000000000
802330441 670804591 221000704 303487318
120942476 316550123 641982618 713475883
906927541 576310082 167316663 182065037
952023582 171496563 416270135 465186446
585820045 796938055 307971484 364760988
652199435 229365484 615620962 621477612
693040713 288601520 946397088 998635721
326039222 867459865 500946859 508617055
885413148 517189509 92212684 129942062
948347824 140218746 179303022 219495835
89931627 814800405 195917678 256205607
117421324 422133160 350920076 376912867
894339138 944368376 856947536 880551801
858903880 746191704 793617770 800777374
935424086 18323020 914410172 999889127
925785445 25258399 593617781 686855452
984363423 492126628 121134648 185629184
602449208 379208649 257157412 280200744
310281136 502037600 464867374 499732705
524123683 333723482 160302710 167689603
159327318 211451814 443654245 448165652
553323397 810320429 841522859 875405218
103367533 995842780 776350604 867490816
115628545 541134326 131737308 162565583
220689323 130696464 351764597 439476309
979004994 945972131 289370416 291457096
205147781 527805217 607995764 631138219
98857810 116854173 81618927 119672466
531433112 543592412 309722611 331440965
213552402 333538119 838052193 868247184
685586314 816071760 58199991 116945071
228876648 938598685 921166290 962338238
383625554 472976397 403634598 492352172
654423950 970257176 735075075 762333839
349495052 316991039 829739832 844808293
