146 736
110826621 84899375 644594516 681570011
164912649 91003534 545957659 582052991
921036282 334523066 188605994 237350523
124155249 748673254 738945422 743145729
341925226 233702961 61208143 66274403
503552324 162420198 604105152 611357973
352331711 262598561 916428102 916851870
991990236 389828207 843441392 923733090
541578746 10196918 664380176 683087603
6555054 51513394 362881760 379947129
707810528 353271836 796260008 868213926
405784504 527777598 547324078 637950162
970652985 606662986 733709575 781816475
713262374 150293410 486871553 520669749
220399668 472451235 31961056 119461251
678248835 690788203 347318774 444850917
935695679 674377190 158167895 239616103
206026574 623975388 889780155 952214371
940915827 133570088 916427789 951882964
516825282 879806304 639705375 663167277
250152179 330358216 389495035 409367984
284884279 341116675 60302009 147036376
448964983 600853571 437568531 471996973
23219908 187045435 411298963 466326473
863992831 184600123 718082576 791242775
210014256 633948117 604001925 688662278
377085280 989285483 505821652 570092301
116905111 779222655 902755686 1000000000
599127336 398853882 296164367 311999248
633038095 927384385 654673820 739150208
926133003 598684935 904113964 935971575
625743861 500454914 347290041 371421449
225591796 825400145 391459339 402837553
148126022 114002311 507701250 568790257
479646496 689718598 736135321 820917114
42784689 899466843 444087370 544050434
115819287 738648816 814259690 831512883
877095018 620673258 374590671 426451886
207455869 304182204 14289337 20238753
461518733 785294893 206096732 265115179
991258121 154510615 916590634 1000000000
451865054 884687539 913228016 956944748
669584223 266359741 381270950 403380279
379389806 677220064 422192937 447532681
483035867 737586309 687467900 748763159
532297302 728981002 837822610 863230944
623148793 957154141 971178642 1000000000
431466270 856238760 917879310 973960519
333873769 206905443 823505155 906744495
984230047 863254166 923342594 964334636
452207675 946237857 671011949 761855616
178392643 780316489 42249161 94708369
679349929 824810624 688252240 761650208
369611312 126383534 993520443 1000000000
151763585 353670459 396954245 410537681
225460223 968862670 180168937 270034623
257066449 266030968 573040006 589633881
170041805 812173478 35189951 64813317
451751994 482441972 346571311 378225266
161300218 184319585 949327245 965102852
369937146 812913637 254354975 280444972
886140729 227079496 929330807 1000000000
736410299 576372659 389069456 482670316
704379519 324626590 667792072 715415184
371585925 103354961 395712371 469571856
443096803 196754560 154173119 181390671
275289085 309523753 797151290 882640518
678363774 909812075 488313791 512379276
694796293 537286 312571650 350456572
933632505 347202338 359520478 421607287
425637745 523739670 742560380 800050685
712251023 507153747 267291322 291161673
311259523 606211645 100324129 168417930
802041857 925551481 214022299 313179778
510171598 43032851 158011102 225199175
165180023 166755995 350293022 414460020
541139182 79707525 324891343 365112060
654737062 882342735 551065674 592474808
813501036 510368593 467045691 523477656
76874964 873708681 469370230 503191915
664864092 18772174 979343315 1000000000
347769735 683531187 776236559 800471986
595818068 601179362 566523570 646922850
237557826 8432516 232858792 242728166
722226369 523771733 557036037 652289677
511803088 234570905 640267316 684407820
373658730 192192157 816851121 842410117
120584784 391977882 101859855 114154476
271389096 542021699 789798097 805541834
187857920 722513454 716362324 725304791
925381802 897548863 942146784 966486481
202708852 40347064 692005514 779024576
885825595 605313664 37479592 86662503
807179647 336055376 841717530 901527819
419418975 193885390 273282338 300751100
476103911 701748264 115409417 136328711
428217337 500249056 915712120 1000000000
699500273 219584728 432871132 447057573
783813428 440522543 703164825 738007558
148467160 200408091 764006550 858134927
872548513 172510325 960508926 972789584
964627258 272486255 274496547 330978221
778555730 195819652 329370192 340487583
942487519 204582908 459548325 553486473
988238396 486952535 536565946 541772792
754530539 968657050 255791227 300485477
641923328 902425086 633215224 731450976
150396817 232124141 195196285 219448357
192887662 119015961 935423378 949425445
448333569 718636117 636372848 727852049
93594458 101725995 973108406 986915509
822463855 17755728 793754391 844747413
484934764 71866525 562107312 658412494
420100489 838792566 610256340 683844955
477918358 632772860 885394157 885524852
61398450 675765675 518449322 588456005
118889338 293603082 871960935 874461142
432547537 783632872 439954193 537062771
895020473 770785282 681837172 689816128
975959688 914373967 342186145 369046243
84297860 383781602 642308185 684203269
125547064 195374126 130555090 174082638
710579926 780099816 920693605 947962626
690224955 228156728 572870228 651059131
913736341 894911899 431977518 493592962
334998732 626482755 250507865 319383262
874345508 52084790 858358515 894346124
258775747 401037740 552762567 599136584
270906547 643198117 611618095 662333403
219884945 112316716 496414183 569247942
3622799 721003167 975468056 1000000000
215793809 394553833 108782336 167390405
410989975 417056883 431192544 488927944
62345095 42660132 359461326 366629773
3639046 191726668 575903563 671147605
425830769 846077627 725162722 739645201
384041234 653673540 554207421 644962670
908217465 826644496 798494858 885754824
575586814 164047666 139142541 238337468
111768095 255832980 544717279 595051382
165868366 444234639 576551903 592316385
469244644 620229430 504625616 507821520
363285192 95302826 230057327 284408083
530991745 482042309 314835766 333954522
801273309 225946113 895519787 922701130
878628357 180858486 218218781 251004834
226574554 376486551 703362221 725627731
780892596 539176786 4197619 17019600
376131954 531036373 938895821 985921767
930116069 89844122 532869639 551210085
157660660 591016069 668703505 691219682
608991900 753666831 422563930 473259937
654827608 997652240 422019261 457813367
891482742 611714376 842155296 934232908
81613918 584393400 149189006 168820064
578898543 460426702 354074911 384265042
270483017 867955791 96499404 121027999
378268715 541298422 977918116 1000000000
207516338 579315983 219564619 296314868
896536675 855428310 995828031 1000000000
74237691 777858394 425109564 475812979
340160002 870146177 133603116 189166365
791698563 74343062 320089108 396942797
45499058 557782928 594866994 691991392
460392188 836128878 208849570 214656093
951386098 798748519 980739993 1000000000
57852802 437139477 677793195 737226487
446881580 61679973 12880398 45855871
80940991 720687835 994053490 1000000000
618568779 881238516 948065967 985382994
316891143 640532279 878060918 927065717
40625013 334884476 314407545 399572934
66212227 527997298 339606361 417652151
94950516 789299596 976962325 1000000000
383907775 262330151 891088162 943659162
728599356 657674493 833160772 883542195
383428502 140620340 639105872 656999225
480691177 458068956 696493007 790219398
450641177 310947692 344706646 360362909
993014588 95698544 553826351 594898705
665590367 932449816 134403110 157265529
945461262 621095490 311372967 352594523
706101064 810204420 243535045 251843021
322032754 380354414 415514944 455823862
414950051 789071710 418141048 488824962
806089908 309408644 768145914 835380063
325738292 226703338 56322720 123176784
418027501 988201527 41719319 86004296
674304765 34605379 483211428 582125700
479575723 353821 361838642 402627478
976755377 348917931 407879713 498583610
126592573 209978175 714023658 797643643
792780710 145518951 674407540 714623432
839252433 345169015 453631938 482594717
81773322 966253414 936792676 1000000000
673389984 412527615 44529223 81147322
331220672 392749915 661849620 715849369
925687308 307926782 321485733 409082834
535604485 360903524 196308301 244729131
738443514 431905180 103973134 120849599
473976668 174726050 763902453 769850700
706023 261066625 52245146 81822900
698692288 887014505 550228288 646041104
241361352 325173780 406232283 461365213
205284251 765571011 52930642 151612778
38770556 929043056 933089440 942121457
933819004 900224590 409238938 415706365
938098288 574218629 613648450 647243764
262362711 229756535 13818135 36028855
38060312 820741582 454821101 458206817
32234724 993364340 777528141 828955486
924246928 109609417 15630735 48076481
81326329 406540936 781742864 874786250
89089412 43458565 555010533 572941920
944030626 283731838 293383627 326714719
758151183 249419666 382382854 473992406
462649396 933060928 581197125 613205438
936940808 476545253 929699029 943002267
59641088 233471434 141370244 200780301
412525221 81049620 521540765 558615534
460065437 255722789 558958360 591711190
918432361 911263675 577117746 600460035
477565588 80758449 795075511 807494601
254541066 790318302 852342492 919601439
623643094 702585694 992122588 1000000000
981610552 304590750 970171650 1000000000
780008533 797367350 197159731 286702604
112549635 867081787 362466679 404505304
189665234 988113233 92490027 131872437
558765181 347170036 37393296 96646820
173169013 22318262 206904211 295958102
684706699 932032949 528983127 627093785
423985283 314898510 130196525 147970241
161529565 303760547 396333811 421613974
592054756 88806889 132012437 216588185
154923308 186808377 594931084 646351134
179069584 314546580 950018478 1000000000
403478508 611224178 486427261 496993605
759642811 797191196 226632221 302873394
264019316 187439962 804160387 811890138
531734430 573829496 400552351 455809401
489626283 876545123 991699450 1000000000
301535244 782021062 829865500 874430985
103618369 205871567 485177394 533836709
928377330 969564598 706734385 711699452
846227132 456594902 114302562 178825097
90534126 162170306 508182663 565931938
350745101 732249662 426326322 432939386
213167821 546725489 762148939 811176177
107436004 928277288 469123003 482087725
3291885 30668803 198755463 264833534
41918914 91484345 126770765 153941985
888111053 576045785 940365445 971081939
194914154 226305178 161935953 251169974
888982122 64439896 484484469 510811070
45310129 209706574 17568354 103030776
70327 12465558 257244710 314864131
32349874 373514683 45327671 139355626
226000374 319880016 590381027 673118390
956117943 492779750 811640574 829047914
742574040 668491176 693310576 791058851
970762465 615572973 104172546 131129215
883767085 717598062 702858070 766969685
689486193 797712638 959156641 1000000000
508486327 445351191 595492108 683350837
822250367 442315829 786719064 838418203
745723562 38418204 146092704 201052613
924894422 565944195 313313304 314240824
852342594 56403672 123151970 124036463
403556314 440911742 86501241 151757891
255747149 940343563 682740936 728285850
155730552 402275958 197139405 198813434
204970651 943877120 645696086 736452670
891638543 533951988 453170133 512620924
770781711 717288853 684213041 741898166
555477069 657175434 853349811 927729084
831246526 487582833 747054505 818711141
347888402 260501570 479389866 552390730
865162416 357627110 768607373 842928629
567352246 376185894 861813013 879768445
816582831 888355121 92502343 132950005
317840925 863192895 322812360 379966575
543088897 487184860 55350034 84845925
6172984 137400330 128360584 138051812
642418890 672793399 594192690 643378303
881862389 148304679 671536480 733871043
230442484 914631804 572977053 595081295
706577351 697885937 533894960 575610241
717345952 134947380 551659503 608332829
376176699 50282761 311839758 365481249
166196218 716145830 509257008 512243505
948998673 112290283 874382948 928016305
514708942 678032910 7819795 48166746
422737707 763199663 190440987 290195727
608266693 331491955 128457366 207149486
78329819 359552601 283207498 315990371
25113770 832596047 448486599 504451798
491438177 299339668 156638852 182389652
306490459 30953702 900453833 931202585
748790320 602273460 744922253 761788960
152725757 414727471 291865052 292363331
486823009 456507547 475579480 486297622
744353950 979684685 583738132 634807643
709454675 290766260 999253164 1000000000
762598270 442084162 959382162 1000000000
847890445 926714742 303958015 352958226
920767429 727897594 614336035 649885598
376614857 540323565 61213589 156482047
172113940 447771656 448792008 486499059
60507842 255216602 926375964 993435832
796838963 137246670 10348176 38863186
294707739 934908370 155203103 204968604
11294182 947025300 61063653 104852788
833284782 43331452 486937934 544673961
993236105 512728385 781711535 870302039
934300483 131604588 683195224 716362906
596620643 384296607 180780303 205338102
137603941 360646247 335511212 372633816
253422329 648333133 432228964 472608549
651622572 321603449 879025927 898751873
909797586 774600888 55083868 77605259
921278197 479297347 973318164 992932641
131930704 8985531 798159414 812540264
322181848 952898642 820874203 871039388
802979904 753913804 402568653 492918143
842910861 683731102 142332696 185279892
427687878 652788939 971434378 1000000000
642037674 448039114 966581213 1000000000
431308355 953954035 866653317 931523416
419985269 241067547 673111466 728736078
829124625 430321906 114877321 187205963
580715043 477324435 753835392 768083516
758222217 836269932 645703002 730830522
438075738 478211569 983199685 1000000000
623526508 568939575 78551486 123768116
597512495 145439775 370752400 402614548
391845832 535504278 330526154 404885306
896875598 364899926 496383990 496982236
978233463 616600001 271730842 349853881
792820196 633891482 481737463 567711367
124855687 101094449 787227717 831345424
34482602 931733400 704170800 778683534
758598360 120664075 186497929 246578512
969435805 616488489 823372671 839937575
37464196 555890250 224999666 274680733
737276359 75401399 652478031 653400136
560368552 617304889 988900394 1000000000
636710713 733695571 454679529 530797641
732853664 187999112 182605339 199423634
776348896 364597159 336641259 391527344
791348955 420932524 743351926 744319072
364809941 579259175 39461961 93975451
809453894 373121957 729172000 776255527
552073613 431657321 649718934 748631902
692521614 204056645 277463054 304972583
408246481 856379545 285202187 306312178
627654514 494768724 811945527 851065320
347143383 910611513 913354698 982988725
875737497 154043278 165584542 174115244
858537845 57410872 444004199 460679720
981034934 138486923 406211616 458303356
811651319 512676709 743191305 841791939
546316682 231323765 407586082 507418861
59233198 843268887 967676255 1000000000
806878812 437317128 525614213 556371739
966862557 14054996 994437993 1000000000
121452499 845950263 487752796 538653998
212661846 122656910 37977933 94076606
430233884 322115238 395494180 468222709
996809089 526406861 126692874 152594807
362406615 790861097 49731321 131665176
756951028 645098860 20721656 119654565
808808891 212741201 726325696 821171786
808661783 328035948 509543204 531685632
235423887 461674992 965065974 997253118
43112018 128941516 562439781 563686750
195099400 25893190 118964758 181659013
284969086 401576181 946291834 1000000000
469280752 457188312 526556765 576555153
462894100 23702665 881235452 939345438
848763688 654712418 658284945 712690562
501360357 862343085 306376292 325994105
401915502 376070070 602750246 612873799
117272997 413103382 229221142 243265147
670925522 686817500 249214555 264341813
425077011 212243159 378286029 381129438
2654522 736764905 872199408 889828222
898090243 106096579 92498564 175694889
792129587 750844585 891418230 967102522
400007820 415822863 36811990 75090827
832538477 835439503 743308136 842635692
204954335 671656810 92817727 189452367
182580300 47920540 777467123 817996517
333113302 530103037 934320669 1000000000
511254383 671312605 898792468 933674399
74282501 324996802 207589174 235676910
362859701 650372851 60191079 70203982
557915984 283210518 923170674 929539491
993285181 966763451 991236022 1000000000
280954303 818200797 139209464 167261947
330577091 912339118 43413704 52669630
840325220 267760574 125629929 140687481
265868450 53375858 253854186 299012295
751454986 399035666 868887834 900507136
144467377 503228414 995733735 1000000000
37270128 177801300 311395367 405678554
364918886 156672139 908412851 922109135
508043582 84877004 831274971 832891202
52485851 768721247 929970052 957428005
394320131 463931886 590499157 647200913
50641066 851125345 478156712 560498436
491850037 842824001 896932194 987761126
932293197 449682191 774644729 835273669
931899005 142424775 45915031 71538490
365619807 926547652 924431390 960897062
950439087 116157479 346152138 422343581
501151575 896862543 314504986 381380611
567663972 174180066 431515270 514892119
393303354 952428017 510622067 514533779
174694780 746364943 891904598 981801803
660150193 962639759 68778520 168296777
346907236 896932522 388348407 476931105
70346190 405836304 7895211 42265265
70637838 997937295 432020495 479402089
514805406 48649037 854359871 941407998
277335109 433082959 876578652 902720857
571167081 646728116 391298555 442848233
431596134 681360184 708660804 804450827
738017073 699965966 441275793 474682734
308594736 191688796 51431238 108434142
364340168 853545791 519169981 614588105
111632861 282968043 941835294 981220566
356552477 607258249 82005557 121542144
809194964 882621665 588773965 669785174
243325460 547114383 430764057 492550697
598071774 459608165 305901087 387144173
258878965 737993549 535229770 541996223
106101746 72552764 862341622 925053062
329041736 14534969 320462672 392423594
655714520 160354098 203711987 264011034
214277639 50442028 558230064 569054043
114515943 708330156 688655111 718653782
6314801 451679186 523184248 557846521
774844760 904034362 544996257 590004904
640745155 700716501 177993019 249755423
711340120 244769921 777622360 809136822
95046214 588399930 519135412 545369705
164016806 650260901 305911304 316275676
346900715 366995719 782513647 877211950
742433001 661313908 485718662 517873482
921804410 19362447 4833405 86711609
825250436 417974675 254162428 351762209
874092495 372340619 827064485 865426106
153813878 323575682 131728262 202736902
427226198 455705359 225565723 306378949
515033057 167184719 537198766 555724278
801900636 164029889 190657164 279565361
522349098 543664979 96101747 148403590
62552333 842310197 3944338 76253517
180317956 292568562 73949737 98768004
825111823 804236481 279471137 330433385
364612755 205305943 400867140 494249726
142051849 176007962 443348610 526935441
594664305 511282401 48905115 67446882
163516952 405805914 86382184 167886360
427606481 439673919 240108114 291490170
11386002 281452025 280983937 377570379
382588897 862696284 720951195 733663288
594377251 983921900 252463772 275400555
455331861 328036871 843093468 884663337
347724961 813947821 810009387 836080947
9569253 193262418 65269436 98543276
788229359 260375544 873936193 933046679
49051964 617992407 477655284 515905180
874988317 256026526 989785335 1000000000
549506133 36731629 826908120 838809998
735471314 23092978 128341720 218425010
639243072 771480299 466922037 536257599
758782273 497091855 687992378 765553559
113752329 290232002 203934988 237638500
372760779 942747153 601319735 640481517
114559462 669063447 782323559 786230803
418327476 782195460 974985586 1000000000
299117581 695928022 357182389 428922096
583659187 465807021 505939304 523332943
517992040 286447904 418469464 464713957
813209907 903585806 407622300 489969902
196267728 845094696 691059989 790127433
486268008 915356467 433255678 531159952
390048686 290765793 548077579 594735889
988135482 707539035 634633096 671140502
423286787 662230525 557496344 642441016
768884110 439764156 581694865 589725419
879794336 769782718 267414347 354568447
143764305 202451376 367669998 384339742
89173304 483915465 411966814 495581761
57682199 233287563 366742342 399593517
871193284 502362878 78936236 154688051
699056801 354934172 130216567 163974390
109903488 857087110 351869445 400276707
129653692 885305787 102212578 198285976
772486832 765119841 344061896 380048573
422350660 264812121 790462495 854406275
738870495 775483899 827035889 895699965
578729228 827289553 611047519 627143662
495260369 9891821 500646478 522115107
459884622 296408146 962057308 990041294
671741499 380566776 846478234 930074545
962302284 43795306 951665406 1000000000
7799591 589090683 274655779 288841508
762158906 421463617 868148085 928138518
638035682 773348556 897070164 971799650
348712534 697685057 171664181 247237378
458400892 567150774 629777599 700501526
805784177 685619807 557728655 571660346
932231723 443884243 568902262 648596469
923582519 792677310 659140165 672401285
35939217 691966754 660540589 744701034
568422791 121215852 69308198 79472995
765506774 178906299 329526168 415583168
599780140 807220620 768924448 831262066
268660707 260478665 656153431 700902930
740132526 484173508 210280886 232723201
349190203 300584273 407804908 477770293
63916543 165526294 811164784 822345075
666723331 546678531 537856859 600139903
815166479 714040136 282464675 355340320
754278511 868049363 2897040 76631007
548777683 9268726 934481038 986388464
235495284 164125922 687616547 785241871
64130217 395895630 407309281 409758490
975450940 318290095 945275245 1000000000
609283721 46449523 617713770 701736074
391333592 253977377 566135029 658517681
222757447 170381452 499744558 530259333
289430239 942194973 861585610 933063178
873101199 92303038 384852324 439722974
99868094 529704492 588351706 597519834
723322379 974804906 750881706 751980420
68656972 942814995 644974367 689391200
54828983 181812064 345996243 433008096
893347751 885545014 507171709 519980942
622691641 246411257 467701159 506707415
861859770 188961130 434190331 448613995
272529196 217347171 909560881 963868365
37601749 777247342 197729401 293769134
75218078 73778700 264662686 310030818
142273015 931704027 450560482 516029552
366616979 380211221 534761094 580839121
889005955 390992721 516096564 594349793
498691026 957097047 133561539 206471750
614805691 683920361 345532021 378648287
796392500 190771612 557675780 598471873
760597925 808926079 639129343 695108975
968373334 999423454 352433079 447440216
18189079 146263300 416098720 421138726
52033578 144694755 653677540 686343891
529821234 758233417 528990606 592107038
407303075 905825923 271597639 314128604
171269410 117589161 156421703 194329678
499272221 957367680 606180660 635576568
760560485 910504020 806542212 831784246
194059318 969246633 386427891 464975129
687942654 784277673 278462912 306298056
99429294 180172635 56756510 87792624
907628953 294169508 809221782 903759983
171883140 728091002 391477587 400958657
943951267 417397517 956074788 997424005
63043057 862521617 539052550 575808502
55085190 11672248 223131028 247170910
376270289 147118642 293294371 299650167
57010825 8393486 788760246 863569127
318659712 606007982 156235559 165742808
963968072 206412560 925281542 978427606
41801092 742771369 488299033 563800271
937697515 771189218 700123628 714428088
482640205 639404440 943577543 1000000000
147585986 531735316 68697125 86036381
585976193 83990956 962174561 993059511
361156625 91571054 338961074 371536091
100214976 330618534 761774162 837077348
595866043 469705495 341152645 410850337
297000110 519391463 91178059 165919215
292525164 303661016 949591149 978306814
118072542 653155161 586277734 633949429
89124369 882699739 313968305 338062378
628319507 716517073 90935194 104318613
533804463 26520153 40580951 89567334
380613909 790131389 429328266 503469383
654119507 542967267 101386254 113424399
472868737 464339331 404600584 451223519
557401858 10786472 61697885 123152500
146845869 860538278 958185070 967156506
150450163 364446488 83276863 132359620
868446988 327460892 580311580 605478993
957107262 113277060 487440801 518099501
400293950 585753544 106569950 148406092
277182301 586523519 61509975 158989609
722473150 854352687 583532877 586139520
958399151 948085138 114070167 156277314
280219709 20058968 261542099 315251332
453171472 27663835 491078792 577237738
626536257 235913656 165670318 229119961
605200208 575987878 480430536 534472701
480492824 959482446 797175269 837731385
61601874 876425988 55282016 55548111
776007565 816488316 896274639 930315157
372120451 593418307 216710973 278604746
586145410 573042093 206653570 297667507
415403281 692110470 10859446 23678802
269992132 556738466 778038987 822529922
492893620 606538173 126891141 215523198
187215836 604103291 623818412 705313027
235215532 761308060 383558592 428689666
955941098 459969407 636601498 661627481
672921573 388201751 297460990 367964039
657649091 736317776 618670888 625538355
653142145 794453342 479899227 510833645
496750311 3317404 280814394 286992166
184953634 699326825 259123279 279467565
735953269 538400580 687870576 781768933
643116502 540535946 818904985 823916526
457647330 145202611 554622903 653797514
44961558 308269284 706662089 761986318
557857500 365872205 480180225 562749472
68151401 183956476 394648760 419790806
710402829 615917765 656565574 713299423
243692810 222609162 84465285 151569706
474542007 516575439 408066897 443202104
20118054 558863794 685066459 696692470
56060531 58053882 361261415 371913610
437828485 536621995 855049353 896570571
62089153 957830068 938086326 961846114
948733039 110152402 584892478 656919377
691430314 773008095 699495591 794596512
75804884 242387073 340765308 368612240
86317734 513454283 610774577 650377927
330381983 557973685 255297095 294950723
408911986 38138980 6394765 28205599
746190298 203626746 687824896 770655436
450121752 420331056 206930714 218263083
681624588 522151614 375213094 466307455
342957912 895643946 230183838 258049026
874838847 932316827 363504882 441117667
689531857 690012895 539772114 560683375
724068937 962062214 392256090 432077673
850660617 532560526 932144591 935418203
900534063 507376977 3485197 79385560
812390501 365877952 8297773 14555980
41290834 3951321 760853013 767475609
687464709 155682626 900489907 964596003
142608382 895444839 475488201 543786897
681638485 409482073 745769087 809491441
174993068 213079249 712670995 755838482
887471596 991577741 405165741 405305797
848530197 732124939 928757807 1000000000
912941823 624578595 409583449 491027142
974105423 856094376 581797485 652050915
965742246 341693431 841439224 890297229
377503680 531626058 600482507 663705312
764420807 557528872 358953759 384706341
821404725 800690058 983198646 1000000000
389724182 254780304 2603111 69827919
680835366 477537969 106579819 163592829
522781099 274732309 513331556 546434221
840776296 92595306 254739534 269610050
398258963 785894871 231935437 270939294
551859223 106916293 229623912 314614361
827916334 655872116 827635039 855830036
312238955 729053511 988112476 1000000000
934560833 53308785 611666202 643515015
66429237 515128858 768028343 826398318
882128996 496286127 200166659 235473806
434217274 411566959 606371691 614896087
965462719 144340110 93506591 133497432
239499149 812702411 811845694 872640048
21231581 811920284 104725597 153974398
899743825 313564138 161265981 228817061
91530547 809149745 956330839 1000000000
821174422 557360022 267770048 303512306
597392651 112217940 491997902 517106800
55600968 413210559 180014213 251642578
237673830 619771970 794584645 879640421
640056664 529742447 813334914 868624888
114312161 816316138 799206822 864760286
734731395 303470932 129218569 211289470
971940836 889733746 351395312 369136034
188553316 919951246 31163432 104383188
353436984 49262706 221907169 297016702
75930222 321038742 588937810 604946267
528123317 631118545 694326240 782306346
946282664 558773436 291347650 321595133
767855876 32282832 629371689 729188911
918160066 889804201 143437708 168556524
495411416 231427580 53028264 118410265
318905083 257122069 834017059 884527465
543065434 827725842 726460399 799423602
949229261 663216340 723731794 793788738
89487063 853076888 380898110 382196323
84104176 788748065 921407680 941896935
876382551 103566090 74615352 172745314
269656901 596814789 815799129 815930886
505678452 610363426 331002333 430998938
889428306 732729350 564975135 627346391
963696766 407887955 62368894 160988757
644988384 5128569 521978271 536969533
353216284 227977491 988182893 1000000000
123167797 550292286 69652526 119584846
636492457 849891526 280602249 337849852
867979367 111965235 226407884 249790791
90684478 304725083 507989442 540067597
244993475 101528770 361368185 367619075
12623866 583377212 268793058 296248671
470984821 548283165 781799243 805825784
940138783 650009118 41041829 65584959
598402659 348969058 121176460 170780070
406092080 182512401 807440666 903224222
652888425 642554406 167767536 245133167
294126345 473677291 451353812 531510237
227520356 213390465 459043364 512822564
688885160 969889563 69255283 108308504
595480554 778874267 367930288 436906172
688397051 479567901 719230349 764082865
604872793 708762080 575345841 620927547
914106339 538661435 610189824 623836999
347484947 743532799 182544627 226667368
999685831 974766968 508973560 534409025
135626330 426519911 408453440 487269692
859599256 419627760 688551449 704288569
837666558 960575945 675267804 713969202
919323136 72396430 633051213 706587060
907348418 826125729 361609217 377774814
690359765 387474462 75442264 145510842
25423888 843671108 538613940 546724970
764685768 689613450 679784772 688611487
64981349 307705622 119243387 135721539
