50 180
766856290 896747949 944577295 965186305
406685033 816484619 858425796 863091174
21962224 306523650 928778889 980123662
982017458 975967411 705443305 724136701
494255082 344752695 987773043 1000000000
890442779 760671601 385051454 447449904
557128671 665406897 81229459 150599360
687885505 174898633 799491921 842057090
240327016 823846465 607287974 686933105
633680813 661276011 119858274 170172076
109652695 127169789 565503371 622265539
728868484 315813027 31198035 127560935
637192616 577049102 912891785 968517709
830016334 284276859 636745965 658330014
244135699 870469300 802605416 836491469
127176212 664758390 927680149 976910798
743835298 237045175 73361808 137422285
284005665 336010486 514512925 560246396
155727339 723699508 749504884 828786545
112916713 887645181 798751280 815283916
633346373 501700810 798491306 880863693
443801088 848822024 771320416 826782137
94664402 866635978 396835669 447733457
727686461 934871501 152376289 188324766
84375066 368741968 26232231 28537213
825800545 609447099 541133910 618392328
938917556 57752909 754480117 845337967
429784699 13938977 761781016 798363199
803561635 378247593 871647617 906944010
186914676 365373037 293422892 329548625
700534794 221755761 545178837 577378659
766433901 592772536 129067801 154807642
325441650 336358639 612875493 655351312
435387116 496339720 147141277 151222571
308295600 413802396 37252481 37919894
44241036 383472585 188703000 248641262
132079079 107973002 468698501 526326185
383594971 706191078 28539679 83330010
687219845 154108597 142709536 202694719
666478438 291348954 123399246 207591204
988039707 599255801 464972507 541055012
877840579 525145374 375687538 379150868
580459229 506445277 946894042 1000000000
855372812 213585182 590907697 592869147
557160090 824310376 538494403 628910037
193321946 494937379 380653599 415415331
521010217 218935193 981339354 1000000000
273700108 535319921 592810825 640244729
87273396 268623463 636225570 716080172
922333653 722781398 830887080 855041178
609429067 913577667 976486285 1000000000
780226925 586003030 469458963 544236349
715623116 540281804 153724630 212865140
589630190 206302950 383616739 455039248
65282314 215002876 53146147 105679537
274500848 696868663 1299635 75079225
191971719 535551808 27157359 105679035
95830518 854304443 556928804 629487652
810939140 770458953 192994127 245967307
757349502 336096120 171623196 219290974
425188230 726717239 98177467 156877622
10863512 69703192 472602667 549291251
636965390 260527613 335196160 407083077
780294121 47750147 322182910 346881203
181423864 267369924 685432951 731526046
454353461 786193397 619837476 644226796
667402768 45440284 703491630 772823218
646357024 283185471 784947186 875117914
553223108 455488179 239013846 262061946
819084218 96521722 167378490 211904514
325832453 174385166 983644744 1000000000
997018370 911386354 597776849 661852540
314486150 702845572 820053047 848464381
738301924 559272985 764635228 802010051
105745945 673422560 224536049 243173502
545378198 156062913 956891208 957807812
739090206 976990321 645267800 693557454
839021196 636186709 165731043 171984228
887480926 985267619 918889938 951386127
856642935 705010767 866999009 884014113
443350205 189041750 947147204 974990166
959622123 27277788 472800981 567495968
432587549 814206851 523021748 605018097
999147959 482546967 41404783 129463279
575432790 15945629 184686722 220970484
581476432 128203097 485780803 525080971
128429907 733053610 997646707 1000000000
754817244 432288477 88022260 139895251
512987146 395948788 871169584 887581528
67609654 767872697 690047770 776801486
415080534 125695687 134967265 193818054
558388205 681892633 481261954 536279679
956489943 303871616 405680053 414669665
848014638 782738769 856929785 889400366
697901436 125369803 189066671 212391453
711824199 264822301 16602967 24666742
428157493 103802735 901273336 927176452
512543471 487210782 633800819 724076198
394361425 555784166 862912278 931082348
738481127 670531971 817617407 872145823
385591400 394816996 932880886 934927933
720118946 452306222 236171994 316536143
88619457 611682127 44538039 57617652
293293237 805096215 849478741 881767431
574500816 830742453 890525340 904416602
279679339 43185803 609748490 627148446
879067874 592126757 2639197 37673028
670128151 494046792 893180138 991081598
479579716 696787162 77021476 136284586
709448387 320214548 894201295 907589831
434505772 643050267 690055515 771753277
507264480 580452403 116344679 212977046
358912079 277640087 120409505 219001408
485150281 708043796 297852856 385536234
261649222 191636429 948866989 1000000000
54550587 399331634 837163392 883626600
380565992 206239205 119307237 173345574
291910068 820506911 647782871 674035205
631970315 722746091 76890257 92406114
737291672 104843480 281153527 300753353
832190344 620898112 476667751 518029886
745893481 659912636 600455458 607036393
416779179 969841292 655054747 660462117
223972448 384174923 370851378 406291669
980046845 400583976 474364314 500110716
797279811 398539693 333363984 390035115
122808999 825229391 751367092 784970610
272348259 601316325 221432783 261092658
298896978 633018549 495039507 591419965
615248049 6456610 630200904 658880626
380238504 420434755 726026517 804975767
361532173 615988470 216611135 234166596
814981382 199129560 748750512 810248318
283110763 466054154 675661096 698724099
691484767 797078494 910358847 981804721
935656416 641002377 370985129 393743197
147515996 874943266 269726170 336405975
563897294 484235946 111492027 174834324
875802261 437654475 341788020 344669490
907675923 502125038 273993649 334649085
969217523 950932531 313319722 378501156
48644456 279997615 898560410 961639198
106562294 908472249 858707376 884303853
681058336 642413906 955507763 1000000000
704469408 913131355 573788685 652819734
523964793 875226748 284079261 379691370
339231163 698266957 816835861 836036173
681497358 299374461 287456083 312395947
626267008 566978619 450001011 456204403
953643773 509502363 753782859 800922264
630716532 47756979 833320130 919577835
431945820 957524354 227226040 324641705
611381083 988278436 35298767 134235706
265415835 572445222 884630743 925398680
225035933 427284635 245911228 334214473
108648282 907240322 779376169 859047505
42740524 786300605 335799052 370099857
655798047 257272233 938533948 1000000000
596138121 113228837 179868557 236145382
194171472 701054957 798943078 809244561
642114731 878747427 851893052 852541841
730096675 922413079 196682934 276904459
896787745 194308931 168503952 223998070
339171545 615384831 681337676 685428427
914787917 261230817 138467985 209223150
956204682 320183109 53523135 109058381
194130797 879600834 682539486 758348038
33753331 976144175 609430622 705432880
374586673 446435972 710688470 793391125
373771761 678969664 202856981 243164390
918093626 389168539 938198155 1000000000
764088720 261578579 477238870 481056369
243589353 634688577 551168952 588990132
491745435 921927838 182398740 260744136
350043883 855393070 155145156 199777466
717535644 42525897 538413540 619081415
556336404 644295242 232018397 318498511
8999932 968323644 387180705 399478655
191853450 465746553 99924466 119607448
785832087 951001151 961725743 1000000000
