300 1901
900247112 979588771 471025608 491977918
334222920 903562339 644101178 646212262
36611011 513857130 97269976 103417632
285774564 196146089 921309832 995388890
731621670 741743799 489542634 550855211
598496961 981830302 867978505 870559717
405112521 404217499 4454164 5090729
475302471 756156192 40001110 79337561
518409117 181586088 836620264 876107011
581212657 7721446 146645017 222220664
965422506 599505572 746058180 826298478
334823981 652623692 757554663 786448551
40370546 830769482 822106745 870987412
659671487 852476919 265353561 348473161
473226142 715642339 681994800 760792086
179790820 130546662 657968575 683837392
92235554 331771194 780012134 859426458
56203314 167750369 380910366 457591169
174285220 270221425 872401445 885198105
514062950 706440592 7016963 47823322
583081450 825748977 20404759 67045319
800811689 124587625 67543265 162619589
249655610 274518040 403384045 471157738
314594258 475411574 151490124 173448912
148128771 908858192 743193048 781105348
168472071 144783929 897865407 922163003
320761149 703032158 897180251 981376787
771693694 689217727 879659179 926187906
559726995 888536904 717506353 783781707
96146576 769156588 823720395 911840108
746661719 589552333 944035720 964229570
147503931 955334318 789154767 882046299
121863037 80608944 268489440 352232228
178724586 552216073 496191739 576774187
603774507 233026446 712970822 754636299
757571228 813206324 443314890 475288349
378750838 234707620 988829336 1000000000
658335529 138347109 37943644 69162787
985169425 437361983 682862276 752406943
747017705 900098894 362002284 410466101
600435788 173844323 996651226 1000000000
579890611 684749581 18749075 68565905
319700741 734710334 361272927 433299330
336957996 502821792 295012606 335360663
981581301 307070673 702019175 787319608
136698945 46511273 212196359 226336548
823356996 515528218 813556790 905804776
841303040 357130082 753484997 826280923
444071023 438464453 568548192 586433084
190835911 599229803 616526805 629320990
633865875 255875749 886662872 986229092
775286208 599358258 838822865 856958682
196494988 912731569 146470981 170001481
80629684 14274670 946960395 960004570
327897311 419119616 704155783 734082178
407512636 824883593 116818747 138627763
90664081 106207598 520171897 543153829
462059275 540940034 505808538 530372583
415016151 99557034 348096474 408170271
79477621 3754590 820463103 914029659
621317948 570746872 164011209 228042408
341838522 985585498 675028412 682608147
121513032 965358699 781412414 863259191
856498941 205205656 817570561 852664828
483415559 710594869 63553667 88420055
178343579 878968668 935329051 1000000000
715576121 542049093 445141715 541958959
599545193 424508414 65413673 124983385
366209018 992997864 603546356 636982129
125011663 240056706 695519672 733791413
847448566 740296102 974968653 1000000000
390655921 967906853 162777031 253759724
243355775 970554934 851623673 889805312
328620773 602814688 345751445 362287208
105171328 577731104 761397456 792040462
656521633 568364680 975859998 1000000000
546418824 238175521 904208249 942116371
874859952 230242500 491673596 512214693
752279170 43736841 639016470 684953839
925764760 830683112 901308662 948759309
252652928 161104744 739592602 767303367
619272968 829644556 648168545 692807588
431074988 272550375 939670385 1000000000
342779847 797861619 921885308 928580473
832762297 24226880 504045184 602166738
788432354 111436029 498577266 501506259
259540050 291531789 457646610 473490777
961065801 703977869 939213105 941404307
238845883 391842550 878329501 930312080
633696623 545232455 604008227 681568921
46289005 204026852 601492286 660427143
529790954 71430299 61295021 142369658
145388180 517058992 791793075 799160165
198773088 213461759 132709932 189438740
803514445 687850630 891284605 967033849
589436486 414894141 529443122 614552094
743232031 605385850 730307252 741608364
961761045 989372169 577809894 664264299
296360183 192913499 702622713 744845208
510891747 173191808 791506539 866178873
547875678 420999887 517586751 552644640
167192740 938513252 236481429 251048971
93013256 146058156 46860361 144708013
169974954 622035707 685954853 724811760
519984378 638715524 863986194 938347476
876234133 294032421 376908222 407913177
262680869 687466372 919582665 995405706
556903881 520487580 593220487 649304139
843024079 11555776 684597101 763810842
155478470 194852666 88772712 156686706
541264226 438356187 161627081 216342998
261510307 993792652 118539969 160942708
346815054 783931224 331574823 336083973
69421275 257086846 831464349 863974782
522204033 228911196 447341369 470958432
885452349 840060248 539733771 541004952
342062049 6478980 84645836 103585445
924958823 257102724 983023858 1000000000
692861784 227616401 342206449 384941579
650659646 117374684 906844543 938158963
623399994 70983574 904095285 991845376
446426662 518905061 557110023 583717841
423257480 551533785 453122737 524372896
501580428 971254638 8308895 76575925
886307574 744280069 379713560 404564934
456192516 498346545 86830908 145095453
925889915 93576749 252150008 317697235
489666342 945785630 878642826 882919768
196945584 914921442 587834341 633716692
483287087 548892218 712642671 799642169
347268591 386171829 14351627 83800112
862573923 374329876 172919354 238512539
14478301 731302374 882535375 957582875
666478024 754519210 194056636 194526929
996533541 338195313 835379833 924278271
453538807 460262391 441202376 505039992
524149481 350171449 809183717 873380028
591791211 280273350 706303895 706377844
75553908 493166746 736078025 809683637
692315929 21260488 137593995 210412475
196442762 509541786 47847198 103108447
492969549 805101897 964487097 996387465
863521305 892728287 516456395 571459436
916693699 895032389 497201019 526607023
577092339 21205716 529923290 557121126
732900640 724176563 27176673 53925723
271226974 135828455 248296493 327083303
372615896 452225411 24844463 34001588
722211139 239090547 678828529 720397013
348395529 681452649 564265691 652970933
244132154 448042481 501287972 554376481
327931750 265774350 336898660 411580871
245804176 825323553 745449221 776370074
578153055 138806051 27488273 67588470
696805730 152154826 466462900 553806237
741462264 963722608 203247758 241633179
271785003 768800727 329993645 347944848
20322010 315366110 573907453 617599783
465744175 859388895 952459839 1000000000
921063749 565042058 428942339 452270362
653529414 204768425 18270431 95613007
608765845 322760411 996674601 1000000000
477886543 656566530 212332474 251242896
756965602 30880974 228644429 320012119
802611190 549335353 404525232 435171044
180940217 29579003 105319107 163252137
929525026 566511256 532861556 590989898
593066543 434507411 414631030 514059858
813796811 641041320 827898543 839805613
999367579 389335161 278343951 291993443
477218394 292051582 689611192 756287645
995753555 686421779 789604851 805628849
159202105 521678384 356974597 381488708
643555573 936861644 711720814 778457187
984113078 510463046 712395046 754909337
638062895 566218558 343938311 394820423
385660553 597902464 996902156 1000000000
618405885 560289951 381251070 445879747
175696212 95783687 449865068 490447945
545045489 910899647 672940629 679760638
483747734 632701819 429842080 492136206
77914852 139455203 748632740 847734409
442400702 635881504 197578976 289763300
183665329 826968040 748649884 794046632
149182466 342672810 119848530 182633775
201281734 613722005 691945396 725682320
845845736 973240267 395431973 451616792
378248 152711674 207522322 277701229
801178822 342629300 91370043 117343418
494698155 225960953 181307236 199942657
890870493 102257062 575778451 661967445
924913857 234466718 213818200 291623407
262080046 710757167 89424644 159044434
106251948 848742346 496303014 577871016
645340026 382337549 388399596 416298504
484919781 926592809 422915682 488381936
319195930 251926406 730901134 755871555
108739467 916386235 106143579 200175393
800992356 176269020 744377092 767481827
552794736 439508787 511794294 579984821
103187690 179068159 771666419 818814347
424831953 246439999 502844245 602007712
561864722 886731733 653745750 655599020
653299752 68627985 532311403 603424537
228323106 517114475 125926973 213353722
607686808 555994881 38791482 40790803
969169457 278006188 745579449 799581219
979526492 279024194 53921245 117648745
966032804 712458182 926977077 1000000000
492845946 673996872 846143139 898025906
583665164 924221545 658125472 755964940
641885489 669750472 466036248 531126569
514477428 358020226 763215940 858571300
29789656 477709406 135546519 219841482
260956172 790426103 16810134 89691327
615022540 699639957 738935532 781574478
142940710 498753785 622749651 693726550
878928505 280862941 763377889 775605023
872314454 387844022 321362492 392808273
785149349 874119759 778973501 877636198
54951109 194769984 253504124 345393470
766023460 773188139 449792344 510104696
954195403 108038581 40669347 130951933
493666141 217219967 254629967 338204929
266626725 836353438 10970438 59864184
756630093 144073081 756312680 832809886
26331671 323621258 539482876 569135716
173162385 893460570 956343477 1000000000
518146559 475659139 1920487 78988977
789845210 852683761 688933835 744948280
48708067 520903507 618262107 644841775
47994462 238712819 996436845 1000000000
985963383 623501465 623807700 643491192
725730023 294140221 431919056 515157143
677047085 792074047 400273803 454133273
431353068 4074173 483154494 529278035
188701221 99388089 912406654 923646077
590512833 553956037 992841129 1000000000
269305542 58826782 983410994 998348978
413595933 221713581 511922720 560240301
264074145 924267494 59873613 125508890
135341310 674122686 463060817 507973190
340787472 982264154 678653293 753015042
818797150 64790965 544561794 620110248
441854469 200079871 436766110 534415863
451954732 316638715 31170762 118021380
220934544 642876684 64748330 83497645
720373820 999624690 876462537 876527746
364251477 444635076 814589898 826834310
218510815 340714728 398253763 398961977
21035527 928328012 103738132 178535110
10775951 846369096 284326976 288072853
337693297 347961703 702050104 781927318
129469904 552982026 694740999 778425123
448657645 483591111 992500086 1000000000
811350639 37454783 610863185 691160462
826891835 770799337 861778349 949835845
938114345 367237749 972466121 1000000000
402675590 665683165 536079265 598423154
274054015 498084954 559451486 621050228
496420802 91770545 980635567 1000000000
203714758 118616235 879026404 971774838
750532372 754052493 401660887 470998005
119001328 632433662 225705294 305658509
76978654 548720175 587217077 643606459
395706788 802273653 342758209 438501114
219963833 158199776 25731334 30945828
975936808 981416678 482690471 487823717
117859778 70261307 10774028 40946602
563452675 132890135 832763385 898094848
449412672 659465669 765331176 794995452
423492138 166018684 558595834 639386133
555050550 198420522 911662224 933939587
525747178 91850441 710618362 751367110
102398923 512242385 347836293 352815153
8112206 414136041 930415597 970023991
826426867 528763588 240697831 266053015
999094648 413869502 560736494 594922172
269498726 74605930 445871823 465019600
521191384 442235701 539313392 548941539
581346397 953081680 626983176 635319510
967646704 459328232 918106651 929175848
181747060 592353778 736228272 814062286
902933460 970505730 984527664 1000000000
400163953 145188145 242308828 285210227
846521966 636147787 104424868 198490114
363346431 323672967 246990429 326328550
129329727 436428872 80678631 168358083
73834585 872226288 979224959 998283316
252729967 198484724 765525733 796371055
135380500 70007207 46690066 70388987
376547230 644539328 211663769 238848191
739397914 468556691 181571550 252540075
418119420 471042554 135158051 147454386
802843347 21072881 521290372 571946341
336593790 348499596 310994021 377084677
925146216 379124441 461458003 545646378
657766839 850864989 676851383 680697489
727783279 779418094 187570026 216075486
222099445 326043663 634653057 699359579
806196591 320835437 520310148 611598786
502932939 178549824 85323705 167053725
723167923 430412038 603989601 607553398
753723585 535240910 456485107 556302752
600213245 403600610 834957168 928326958
56886010 896179085 769613790 865462656
499840687 297399620 760378030 787708938
247309280 773450022 507832762 545766061
58244860 578598384 825419250 830815405
45188716 695474198 906890102 939708521
64570577 210680623 515200901 550590572
194555167 378685068 923684657 1000000000
897816692 738426088 706189756 787558980
817073744 680958754 565223381 631969061
54862004 814491487 203828586 228305620
138543223 208163043 28261534 33986358
989895879 793667754 847962935 920624306
609928144 837041167 384427986 451342979
895134171 34823220 807526064 878889193
664527642 905343491 918635650 1000000000
686206581 196759598 594660580 607946469
801519716 371772664 106880320 147207164
649926388 114724025 49603302 76481041
278518327 255234456 915842772 970784707
197552071 465189859 250004404 314646095
791490094 506302799 748064322 843304402
896458321 500721393 775346624 812902479
577497231 573860604 40089786 93450453
44087697 93028532 893233391 918238395
705782378 367472123 259306226 334570169
805839093 373361540 321031510 336418308
498111468 312519302 623820792 623875998
272947937 148389326 779370625 779462802
826290230 82074861 312753814 318837958
531179843 5202691 297725309 333014623
276581056 588532953 43846104 97480000
115435963 706335612 352891007 387291003
578028713 749419305 465644546 489660624
520252339 541803169 163033377 195138528
485642878 834222985 214750859 248750844
442904241 474614063 540446153 550194385
866933099 724702955 602954251 612574831
862833341 717176329 614804626 692847708
391789037 722113982 448071054 475433838
734388866 888630052 184175984 227767322
9690334 398159953 325783194 396214590
150897933 516951488 268551153 355343526
46346385 931726492 640038386 712466605
65186493 131797035 304747239 373760359
7290478 416161872 680464061 759581549
578760059 402248005 508147608 548084382
359635841 919751548 317776297 386429250
78076038 109360189 216606569 261862329
772154914 919708134 118375183 120893898
762280563 692694491 525175690 624534046
167647881 672669859 484249307 499537513
358913869 962307578 843151948 844230573
886707377 714662746 687074133 694718308
22653505 553769649 507459568 544893587
170255077 380392937 487020561 523615702
162221637 243826128 748892779 776722913
773559260 479613404 352171096 429399703
238900787 582230464 657524444 699422072
19896551 143309970 472075642 536820108
175547347 511108444 66119915 144801255
849568405 620716497 736292377 796590864
857131465 77577574 601411531 606713931
484407763 463260954 261762771 268291531
371088230 405528181 60987510 128814170
17839549 102240732 876677366 894846521
313532617 906574176 89024207 95127423
275316282 365586736 695811931 767731282
63647347 139090811 837341027 937185472
551465698 577120483 280760133 339813345
263615432 17176388 694511207 730734792
470636856 906543637 448929855 492490710
552172636 508153603 803744958 849821172
197871551 326249939 249506261 344450636
705067791 111460632 766830707 822381050
727908808 227270035 67733705 151340824
612334975 777603929 517379869 601783982
609153973 223560820 321609666 387789588
777875173 991560608 789027718 793454561
966239802 763431939 648758731 667423936
917743174 640272441 597472152 612238252
337717680 50345264 88743198 113101254
959427138 33922433 58050152 148903923
763332119 399546773 566428336 612354439
131763039 405046213 230348034 329465434
763664239 946720765 893555347 978542981
824365046 753334244 978402156 1000000000
805498914 763394150 126443723 155131764
245405712 447000737 918274466 955253613
81599483 159801501 147173404 220660549
832058042 761173390 680115320 727748258
240812376 31301961 188167748 220958576
792357971 344689223 804645062 853166351
266651078 584526095 59893929 114460238
949006820 759890656 559429637 573720329
576456072 854992672 884409424 959976593
350876593 291065244 388805990 456280670
375462121 295008702 862255641 869421404
282024562 929244004 863194195 956540720
668389329 904720609 917306431 934419941
355282042 631697169 303280611 392006039
465788468 619263327 38782809 79798524
231007038 749009068 61726872 156151213
170862120 825832488 606800724 637952864
277453636 199257692 321139423 401189976
295969036 518015568 895430990 915103388
582051185 680626862 787915459 803085091
495346303 257587549 145468881 175743006
857871223 499413424 478151206 555061284
616441164 367897875 582864419 642573602
197215549 151937001 93731410 183875976
859353948 793306603 93131614 129801388
612114226 523293186 851111062 881881590
626911678 480307126 67012577 159692356
115002900 728469210 165799016 251085080
492527800 938655563 550876376 573867753
955770206 380972091 775845637 864372316
995765476 442511540 261806369 330778912
885240553 23507951 45560271 72425904
31926235 153383191 491063870 494055341
877701323 886398898 963053459 1000000000
580251238 270678141 356236779 445121979
933496463 738090111 571970484 596162524
487967576 839115302 559339092 592685666
672409776 182272900 577650817 608053190
869892870 110970670 617606223 682492350
49784921 988187706 979752309 990607689
364719914 911599374 146218637 217832753
573136703 468365100 371508633 433160854
913613055 806301189 868111079 898270680
717640679 227061266 361765074 439911784
203572560 660892094 380130049 434315607
218092977 105331483 959387703 1000000000
53662491 712277899 172972281 251314127
175303218 960524423 392053130 398586960
215961143 926842174 630905391 697111397
895477689 977464791 372728523 408874677
11879007 486505028 605095645 626790642
894153580 749007670 346331406 372296113
217137268 502713108 43816718 52251647
372839877 317468862 768021731 782366419
433658397 872783546 49629114 94410358
562022175 910430675 608402895 670631710
991941160 509217954 635505151 717894128
592832351 398633985 51555090 55284988
488891320 553860671 298714876 340383483
370043288 766137942 917796154 952363375
347961639 633500188 192443913 246977333
147928391 344397747 74461914 101349306
726666492 843894148 372219984 457590138
460231464 855967329 829333348 885875231
599740479 57401988 737808551 796930159
53263919 232709857 73180116 123074993
572973594 945664350 688911259 788066938
273628663 283547979 405040456 472044623
212550627 243168431 170949024 245141969
254520312 351661502 565112215 653823616
595035775 485832716 699883653 788803836
481135981 167783571 384391069 451632032
228711709 994060464 377199321 378969388
667481032 832825668 759997806 844547970
115640798 679049473 368848614 368953165
80932664 612510646 269421972 308811097
674682462 996259746 434813623 471284142
484963199 1614788 943069675 998765114
873727430 107799367 196098558 208716147
957314601 524107174 696891087 784834235
981915469 873579322 95492206 116187815
170591313 207082332 166796758 247154363
348911641 358515376 493709534 577901863
694113994 481791837 139712363 206072307
667728204 787207917 914976828 1000000000
535351369 810422664 685602991 780666976
480641212 66780139 765376480 798195473
878585032 831811997 109118560 185925800
700092605 864094554 277715867 358789892
829919904 660076883 648508864 677414130
190318655 85494487 265451939 351937583
948603273 825670653 961103617 989770720
950708931 988298005 239533630 294438767
994732561 684723744 224945588 276844173
424624857 930580429 688338119 749540691
138735942 547122889 758567316 829826808
6397312 413157574 389596235 469456573
465939723 202649567 338349564 431064156
518768649 508627856 474525216 561191721
802584624 752680563 140254263 152053109
373278828 493345353 582805074 669766697
225730986 318935360 217951354 242012759
9896916 635038562 722886240 802394310
781203943 883607088 43523792 132148465
250846541 543980711 758245513 803538745
800042344 846957766 535583649 616699571
973590344 306399310 9208768 98639470
590814172 613701625 556076957 584668315
392070009 741777589 487920881 532156678
415149950 825238319 221278353 291964947
764954951 75083845 414050342 417438248
924047240 795690583 259790966 306506429
529162916 318228813 557607567 629133849
156078223 191579581 87556219 131901679
152258344 681000866 196952361 286322429
403092602 573750926 857818452 905462678
733908733 426379869 944946366 949964306
547851539 372422175 845320937 849383304
796892010 875058346 124096772 187342485
535117990 191924768 349548290 373447423
177075261 521331617 397634441 445991845
434982639 881880954 235445022 304501409
137464704 412943666 436675879 484977992
390046367 279549654 495129701 530604002
780429832 996142138 299210001 329012033
820853159 617946399 289522621 301821378
888922746 630577692 719425091 729877716
112506783 894105239 662902583 687029486
229916791 431713927 827730401 888745287
276536159 659342147 759208130 840039812
934215448 170631471 753843694 798210421
212660060 35078304 222621553 252433011
285759105 6314899 719089664 748441890
783023907 358055317 497789605 501752468
619107811 442204355 737079142 778504111
220984604 930701690 113657976 186065040
165235417 458913075 783849641 788935372
945069238 750749806 365169757 376401935
12923659 789427884 941776099 1000000000
154029072 212151488 621412951 678172223
267344398 559518097 633587591 686514574
157344157 513544520 593236683 637232294
932190902 363124144 135788315 215670303
129305621 159545980 229078092 302693632
372909025 712682213 865640615 873906835
372944000 520707570 615453526 706099156
621974820 883693392 649551669 704949080
444479300 380056181 9048877 103556260
484925015 67162273 25987923 61684981
91195480 407942706 293465691 313319830
693714712 994838862 807166852 820174371
608207043 969862999 459179881 487896833
685742952 413452986 738758851 825137847
266622276 285939014 413302978 508581611
415238877 188744296 979242091 1000000000
774455762 24496668 581852891 612822803
763924026 892788359 245561607 303982319
538491183 850768353 197571056 217554128
1799234 740319127 200718092 285246776
287731079 229192283 452794504 476280584
79846995 681731630 585202577 645906586
633689833 664114638 262459713 327829502
259116469 128917154 708568492 732941013
621147450 888033657 100025039 161689957
819709391 491762058 363021831 434504968
626776650 586175848 820310078 914326837
422617092 897399771 466508461 539657427
614897925 131806826 968249178 971735582
766971079 86692275 617214043 633861692
424280966 745147749 753426895 782078737
105348989 397203521 571472151 593819835
311111994 587712309 794799449 800269431
101249689 553295820 186668295 236432166
962086304 184306974 39992187 64386114
109438510 823369985 440939303 529105043
34225798 46688755 955132130 1000000000
615530283 853194052 805804036 903076223
850756333 160511155 729072465 800720922
154534235 712062367 861110759 889581674
310112310 534015168 40267950 50959106
891933492 236288340 887608211 920086844
174119783 928476360 272962483 342430861
869960302 218227603 159076835 232917170
880869076 28132553 20854789 115892759
456047733 840871694 200761576 290569746
332097548 205928561 90176231 134060647
310898624 355775533 48266338 88893677
720864188 962690469 577518636 642977535
641798861 777329768 890316199 917350682
648609804 404507918 40464551 74824104
359071272 216030858 657984169 696892936
602543806 289140138 848754097 945470509
678373000 26869879 331879353 358905270
778124979 297643521 390696386 392642997
198655120 66005757 59730556 88100456
372883158 169700054 594616117 626180111
693939378 957968158 550903629 561663663
756706559 306504032 449497599 459843630
758411096 852943632 766204850 799870146
745163915 391135061 154144455 177841339
905175046 847480565 795600881 805368837
23084016 174082693 359373567 418496558
51005930 25764404 10742534 74256679
342719706 315646799 635104782 691967120
68097756 403706141 47547187 68380158
31643620 619936899 650038046 727217040
422395841 335760176 983601063 1000000000
738386956 379012208 512574141 581882479
776084996 650557814 554606704 604265917
610484862 474137596 438973659 537056891
557506695 927759882 859864657 906419294
474145130 94466492 592579487 686738758
976555641 525484007 942104373 1000000000
507950966 245478569 509175992 562201099
758445005 693856742 44952548 102406805
60549837 923507873 373622942 427227028
409190242 313290151 394112403 482509078
706435026 93143964 592956022 639084396
586942374 311888303 577430982 640937203
909368308 802219093 870413261 952287443
452726446 509305795 461909392 529108246
782303544 948803211 844115968 909166106
862579867 43438206 455927532 481748799
378547941 440816179 713969847 724164935
460255664 643179845 664881952 687608771
824435779 238751184 994967387 1000000000
425155581 231502984 119264561 175257445
357949555 781617652 833099128 877386958
951259972 84273478 973930330 978957135
160588007 120578891 228306073 310915674
506385502 95122037 68214666 143433604
949256908 880909598 998022941 1000000000
316346397 875053716 760652998 776681224
349373606 896766740 76385048 173952811
823581900 862920201 994084679 1000000000
261235762 242268801 457176636 521938160
594038942 990098789 74629326 102308250
622212166 598832087 451575134 498500762
125702315 152202556 559856850 580843916
522769240 717033993 609368462 660401892
437982206 521952398 612645222 679339106
843001799 160464634 815962847 908178003
82490436 74400625 490926602 548379630
775237529 456239476 639805653 661169224
12219188 82686880 82843507 90239666
619904476 500863799 989685598 1000000000
265790163 360245652 409182371 505171351
259905273 829207053 843398843 852421132
565609019 615880754 393529297 488130588
901626304 973254815 536061369 581857044
145702094 453318127 121431035 140054355
788746326 162284036 102251667 156018304
308686400 58465119 80474123 120385012
831545666 474063573 691109406 737236227
446986051 889912794 807464647 854689732
207177364 66766662 951600095 1000000000
916957634 864519803 979124613 1000000000
579378163 417601025 427437979 496965010
32565984 703145543 561153751 639741867
99895891 974608897 440126985 517491259
530331160 120275724 487853335 494439039
969816271 898956656 368426627 397371626
905362743 698343772 272210997 350533585
407045420 885876329 322796226 375545849
542413037 204510691 994622903 1000000000
164782823 327250853 625893860 650642699
252623493 958915716 997594861 1000000000
275842131 322592674 239204289 270580503
207214321 436872357 106328820 176067385
885918046 176568605 245266938 337528984
249034507 442909266 613814246 674846650
893307048 856180979 685351464 729608766
169416436 648325063 165298334 174506868
18874950 894679355 51453649 56739817
563523411 682661577 378947234 455619083
936930622 881563128 233342641 302232090
78535461 156391664 346670688 427432139
251652302 416771448 24594659 107150570
679280748 649329208 732896102 768558956
762949244 468965425 728908014 792563448
406607549 412565719 990713626 1000000000
220239548 618868238 269975601 347299487
882041144 913079825 170564017 232377685
966098142 230449123 356483788 447775893
173330149 620549367 799918045 887588724
497385968 252854057 892097778 938527643
928420316 440056653 788216218 800500847
742335059 354661239 787842587 857249535
558411122 503452689 234005610 294408651
481691700 750026318 734599244 753250700
894744984 169780907 477392049 487185142
86989644 458519810 232554237 289592033
551687861 199669484 520072565 537056020
656703381 101966332 687125369 764913244
253016968 99054500 816651615 884268917
920223780 105924842 262364914 299660299
988083880 972379942 863451848 962155458
554835796 56508857 556580387 601267299
194114828 80053298 388246243 398315974
965693044 736367984 806227680 848813186
407272658 441028833 476734357 511222291
38269049 629248437 914232699 923398056
682258657 414992953 450603994 496246579
903686220 825140076 321143390 418280669
408371401 259063999 687908344 706295887
367756681 514885907 963157464 1000000000
78748796 768042334 458730356 494988461
160385400 943318042 488331681 574898571
657592997 798041174 117599867 193111779
959328833 560767521 927245629 971294712
908320429 935317052 160970662 188633319
760084954 461017466 15892567 61800688
205580007 217429459 406538837 497652918
880357811 902688829 547769000 596984090
977988234 358952445 499901724 538192700
492876584 950921582 665948661 728187713
59756485 130584790 531043555 616626741
286099857 342899039 373201466 435575982
577886313 904686322 87599827 152956143
52145540 249320620 409946868 450234522
401531045 731503114 766511631 830523556
809734030 527435172 401327942 440911811
586517791 339094442 335019232 388816855
373598536 516303885 647296239 687755955
329951446 440042039 652765992 683431172
726256642 600886722 884295963 886503565
92786095 350770890 893172524 981538727
297072151 645285966 830008008 898521708
882634897 686763247 971556925 1000000000
511982916 913095786 508973748 522726168
200871717 274664293 624553507 709910779
109382609 833692712 798477238 799634693
293384969 62712915 271891160 271949096
782239021 40520862 508253641 593680595
146154639 61943124 929977209 960398917
514769395 792514658 90610208 90903506
703333669 438039151 180106880 193083509
510917914 740280314 818264575 855468261
381978130 547958785 237426863 273145014
873126632 64466300 714429904 802068263
877027973 211832414 690706190 769505798
206492479 249207860 364625371 365740233
487417850 680105474 361729516 399550628
738919611 358541201 795869081 800409595
513786018 383341866 332092404 358243894
864217728 418718036 34898457 60653570
600939865 921801760 405814556 475004843
779830453 568456809 852413474 883474178
111670216 804973638 759205250 857840310
826486624 636976790 945689105 1000000000
263011139 834841868 105302922 106091743
378195915 684627388 810917367 878749956
214705202 739834159 36927832 96883304
843647570 846734580 580154514 595070487
534823983 789425856 551941611 586579796
40764350 601871316 480464945 557070423
23726650 413136733 554088708 570121667
502005725 212208224 701505977 721099061
287605698 638291535 771490086 849918137
662969339 887071953 338129316 340530288
169447082 230861461 950208165 957595031
58489644 124423188 720202270 792113599
578859155 461805780 128869439 138650649
40420464 154289911 929394874 998803952
667006575 131830854 555700178 590590091
510642413 933836254 106873896 144460140
720531550 558224552 291566373 389651622
773031613 507887835 56571936 91986111
379780511 382921072 365323220 394326066
460195089 615835594 317068628 351859629
160136193 428887046 377880489 469715710
503554938 169177161 754142070 850805638
317101769 873608024 556313415 609457650
463646103 841329204 886464350 893553472
910185954 895094377 632551570 673580832
670312226 841436623 970693128 1000000000
951075957 554603471 692911514 763037623
343218274 139308446 245265370 289022683
259198496 1365401 442146093 506097245
504110113 683327203 921912844 942625708
455024774 936902965 934718300 942066050
440257073 607890301 933151559 938901160
720175472 637814855 488364610 518647669
430289145 151479352 95251471 96553291
350205900 433507727 344450570 392542102
295528269 599977700 511627897 564127985
307474815 522674723 648837916 703574847
577175147 734501803 167711623 227741588
173926018 120305126 794377782 855508401
812371479 59232288 611651050 662354222
686127065 134804292 650051671 695799854
315557845 13439163 793390846 865450609
284658971 259940989 899679172 954106706
103383825 733127110 946499308 1000000000
349716141 801498539 407243268 410114602
728814670 718842888 381850911 478723804
845063878 708267682 751028874 761033375
47879055 182616271 213612098 287797307
915785872 222399617 365483123 402568943
298189816 448857624 111498130 111773537
253079330 449721400 675270653 749548336
142674777 155618784 801127523 901067439
812806725 80174876 380890790 474523926
995955177 920379060 853444063 903886032
938798718 718030040 957999323 1000000000
807369360 781853355 322821333 337310478
274112315 974622057 373960958 398350513
115509935 128141242 523610534 603040031
136909053 206378971 225289607 322066578
686074525 949852495 999729130 1000000000
37795005 159972004 154464279 178301099
81177809 104226589 466517099 503707358
656210115 200124920 89166033 114225897
72254758 515192977 592429291 617284206
140549167 61812823 915711708 938616938
209362038 334153286 850892482 881726908
198682796 186229327 985678729 1000000000
516085718 701888493 134851119 173755470
675343565 430708033 470954000 482410572
877304372 115375747 263847853 314421354
977112317 691374400 24804414 123315683
969970365 327201186 21074413 44472610
883572857 794191345 955058837 963455481
194976327 590098097 96064772 96213960
737625313 586572858 171590496 267037039
386275764 901168086 901705381 946569152
191524621 299703373 851490714 859470255
766482321 193425012 492322595 548116793
518340735 565005217 463982024 558096182
54444245 115763581 219702250 300067130
863090574 594993221 939373134 1000000000
507535381 939689612 477257476 496859897
901358393 515387984 606857098 639982007
242782604 959696061 485477742 517898344
503405034 842465345 303145222 348408802
326234353 470087361 316184613 376554062
948768546 660993828 295797089 347074131
713855120 724840875 658315497 718660293
310421819 894090746 908259448 932763828
610718189 40744507 179912551 273070479
817810573 963356363 539735914 594401885
796445338 204763360 675482535 758888556
107682624 100264865 408803346 423168929
253253865 173145221 580525324 588338398
850006479 249954321 682111236 743705073
479364757 459639401 519734785 582015237
231592662 358855051 925159819 987190765
980242530 645104918 189510390 238375909
75687729 525995556 574841812 670065987
299041415 880662534 618390647 634591319
989776876 821646755 793475159 879469745
722915243 246819282 721545231 744804537
1814686 933503822 782986304 828453892
425738949 424290779 170040596 204009307
122410648 461693919 944861108 1000000000
869456640 86579884 584294324 681559469
182353679 494078988 834354952 902968902
445263342 490967133 606282139 683104139
135700933 159891141 444479054 516689109
525514894 691827111 502382692 506052315
113048279 648138979 485605133 540288254
945570100 183287915 91565699 162920751
221916047 262517637 291372406 316154104
752610480 127430953 36858772 132256118
86293523 881511724 105709064 187082823
541339309 83966658 417946944 484697204
294583623 868289563 321425774 349089671
60614207 459937222 674894828 773691848
987801239 299096754 171826958 199952561
716373351 819999008 742803290 770310751
30448988 551424977 242619022 337752452
711489156 896599963 354471981 363012347
266546725 296498658 179660947 259405809
368741737 182896155 303044291 355852183
259837249 78417192 331568729 345159628
356177893 249749475 881537909 907082771
285443233 233951021 389565287 489378554
801286382 982362427 191504534 236157766
154411196 318834944 819558811 885918602
829163926 134368904 162820805 213497176
560103679 915638025 115864947 144182064
389624534 543288725 888571495 912740497
468027980 868956408 974754000 1000000000
477968371 712574452 33361967 100528814
500448714 192614746 307521144 327099724
478345210 182236329 425824787 427803501
655464526 149171202 395855207 411365704
186931665 633525686 229189982 319367653
885666151 768432971 684121532 739442682
912070210 55383837 791551376 792316551
780715223 531229426 208474434 223204501
713234805 426318048 150643395 217461253
616305732 108963462 578445811 639463087
23263778 363106050 318765342 402527155
190360501 453561124 641036281 678076886
861967950 84807907 53910157 115825411
101774614 174426143 657844992 724601690
264787490 494130835 629070826 641092163
750276859 681381454 654330216 659688570
45749519 914925810 39617649 47894055
647966661 683053991 234895519 317180079
882117313 849319556 770217564 821438563
878292630 659423046 708387420 749442455
848406702 965244320 225439627 294590271
15530611 962434523 277314721 341747602
43104827 432268292 707755730 801367374
293820044 538252474 468166977 549839227
657908634 314703035 525243764 588216388
981947107 405969681 746756396 777876716
757141796 981408485 536762280 601616595
259267165 110148308 515886429 571820112
483288173 847283996 144375357 156247454
991254211 685313386 499199287 529877054
442357043 765932765 53592516 145364471
305044621 515682735 776505205 851479368
336152647 840886494 193459066 246046783
167007250 143728428 769495393 811256225
625546937 504226698 951822968 1000000000
194021282 765257809 713518064 807593536
513962797 949867408 716739663 798404836
231625870 15181069 709962238 729684225
917453003 527938585 662862035 692775122
540021604 344461848 297313427 394238730
428156584 118032289 884421545 941868763
627853307 861180752 963573246 965952610
225588184 393935406 904942171 930644213
411601198 317159100 452800945 543129437
144174491 900866708 608151714 656722207
294104063 305741331 623956888 697989792
679655652 666200636 276386417 311998104
345852220 725378744 365037459 407436120
154051139 158833678 557844377 617452918
932266902 175398444 739004435 809775925
302321411 284574719 334716205 349079264
899661512 733611793 168553554 232048801
871735894 209745569 371712358 413955710
123833691 117086227 968629137 993771717
6272854 12681681 104835060 184563792
485823055 873702740 651956930 724129193
947240283 169049291 669458605 718223650
187663032 343162205 518101627 582099931
993390076 73938923 670301122 681512249
199857831 840897841 688399771 747029396
520825754 35859823 953248925 1000000000
990618634 227302518 534526098 621964518
17262654 596216776 297820987 387373370
441804800 140409527 970960638 1000000000
833987954 287044944 373672873 418224542
421711260 956831812 504182541 516533386
781892070 634718061 72535020 129443155
437890100 10451230 184783444 252105578
693143769 421886307 627371598 670097389
861304859 405516694 292975925 347689270
559525424 751236317 123677236 146279826
278830279 141610943 16022209 83714498
812411406 264210250 918601847 919595571
381233539 170218582 560589340 642237417
42835643 214977023 516119624 581412270
301412651 205231044 389701100 456375854
539213841 379003418 99200825 136908901
388606685 275441871 147147674 221217676
65488563 467437051 55814062 109359308
475863213 992234896 967926713 1000000000
765519394 305468775 731251232 736303272
281116288 670136922 331656962 416142665
393515395 527793859 924562283 965899428
781096198 968983386 373993815 420055481
958918721 28107487 93778686 144931499
115305632 156933255 476355912 550658133
248415419 234270637 291733785 371836988
32453037 964069140 373558878 384510272
921343293 885821008 862774373 935019048
965952415 109314869 543752031 587497351
812055677 225172628 135738439 174191420
375064178 771407299 756907468 782958028
294730168 605122864 417069110 444609103
131652992 44311537 405193190 473918947
202749778 204092702 888668047 893415259
462841020 349049721 743235328 831377218
588869348 844328784 803818032 839517208
900647117 204589322 511544502 604540820
352072119 225725216 809930344 876398410
533492781 573854538 98265321 111834450
383865977 124670311 195620161 226302612
58148992 899720850 425490970 511614298
863231663 902095232 447630957 495130436
524902930 216588364 708470860 714918997
187262681 553337532 680328946 704617704
133717918 519378472 324380076 355893387
901341216 710224218 887966439 985434502
931471724 680344304 369101577 465325723
659829118 215980082 7295569 54740900
695129511 271735589 202934121 225071982
937771336 269016441 898205914 936757167
980927119 647123565 25052774 50274995
82197706 359587069 345304021 378354281
410897068 461101382 391961857 467720572
26675124 151981766 714252500 808464499
285443643 742493656 344392671 366338071
915067092 540982563 25621442 79717662
219260132 621819241 121891707 195205786
485719526 171469134 636853382 637557052
976985043 80550195 993968924 997848035
932236476 169402893 880450922 954655570
769050007 518287430 677813393 684495707
981651926 13440780 896694903 980737313
803284665 85881064 761971256 788750749
715283282 328005432 327503833 416119941
934715125 457295035 576370709 674813404
930995063 991134117 822344214 832514362
604712974 454661708 103408679 156721089
53204972 18431482 969503512 1000000000
97748828 898607436 640342674 673341144
645539881 917405575 901275339 940083665
958248070 926568434 682037759 733734180
89666589 14153755 549650307 588898943
700285076 545568411 206716691 228449253
253201243 336864580 854938507 892916706
138684203 710127482 481023722 526208765
171971292 615333274 282134372 324285173
562107634 722286528 806232635 871707908
69109845 20206517 252822589 289916419
892967233 772980296 930211887 1000000000
184723710 304636380 141978334 142486956
950639132 964043399 721583812 743792386
492332589 476856624 672672122 769195452
85997802 434348095 397841514 490902583
405949802 37309386 738515891 818690214
317372450 33955439 989884747 1000000000
903658789 935458839 32525187 116486713
321290346 602035122 991797702 1000000000
242761791 123399978 753843148 768683442
239492536 69771410 948265856 1000000000
855580458 445283878 894725012 910587180
244439000 915080721 837400283 912294075
931668415 912129909 886822907 966439839
788056170 139111909 143787196 195168230
392913977 351769827 128464689 148711257
389827172 138808276 10937076 17961608
458995291 702229514 405203843 474490359
116789285 292003365 260782767 360314989
541474437 662800049 196630745 254075303
691636984 434620873 746452518 844750717
81366990 166787621 484354534 578159275
413391922 278417108 251947780 322200021
683880844 585328958 617670430 713016166
503975478 591324523 553586034 623888679
581390826 503375197 491149107 536825532
139361745 811490566 84562738 126927163
895094362 220405923 203453808 250653825
522801680 375956158 651894201 696855960
238917988 463218481 294282260 352752221
868894824 682514155 436377243 494876932
9655090 450870966 121383463 175894937
428503756 867841206 306273811 400988156
209696404 653113207 725322272 742700479
32858618 127764699 67843518 98125723
37367582 742052885 339456690 410921072
330900006 629891832 934537960 974536141
660415322 478302004 104584663 146541524
554242503 981895459 595839627 670552170
429450938 895974969 732901568 832580751
265714333 555539751 264742974 360780638
810239762 367762450 645016944 657586650
563753347 921752682 944735234 1000000000
74425484 633232821 138661105 231390321
941116295 588271754 32755886 52015914
226756780 106395613 450380957 488762329
237061234 758123021 922297837 941092339
224440851 884921940 13731141 113334875
274719077 320745988 312821619 362690966
796465266 70727591 954466776 1000000000
735573946 405114813 648371742 667937775
531189588 160405897 17573722 22436410
167379721 544919502 459346298 519585442
57653589 375481436 254639731 282086169
518627464 35625993 2816378 99608363
556844870 126034232 516515087 581227997
786996557 101752128 520451177 592526171
611240108 946069459 3063894 63463622
674530511 139185038 981756241 1000000000
535828021 427225830 398045345 465481684
737948403 908375598 926198124 946488771
872609802 914999112 829269574 863199883
63366309 928714002 244565601 270570613
387422019 650913664 176817274 213480363
619844926 252420917 957746935 989061998
981175211 842737075 3953050 75134434
890951686 781200624 305836415 393546443
46843503 332984642 153475168 241780133
197831984 800944740 387424006 446009052
406645342 143587849 655929591 674483435
860734101 467623730 378680904 437926941
4798965 113579039 308312147 382593125
111943913 534289872 836885136 885238777
471944192 166755876 579499699 613327207
618903332 102162734 921634449 936872474
490583595 696532149 980241462 1000000000
34895245 834713107 898291178 904757650
822824206 66707121 220216269 298944110
189720509 583412103 866263296 904751730
756403891 121718164 608117649 618758334
499290038 90217891 402267089 468223609
755492135 492490600 429731646 453755530
770492623 488699830 852575568 936022658
156769997 318081705 895180465 981393568
979039429 209705432 598071179 644688595
426582493 884881097 837809827 845294860
76799627 940866881 180676001 273756684
796177802 106239045 143934786 147109372
603392792 31625299 606649616 683143384
520754383 509952437 153611932 229570212
195732903 562845402 464288406 535533100
815255871 675643376 446471224 529988022
780803936 649611279 719087594 785072394
707970017 900841634 998270260 1000000000
371685805 831922860 850971632 896308433
959710911 713411111 931686185 989960562
964892938 503168006 756247959 766067938
441646154 342849125 785428775 860872351
150968755 324088585 883875493 902319760
10188907 708938049 814070504 897668404
55584195 920885612 797185497 816383858
856736813 231278708 781887315 855259356
734711553 892814194 442258108 538528868
752992025 88968157 246372382 340141904
445316200 92403707 573952539 655806183
748329794 553250103 356888744 427017170
250550063 511149440 180996297 199180517
8561970 866033669 38163114 66111464
431579805 163236285 188426134 273858908
667582723 766813977 606006638 688509507
712545369 933037019 740683845 741398116
650095292 969065901 846771690 902594536
648589319 801054712 861026238 900411999
67221149 738501510 986860578 1000000000
459024050 725364559 315981808 381773752
795489604 581127133 396194623 490462625
751606237 252127809 418594613 507464045
351529701 763216425 910608124 941114206
394330813 668768784 189278323 267940743
426470654 662966521 705258548 795439168
224171629 693253882 118559856 199324182
438466905 261533150 169729342 195936367
174978141 948202809 606784122 667331944
450249069 692186405 42482961 108311580
52725811 548245838 978920325 1000000000
686888649 755996806 303434527 370962907
324268605 480802342 628025848 650796310
688818399 801587446 752938839 773948315
812277826 41746653 876348183 969235898
217866755 41925258 732692163 755284288
736526655 442128726 952562194 1000000000
712931915 745138511 512833755 572815334
549210826 485800855 314885832 363344838
876537160 692607402 410630669 479524399
130912322 301145453 803179492 812483078
986344267 666612324 413592855 484690618
540743196 718810829 631651172 687807563
741975777 934734026 43884033 103120109
886667106 703675318 13526982 39566010
380896060 562897745 920136205 985997347
124097096 809437817 76031379 148707372
375137865 610224250 872770572 914935297
937819364 560326555 180502323 213748284
490628107 83458562 745479733 822864752
129994874 139040686 864128108 942894614
559805096 657165567 493256771 533074479
648180655 110218797 117335542 193676434
456606335 570628404 636232881 646499528
605962481 338151982 425049901 515233419
284859874 962538407 243890606 290537374
771907205 220103823 43083252 142868725
281112929 50846661 498372714 514460934
25393044 226065045 428543056 470492423
484554981 341621970 74785480 161862824
58664833 87397890 863287470 955297694
740611568 461217928 978461601 1000000000
881203747 774956962 840609889 861301198
634806067 34507774 84430295 84906223
299522793 457890612 913110366 993745789
506138052 446064033 647966103 668766676
636632736 319202506 74172086 120967383
989706716 103630235 756249951 844801211
264125791 807568862 421950927 499697298
160725233 17612133 915973644 972506575
138654714 863204696 425606391 524929046
394827499 528738437 715540892 815314080
848488866 23723379 375071840 465934773
159675525 520116256 955382370 1000000000
510432788 197784478 672339197 719913297
636447823 818035649 495512117 516427732
533656669 561027718 34366570 52535102
671434812 345373646 179432720 260955785
337826969 123201381 199484794 281298170
764036174 329612623 418305768 446356275
574648185 127469864 228560500 255860080
606182742 813019938 395211483 476758748
590785109 714647637 960175586 1000000000
770589942 451657052 192269951 192428227
822560312 120482474 925349515 968696752
42326426 247711311 572654114 638175538
193340471 688420554 551956547 615237543
436123537 855009324 522455028 566041494
70963034 970006639 626392078 691124158
527666618 975127927 280777145 357493243
716404601 947475359 364830316 392073116
320306000 203594373 571157559 617243419
189018820 841576444 852898087 893828288
758638615 517350642 482146891 559404640
319448598 773891965 388479729 425210428
948362565 799692787 685475782 769012417
947315941 945992314 977776615 1000000000
139161213 850082419 724896141 731217534
577917326 567263417 980608967 1000000000
708591014 202483203 432712318 472440459
807880103 759389071 469600084 506416698
712333910 345182274 855650778 921989745
336985121 862345440 610146409 682835886
631578849 190076913 738083802 769759019
353105425 243530697 258042596 259438541
339640093 306739166 502618036 564394727
72598576 896958267 103106297 161821745
34100092 494619415 653617517 662358687
81814189 99299901 553341635 623235504
700326986 41667680 94240096 189430227
451329313 879462404 863100508 934944365
304138303 848886381 822314484 912273716
957236192 925984584 981879228 1000000000
810758215 957102336 734474686 821783256
901819100 579629365 655672211 662273402
508825818 464489863 429847885 488196058
724454533 712375566 242491591 261270196
217253411 542012147 711014925 768662694
291345540 260345428 418857165 468818038
166461609 132034607 748329364 782120716
489988861 168012707 834277592 924117301
565088682 593484610 288342276 374553310
388877101 561759683 630959585 649843716
341214061 16191769 49989799 53808863
311528074 148900752 794662211 800611327
608530011 637340453 19553836 45583687
85125831 764564953 235528747 265792183
123152599 439668696 592125759 616135479
875114593 61363079 10843558 65424424
409812650 658876666 927544425 937289444
444751625 727883753 782918494 837121150
875380439 54596788 209612608 291553340
569311048 262664189 280783323 307720526
212915024 926299020 23837588 120648303
216385847 288798157 536717568 555927401
313221727 270542362 328643456 394860116
948212661 884431929 973223951 1000000000
593330885 815276661 26749201 48779671
571828578 473728612 566607329 598856861
989859534 76735940 845532750 944955578
673763171 363955937 277056503 295722101
677535347 844220212 89178235 153670341
453336154 655372126 638647795 737476538
988310263 150047594 901783874 909419777
555318984 166289399 258019919 331422186
197749143 65789678 970684674 1000000000
457883525 206023876 960434895 1000000000
258566471 786737417 529331867 571665362
200691690 468597830 16638029 107228928
688849997 19784347 243663285 285606040
255681483 350281958 725899417 795734567
559593364 700390941 462578090 473537174
511517624 429741192 551490143 601301196
268910823 343243645 267691721 303128978
822159909 418366489 825218629 901664901
882119798 673020261 349975400 368342159
662685032 858089183 221198908 287145821
1142127 203051241 599502661 660627179
558903213 890258106 264272982 298552861
858035964 483929210 147550133 239372448
7112168 901433868 364621116 366328718
611563926 870117205 381904795 413774641
803170296 127102905 256440889 348171507
642754163 406184050 533530366 587843681
641285448 539207352 653683428 695614606
266481786 876249413 603202204 682665949
131493655 260916724 984228275 1000000000
6371366 138097249 265406100 271600453
621914667 399959246 658545919 659367879
85270418 173894611 177846159 179344312
352809931 547729848 471964243 521742728
292165707 927751854 357980752 433567651
567869408 864792279 608770218 628530221
532387814 795147956 58808895 149059962
758276170 768850584 78051281 114843794
831179321 325251731 40721595 114126259
648710560 178540916 101954680 189797073
240445331 596006322 115756676 209089461
388976126 994914308 490054326 501988176
944477454 333615612 967019332 976656272
595794008 679384123 179451265 214340522
74472219 433802865 99723081 166889631
71911924 194062729 526572711 537165137
994595271 27121526 348783541 396544670
317891383 899287251 55848191 76420574
131405007 195747282 22725585 41971994
867562836 483797382 445991771 495558563
891512964 487071357 877968626 892169783
118475649 142267741 553413429 590653953
319616391 64081036 282698303 315096783
994712708 653783951 784117895 821983200
438523849 939096502 149625726 209583625
558867255 198961984 707718637 738865734
204399397 327452808 301448050 387222628
414274567 225119405 850765112 946691767
848336664 930288965 217075216 269406304
261926028 638315986 564334812 643779829
153683358 748277353 753694228 844195226
747311225 226854601 437431858 443867417
281380276 90281981 637699965 718182903
445380263 481712590 315611227 389229685
308526413 199494652 390201604 451668598
954180829 931030500 47896372 89023460
955505284 498505535 437841069 454599704
932819451 651443508 569078876 575670405
691738867 136915217 910663814 953464854
558543780 929542117 626052740 658360294
570152648 405602935 718885353 816783330
922411685 686624863 841930516 898075248
326068933 407679738 556864648 644846029
468040549 56547892 14708874 27330562
546524747 838793529 74576609 108102068
341320689 185685603 413435846 452653163
374694163 901379978 146861050 170848314
849449177 89693957 365615916 430516542
283794498 27785203 762784353 841268024
840405220 348716742 153817434 222752495
202756783 189878414 473581751 549357020
715991464 349226050 892108233 973504695
849170847 302860233 190238615 277720020
479690212 733389480 725078885 754663685
756692499 630354998 258661057 343276368
969839810 945229287 499446475 591734958
616379859 411134800 595614158 681351890
391772416 185905697 502591233 547229056
559827139 795196340 960141688 1000000000
834306607 673597917 904599972 922383579
143085348 642688957 506113938 582307965
374512408 305157721 132213507 224665599
627695357 447999665 210506095 254732220
290197908 834203871 505655085 545078012
811315444 592287197 26306293 119942788
187300439 104018919 503394031 601713015
340019451 868651294 976975024 986896736
240899325 504478717 142304844 230053066
393722483 551440765 992647838 1000000000
958818931 866194133 341577104 361432067
775001252 749309437 691538525 739784804
678683973 407281049 166478249 202188086
358755029 466665514 91995528 166542284
690198368 294003396 231358996 265894168
156013543 521117529 975087263 1000000000
466541823 347820710 734927038 832872660
378604892 109214906 626313506 631817881
290481039 687399024 986268123 1000000000
47994230 26832033 307714825 324220868
502134758 245570165 33938971 53044314
256307199 109237300 892464639 983050791
173623156 44769065 793726994 884822396
536564163 637945046 824115457 869756010
531288250 840658134 106194664 113850151
63875590 115900836 617476125 676070010
464908945 528979071 861668353 893378379
815012470 195553364 305583675 345037159
944145041 58748019 863788574 874458479
180496929 798321880 357650510 426881671
338188056 539488469 402118342 421867651
395377189 792909197 790269597 854529770
694139539 476718465 946295461 991993758
628214280 808618497 275774591 301456048
96530544 411212915 26132462 105979410
726514610 691536405 274994172 322894826
677094215 869966988 781147393 809146170
474470912 306226585 658980767 698192773
516880403 471587453 207916529 222504162
182186473 729679094 934258538 999091267
509804246 824212281 983224804 1000000000
240481845 259506841 486024052 522566398
797081854 294550777 434975292 454910300
798757698 864002182 887639375 922105976
592868183 566988332 728950570 737204964
553632350 508167247 316553097 408317865
102319024 957527528 608497335 672160357
38426476 750099803 546619310 570175293
970787459 43975622 847099834 849258221
397694308 354167170 379318045 383575373
904102180 435050549 161834999 251472065
115639726 331611789 348121843 368541304
123843130 48703972 997159699 1000000000
918270439 580023870 95584085 166431445
109827136 12607174 243784029 318921662
758399573 611339425 35119920 75293765
574753497 341175500 625117159 690965717
796773524 546617402 247613408 333217211
587586019 687180546 902629643 939554168
802687742 862749944 562316177 601359256
476491129 46317570 459598935 542461838
287408635 161703828 241288542 340745628
64443580 574217573 298302705 321984821
12264745 212565687 686912850 706877151
533859754 200691649 81498679 121755948
362711637 80305471 572057614 596905874
39302024 231017892 912765551 999531814
683881413 57805945 774813383 872152981
236203186 895192020 919995409 961493403
671046619 789023681 951421152 985468903
370487444 907399970 188788190 201648809
24621971 275616881 386655021 431333910
609092171 661122251 596342907 674131377
241814205 674389358 452231481 530089746
257691268 617731045 892753219 944804540
553631626 279791417 60997495 64900743
436353299 701914110 834253396 903783550
127777402 346429890 847391055 910172236
380090724 438075484 69967379 145017296
917187507 530108658 430547688 448878431
532906861 198066522 275252984 341793097
261814793 887724969 855090889 918390636
431431931 316903565 4493014 20833334
395621561 514899941 447128798 535688039
345589950 689182700 891435041 942650294
175059375 153373854 219008753 228939903
612299199 36752161 148238508 227328646
539102834 407617138 24513143 53405938
24634193 475449317 770213882 821760852
189170067 16603925 507514579 580512493
986848729 605362992 891468856 931471512
112207035 376333948 495274191 577532191
501580532 394124169 304497257 306159368
79475212 313675361 5595055 36007155
750137179 199174906 251876024 288345785
898823829 357439770 855347584 897310120
219305904 831662977 870258076 962912186
924336545 484068932 554119895 646050025
109012795 242411262 853297608 931441321
705149636 266624060 766966663 784641135
611389775 354658640 693302636 765447603
796945152 402266201 561856457 564784525
688710041 929338031 941078597 972408632
519838359 470188291 395970655 409164094
337053369 113853930 92366137 118775724
400438797 134446894 869078412 923766980
790107360 513834375 599894948 670708571
269341316 251944322 713906405 762289530
286801203 225249728 540879714 596369041
953642130 607785962 767202357 818417646
36604863 4300985 221268709 278574046
642522221 704479793 558096635 587785546
837683817 26921010 6072378 38478208
711079926 327834765 25899567 82103192
22005050 215845423 966958894 1000000000
631855319 905979890 903224159 933234056
279438596 924745241 477911564 520689829
771251234 596369916 452381411 523968822
826925211 605787564 272837378 345267199
819084793 123376393 305882959 338208503
738812273 52686647 874370265 951298706
582810684 351161856 89380879 161569490
957645045 124369050 154547900 207716608
786173071 332543686 987875864 1000000000
874318660 802686736 97697748 132356967
414831986 950238046 733785876 799375252
956510520 21647657 117432564 146835205
551193411 565792118 892327655 967687534
322912333 285544744 888426603 925215383
337737359 396304828 108501091 163263782
963186733 564670781 735452268 768064783
917657544 499966747 948548666 1000000000
628512833 889818274 637686684 730663730
113116079 771959857 674917307 695720713
200284783 701091220 19649473 57848449
219180472 690369173 568208118 602218751
745046208 5755479 790674712 852186128
73784137 927703047 648742729 667208852
950245732 36440192 771393597 857298396
649905459 497135107 255271083 328925619
769820846 95530449 995502395 1000000000
985742925 533848721 355831306 428762744
789516853 511629315 51650070 77309913
260273449 255469017 67107104 114234720
389283617 912600651 125626920 133004051
229740047 295553449 162371153 255712855
963437788 183412458 525774611 590633651
212224142 148897323 827934983 846321975
922172035 110049627 519951023 576840077
375938541 182936527 447282658 506324474
222703477 816089091 612699221 701895157
756996018 525714079 742421316 763421444
367433572 338112997 595715153 665176491
104866641 931369984 5668064 103817457
754281846 626551710 451846536 504274945
61977065 911863295 221582073 271267455
397379185 499235372 485646273 549236883
813421184 312252544 160080471 235825133
987514064 437909538 314566815 405693163
277034747 272928348 262171851 330370227
786958194 374039006 430262922 515938775
585320787 365331058 584822654 659988296
902284799 459158610 40400357 76743761
192875174 835841377 200472765 271527174
535817775 400083759 321215928 337709773
906154864 881900997 685502686 709870309
316378246 310328025 281789407 345854075
256336094 479864199 367232806 401144760
850211643 257770854 686632926 723263900
565392372 767493904 849194364 941964464
465121425 457525154 263319739 266712613
713224027 283475206 629410037 723026785
735128088 781524941 958186518 997087996
1271839 249118340 307416353 313197577
996997453 580580858 791997250 808096830
433217116 719777024 842227685 878924998
914286455 437284396 267650482 322734842
655454838 367297641 530622955 581250594
102967806 45414329 74422781 145848821
450791482 503239955 200393133 241514776
803473146 132519552 931912982 1000000000
951412525 669345812 929429884 940416002
383188590 758403322 233300249 325009378
251650918 688410606 730122100 780333741
269901483 993566945 703655891 737514683
454014613 621940164 920662750 1000000000
363666601 836810612 114128832 188546066
607983552 647990498 596819379 602262641
351758218 448120220 529213680 548753634
625104776 175576553 58537004 150738350
289462433 329203751 448667029 522923726
739411243 772043312 401529397 459288402
368423930 624033911 827980964 885923692
632807925 720530299 251466079 340472150
673125192 31369864 334873511 348255712
691522810 745059081 145434045 207101606
568024775 223033724 222245667 227073616
834522671 450833831 24984151 69109861
367906968 630558551 153557179 241617676
782639396 890501573 10306382 33140124
419428329 544692644 962129000 1000000000
910422738 520652955 164852677 264073180
744930706 209493515 764622372 808283932
803347944 796416867 197175053 236100073
657145334 772789884 175214299 259256257
12058788 450113909 632134058 722507362
292266531 369982462 169363364 175715570
548580215 276912093 887234526 958769555
985014399 584884922 614278385 647671758
691017742 355664818 45441495 105974857
701706859 510985362 509782567 589203553
709323989 30092127 299675883 384833399
915324368 482573257 312479219 370972532
176947111 97876969 981336622 1000000000
993359752 990677174 837604606 914961076
307732615 26445731 34499973 57343705
414668452 826666366 780322998 802107983
327824234 689848006 404521951 446381339
867467185 837952318 973751937 993697143
292277275 326216815 150727513 174701943
204752307 633189703 722179659 799412812
381902619 929291474 493180200 580171139
311433608 763171486 978523590 1000000000
344519677 621828291 126356315 166941818
542532769 752223295 725513585 730697183
964519185 392882715 872959359 877229897
517609639 41711529 985958783 996680937
775413389 101833388 236688565 249587587
611356570 7561835 856904423 909921045
653057120 25036414 176637696 229902594
68311981 566674541 78053688 90878578
299563208 318034810 854598469 934987799
137736775 577156090 667625308 692383377
647748462 837397928 557148258 567557743
677414103 152844751 654995224 709919441
995328056 389217480 629314134 698597452
685448196 510907209 910050185 928588993
564323182 462255877 989805698 1000000000
503480874 393531120 320560953 361597696
337041642 573633890 485782937 508218407
133008873 754272971 587517099 630997218
807379023 761681310 224320788 316923326
928549112 777056830 228341210 300149574
112583433 761070938 118216343 178503773
146379724 137513298 690164275 734037756
904772960 103109507 58074499 122334819
18107599 713675462 933229746 982646545
379272123 539562688 613178875 700129408
433202102 833737332 169893603 209583583
954026103 820819189 580574452 598666031
897242385 942612365 884948009 920921891
546030307 515216802 302479917 371602829
722367951 729924913 537631520 579962789
834540056 404990971 71551526 136824386
168474500 833291144 628205443 674728855
417651830 324036867 673895532 691909776
272295850 449334471 653927999 676887692
63392216 378797753 976289535 979802686
343584812 190422198 699412347 795411778
989973390 70676124 96861856 142047591
986177392 97744241 403665366 428435837
106174901 235316847 76944665 94690555
273339034 769468330 844558379 860429296
825466086 633339394 295451113 380270781
26934939 812374630 102092315 119679862
847269492 169867693 882194144 981775956
302571448 979009545 947789257 959445300
728138841 769957244 824198283 874758164
351253890 427090024 547086093 580787513
673249367 651177900 14314561 79739450
635197384 215759696 691095158 712547726
582968830 270165143 337899973 434554862
499571034 439717294 260784639 310658310
171002184 425331612 984331916 994484363
466824436 400814720 945462543 1000000000
828008224 528808088 167224755 204804451
15156234 275861634 473986217 544596049
619623653 738200070 492485962 571595597
217565488 21509442 601496745 615266266
365059768 853705448 794481277 812215114
90297241 933164334 753678917 836605681
886906461 502230191 482160286 531585936
929264738 748265876 584046339 610562004
228035501 67514884 626777994 653480002
157453058 194770242 119247550 158792207
573553695 987310164 661374771 740235909
95988548 523282188 596088760 668212909
227543628 882718749 721966432 818219964
347388941 525353568 879828611 915170198
60118831 15844715 455370844 536199724
867453083 191003763 398498437 466353875
763496934 427301611 135263913 226005704
61413103 502682497 603838377 682826416
2535 101168772 252767877 287975898
290460307 393508242 253767333 286673228
175495093 158852599 474297735 566769649
412721753 89911898 272422736 308624256
811491202 173586983 303309101 373311963
216478362 729410753 718830995 722129543
177340536 285711073 606468130 696289939
123734074 502650533 142500968 231199697
189063215 316093827 900140290 937341943
491143986 103046078 284521650 331721812
185472464 339552477 770686589 770995819
713738453 649214712 369081172 385633896
48112259 800860584 901967374 946012163
795630901 744959357 998565669 1000000000
882640817 488622120 692426720 734328371
473346431 992842111 44060556 63442872
959219756 68138475 707130289 730062045
912437186 972904840 311541741 345484505
813797031 826813288 766844630 823273506
807805428 180024916 118728772 191610533
111120514 479382717 844856918 853536135
750926070 401441215 984518713 1000000000
177458898 560479698 813153141 893940862
632409316 563164343 689293199 731679710
201645098 423874983 244426945 283997564
455763361 612415962 473810381 495042151
829585690 511096686 449006869 492123622
38442642 430777172 916983446 948925663
611102388 941922730 557224002 592521447
781724067 541516433 806393999 870213684
819418433 463353381 745699926 812606515
228963837 264863905 641384319 645671493
776255702 592687504 292840996 363422439
731803562 224152294 316103466 362856432
427483895 29831773 394362339 404522244
698238124 194045261 818652958 850633521
814838166 868908079 885712849 920041810
2564727 306563976 142775600 212768989
692839615 742218689 1477953 34715510
569950925 663028418 81185080 149316137
785513360 497325446 919938065 976343118
939213878 343055452 679992130 714008077
235572846 440022389 447460903 468960826
182316760 67227415 394264121 432253034
582780527 746109642 236890122 253114967
926897510 349399202 112508943 206704789
315738032 334216835 771752961 803139476
6777634 734830427 724251163 776919066
117441435 241406063 153903836 185728302
321128276 937537858 952723563 1000000000
23544769 851120266 472290258 496128058
717278528 389137762 515530454 588797819
590909018 376905216 12735318 30599750
118930462 69492730 699527665 701750540
59426913 353843259 725225679 803504650
925647797 689408870 138081734 203440967
691287327 96072668 648358309 654977248
890151598 937620722 681352586 686079988
391897479 911589233 190105902 228394247
36214637 197450596 163465684 206328171
6172351 384619398 247323030 334154048
553406105 965109970 966129335 1000000000
118059122 432051391 172073710 229052870
407586002 685283418 492454068 534159848
772326511 170265866 621359843 627240531
650884932 344019542 923745697 1000000000
414651440 12829456 71305214 140707105
623618629 676983349 259836113 278443140
778995290 292149389 363300460 367270118
922803699 909962062 651499666 706081203
117059003 754709761 215574491 312878256
469854810 686289653 806598046 814806205
549860062 566801237 715389729 792692101
782716522 612964605 294520803 359103662
851570693 114467647 503360045 564750828
190847904 720505394 90552410 186349351
691470888 621903350 18243056 66042625
441612893 433448520 661749836 698951740
407597319 284602238 71322590 71632389
268631418 405120445 421557330 446656559
644826038 256113081 955711085 960399149
562572504 288965736 223846366 300677091
352708849 919950385 798074859 860270847
655497571 445397652 355333855 388906513
940898867 706147324 52124150 65420825
185006104 920382720 592768966 676060271
579690918 331897427 224988909 323896283
766756452 421314342 111421574 178124664
613498951 361931950 696357464 703742081
799113734 488645979 282430144 304853675
314367249 135798090 373901081 443576115
356230781 299290833 446812461 454436997
376559936 197777665 432449480 482888375
284965055 758298088 237386843 296497388
214516033 518829367 621288219 662020975
693319095 686876149 420021083 498134619
78049075 988925642 608262078 613619289
720058656 451241417 696113944 790148182
714366094 350329591 825950441 888784999
288146257 52353732 357064317 427076407
311445758 486710515 435741326 441225758
361109825 442314364 847199909 907533771
456146001 243144153 924363714 998202468
564483354 923751173 916372962 942608490
715412293 564914257 545029433 628645397
685567570 540574882 940365850 999594729
874720946 968951608 169449679 204742529
200397814 58873173 465771943 499498869
931185847 307037800 83186351 108984247
655564578 854195057 624142270 722934748
737665944 163898579 954699814 1000000000
38108021 635480923 425114787 478835174
57276966 989665193 407024192 486773781
410773700 713108153 180504555 257954095
625903558 305501921 316917832 404810250
787494012 104998198 47830661 145859176
20557507 460699209 262128198 359911966
671986249 47238805 553325333 601298351
260480651 591725272 637303933 686509367
324022308 811831743 860120977 887560668
504039030 213875542 756854448 782968690
377325250 411998440 163782662 218091261
368748543 183163890 553929182 577854236
486516718 54571956 235284330 239400602
828151699 721964998 934283325 1000000000
510459108 432272416 249570020 348296305
504736641 509167319 79493597 160794406
533834072 313204571 188163286 198257664
478951039 912514731 109152255 158182656
293139180 839493107 369048103 455298518
111667238 602590361 139032325 145525349
792204518 2514191 591754784 658548038
992284563 85534773 86181617 87423386
90047805 904904735 330262047 389366883
2395486 267660284 508902760 590630695
298580487 635864309 819074896 825263505
560224669 641724544 643383931 691168086
353983688 175235143 876773244 959287506
976329870 235023411 949969413 980897205
909947060 340727427 870320588 900125041
174535994 468442 53173083 90982967
477124745 23178914 860556063 898796379
226956193 756256313 647922912 726366760
118072317 628109371 499167288 570947332
743068136 295748795 895119173 944877861
723731012 535504265 933294533 946547926
680220493 375529385 511348825 605611727
424517968 245421343 954654224 1000000000
619159927 377611378 607495852 643898413
220480806 166009760 25091482 68197396
1441349 222661421 650956955 671498412
402196268 353429394 329843753 351336972
413367270 955973151 352588408 429936778
95607926 134969194 637060518 672124302
993553898 3276547 803229835 874169132
258531042 65628891 47331961 103132294
661901896 890357377 131498625 209950880
306959717 920267681 914175656 999593094
53493392 117965105 975524655 1000000000
730794167 955035660 961657923 1000000000
571811749 459188126 107848881 198721036
602647677 204267685 803562986 879901950
975518748 262941265 78659809 165226863
727046679 966522869 12185561 48190699
540005607 798923444 241709688 295570447
186254831 178388862 16443917 52709002
188202280 462270022 221997016 237227110
267023238 874333384 887201835 946393692
199603448 361100998 195414367 220356041
684291276 497499825 479061178 548783453
877914573 521356447 454592193 484136041
433529325 940744545 356592919 416227626
573269633 452958235 83169502 134372271
30465860 41854572 415127842 470949755
81976004 908739054 867554869 875848191
635151110 996996971 948695041 971405583
924033314 951367070 852179438 903541397
69799960 910623066 129077605 212615990
832098351 408579554 836887889 842274211
685737622 886573923 917864829 941632028
131434482 178114171 969358681 1000000000
255652935 551128133 641954599 660322206
535241988 484501372 933886024 1000000000
164764362 297824568 717393556 805407220
49437191 368239162 461932958 466992488
204257784 209727607 980361031 994733515
177133076 287279823 914117216 937344671
6196545 401482707 739086047 807907855
574104157 530525426 492087908 548863113
226288758 440528032 486234336 495487441
559208466 257713351 982422648 1000000000
795998937 104493388 919976279 926584045
229398603 886296076 388718500 465078083
314603899 236232827 304130284 369461273
661842879 784133181 878914335 972551841
28554084 236372984 766197151 860647999
726095982 327342500 467169923 557626062
935260880 767500538 841983129 921862347
324793571 905334701 698492535 729420135
423041601 593210712 677785848 703880852
741405016 836771022 664032472 703701708
902439280 356448043 894567482 977525097
813100176 123330892 930483295 980030858
699397472 915127337 17283100 117185116
756821052 309863693 985330058 1000000000
422950881 157758292 370795107 437722214
276255386 368876060 760457900 857715503
790699006 340254106 250968542 258822204
732846457 659725147 698438775 746228390
59013936 628752445 17895897 51765448
853427931 845357701 297395259 317495448
663133317 565384753 320814995 341387754
811927966 551036789 987265228 1000000000
179722219 639708377 723157719 769922838
597611706 403053745 118930782 133660464
562591745 309226477 675061222 688164498
36242811 123399456 78518133 141718821
780939588 506269207 539770486 625492917
875759327 210672522 900448810 906241561
683790238 411970687 553777460 587148386
85587232 552637764 287417273 382221234
817214191 42119037 476497489 562007293
684162996 880625692 607524708 621534601
424257273 527432259 345059027 401033533
287856111 548445142 132152216 222069184
43250858 479723180 685140332 702837023
197899325 976071373 221881007 307955349
447153741 978910159 582143938 586638593
930992165 787294874 887041586 927471094
19290895 139778361 132554531 206737649
88283594 200650693 53958864 74685568
627615879 757913832 315169502 413304715
525976195 362257215 195975341 290999643
633689667 467149108 810337345 861714609
215109378 428136208 389946008 394852734
132229781 947971777 783187583 860421910
486461605 211612337 538537503 558389182
48415071 1469538 48796001 73846958
916002052 20871523 400835925 420047983
80937162 703032762 99875609 153871296
375030458 55677999 149696032 156589551
824760307 181075913 130863728 207669130
779463450 513603928 564557008 633950005
853434999 968967862 767436797 830422172
664402417 88621463 426969411 493720840
484582874 354965593 470960826 548009064
427410637 949229018 607366154 697260032
798888345 711327988 640207944 713574700
731927163 626400974 367044567 380608050
407596131 220567549 982583757 1000000000
635553290 401127278 883963683 948018774
236700009 36347102 626304999 658882178
644293736 792142506 914961798 930011051
683742954 606450776 689299318 704276669
162500589 324745271 668621133 699088267
505950788 291244964 382896100 481892587
333263620 348048266 515782377 597951643
6220763 46538992 439223816 451697737
460310737 461707178 767729957 863431970
189250409 364804326 249988441 323369964
779540564 268071065 629695750 692915542
883227538 985601009 209736444 263416753
514099444 676220899 185480586 284673256
291088141 205015172 539251877 553848879
897250509 513780788 840103516 872297415
609924374 822284836 737975784 814099077
84325976 135521928 825055234 849850125
658943360 536205526 551030796 597881698
664411173 601161252 319050135 407435373
271317163 658639791 80458212 154522150
296842032 919506133 838746273 858809851
403918382 32241863 137465952 224200594
928505401 529742715 189673333 252089828
418666439 705347232 894471923 966623117
10955917 378720563 390204125 465807689
