87 361
417304126 672188624 967056508 1000000000
935122830 691748103 824316100 854637513
294711505 447581540 148664129 242013399
817567558 348001725 357433885 439326024
484001334 686165028 792065375 891801390
753077634 515579117 419103095 442313957
130434963 819741951 996724845 1000000000
246289809 677995148 285811368 321478571
344701992 413074262 119438854 196809690
396782250 202821798 815753845 894956365
827795783 286845870 931873382 969144996
407950491 454807710 899981696 990711342
945201394 736081342 227606873 228619769
195846862 948134863 912855719 962250727
349651165 798597431 472463507 527341599
627175145 2343221 948414244 1000000000
869571212 942657431 474432811 558298665
686801456 426673652 78728913 109985350
121009455 295516403 975411551 1000000000
348670692 35688246 697286068 773725157
713084973 753583959 884317079 898175567
693439300 263899676 679505780 683938106
304135216 696446337 131858924 210269709
291727253 139870486 101908824 164302883
479161842 800674066 468535106 541262977
259450927 799041485 377677545 391616876
995694660 738075548 84267230 98807161
637404618 779481267 743579619 781150981
399754361 329808883 485906692 551266996
735980747 67195196 977105605 1000000000
444907776 273013573 331263326 364428559
835025371 154853328 952945383 1000000000
923763991 380960422 47898294 132828785
121460076 820327264 341953737 388099227
520357650 281362858 80596188 125317010
755506060 984771161 32092998 66340484
295035980 420561490 900359876 986673399
997267749 3374974 534586727 590065849
375002557 878815262 613410663 685540480
480193657 806631317 682769029 778632852
859956200 379549237 764146331 799596630
292167429 250965969 202784238 227637334
159893813 572509059 412222427 429929195
883031600 365039927 991888088 1000000000
561765428 338229780 427538141 500249942
524908655 256232967 678438253 750006101
586785661 90921571 797410054 828636829
511945245 776674270 391851465 491003142
281304657 725792508 400356268 471379486
141543126 411911510 191700254 272483827
580331586 922566911 264814583 304158835
819468376 55452235 491940993 515889046
177892279 19660974 190382641 279601536
573648608 63567438 367864303 459428909
946622784 34524524 621452262 622423741
949709856 509016983 38666252 108818174
193930305 451000243 370190219 450019619
525684039 663515861 581725497 605165826
517333801 989395941 163477907 220720650
96011935 987587503 344112007 358681349
259516004 9829836 6534197 63810802
808997102 849608591 165145954 172229273
80352879 514605466 591925521 679184020
858939932 666231619 952402758 969134467
508676738 289779878 628710811 645621937
230492063 922089505 824317157 921255736
526903537 489266838 185270842 214777649
303869487 94456891 806809359 828074521
655402323 781228030 963918931 991359507
85557049 144117905 89432017 93417443
911993334 222459982 25229009 65957753
172401725 314541625 963661926 1000000000
479817182 676129033 535643414 615957815
589489330 938692848 664964394 728023758
347523541 803976204 647818297 707853711
282564945 581307940 148197252 211263766
571946884 765098290 125776825 208210684
663865186 555061961 231212714 314806828
189060709 242071729 582210939 614515605
707389218 41895172 643575580 737866748
332354191 96879618 344752025 359574110
68576186 531899863 390251755 417253580
97224862 299833698 989516092 993576121
992667722 685489649 107034746 201022112
131318633 1771061 551311935 637492633
207249777 985679192 871376493 890227410
441994778 853529062 173979348 177329830
574001095 721546254 581123116 638395398
788500696 191194125 516275378 548169313
822601078 97966829 795912010 860376349
780219021 959508228 828888198 874042689
454150590 883573827 200011887 274835386
373436793 197076296 66774895 68808383
974652403 140776563 231718329 244317229
523589866 187446311 488035310 527339479
24154580 422684048 420472230 449008685
929389914 876467844 631130357 684056016
943366829 499677584 713790680 793990043
90698775 861085938 100466711 141008689
560091532 15956682 555980587 583985082
455499359 506041546 273723519 276210646
643678816 458177591 655086077 731577890
715956420 280713763 436560960 443569900
295260314 115424051 288615118 372342174
131114964 876460243 65168759 110907333
338033691 328477322 804949547 889328720
91878169 55571178 879458376 904076780
565794147 461295636 707915496 711904496
296604623 385234412 727388135 780895854
201012878 378935431 91271009 121724076
899577344 622995718 856455487 916484871
802808575 749609167 982126267 1000000000
134525116 174505847 157396782 247282651
220057583 921492986 781035946 799724342
686237749 148151582 611548491 672533125
393343361 298365523 523602029 596891566
193272450 329650906 922808185 959310311
368523644 788260681 721947171 740251352
381743667 999336382 521049911 609100322
908029536 310739844 123069756 173814937
45512112 873915628 158368269 202132498
434246786 140171269 601017327 690139350
322987634 793212348 965218974 968825899
139329582 132714280 864141366 932829347
816585876 505201885 399776569 476989491
212294129 389566335 505763502 604561261
720434286 16352611 289615803 354056425
423528745 627299682 485283128 489026486
260544758 427643234 400118754 433140480
522035557 663357868 156724571 251792690
174373345 467255764 682399623 741169745
851117688 783594348 820530681 828462316
501104311 447771320 534818661 583191195
673879284 684066278 31049194 60558895
952899384 334654046 900373950 915840329
303133674 5272012 258449584 313040713
984666317 871184252 808886688 871624880
657805352 933906186 219008068 224733753
171880810 998288991 898817017 950278242
547559074 772762402 966938780 1000000000
462747212 288058259 790507537 868153390
737442645 879519371 841781705 890584107
69874207 608180781 604881388 645703205
805445859 692406196 498772498 503718201
320785758 537557577 278363538 349085782
228530154 630832161 11335050 16928507
514389910 176617831 987958646 1000000000
738208482 338546470 178086231 216633635
960902378 545833208 210512023 254595652
69331521 623970496 177887874 205688609
439927780 986223539 955068906 960637256
319083745 460025962 140697730 199372334
409930208 21515564 736269524 745200012
666530013 572248898 116742158 191480051
305710818 821429635 247430793 294164836
676536735 360363321 607653542 634707096
201085359 965897185 532664353 551361737
710001347 318725090 517176729 589892334
738013974 523014137 391957833 489584221
590314373 135450864 347343787 420135936
710639053 33887948 335394148 373978313
361237268 567177859 648128334 661612004
116508790 424309386 452564267 455491884
336549502 495549221 644098998 723568565
243127426 168345377 498231821 569347708
639589813 672811712 317623922 384944083
958039796 6215806 366681557 459437446
80667673 903624925 782792478 866660611
656427585 980468472 820999120 918297912
839018620 557141725 763559871 829675033
1545632 147649630 681821493 706212083
192634295 686749130 8045922 84277979
84269400 886319561 517559676 561788980
524056369 424247766 417634060 495128654
683864023 262150823 44247059 69156240
430610898 734269063 497424858 528904567
126652974 823830239 531955924 553269708
463917746 441978274 188014350 189972668
411552030 76093663 669672782 747927576
224066383 11543340 679321678 720822312
746756018 758837875 592212986 595077929
6771841 445994756 894673140 938322037
860075774 968472237 926101249 1000000000
491948730 318279278 709398367 753548340
515168265 375646646 844716737 847105215
442349770 99143186 684515628 685683847
374877958 226282732 816410307 850886204
95847923 783660452 430739935 468009536
294274036 286449925 475369635 485093120
707031500 900920852 637062256 665147043
827579582 968489209 423967204 505131566
582595735 755789842 289378232 307128461
357325531 800602554 435913576 440067546
770848731 526469665 608410574 698187381
903930743 569456221 497484724 568295925
418336738 723278740 584767136 595860931
627698162 423922819 276975784 299654319
239702150 166571605 14371713 85694846
331049588 840357042 987679908 1000000000
672345834 123514985 545379089 608116360
564876946 672502533 516879629 564961037
827536780 851131450 30855794 41265560
820530783 274097598 415973502 460639129
824595060 221390481 78332895 106874200
309048536 441269038 148835257 157561015
540377134 593089045 249376979 277264560
774657887 323317413 628254887 707442104
560269471 427656658 365957711 435481320
353840767 315633073 210626616 221944944
315582279 545060733 591893678 631849213
540442075 179496088 132606944 205461362
109973298 985802372 589746653 664597304
810314930 886907292 989732673 998301677
771454038 288451673 56702062 103529270
445376380 635832620 784666659 847956117
429774213 879127517 267357016 299716954
693959676 845179328 52567689 69346571
930403297 373862844 620115808 663790536
93859113 116706197 648163428 692371047
982975566 554385012 753955226 842951283
547699235 488620333 94722188 153704617
738802104 343474587 300997174 397976135
764776966 598033296 742666088 830209630
297224585 441822440 121527511 203874368
500372365 406113449 546917245 551891906
121364651 227716082 471272255 474983653
371006477 91247952 60559110 125222953
588220285 897089182 320780763 329722930
638669146 623567756 69233356 93048673
341412265 793180180 695790111 714659342
965843843 888361704 760623215 767018562
499705542 827443381 431841306 472116395
615473330 511108667 417997424 476296718
646329701 921684862 785309853 797774123
913565510 485840146 272733014 299159909
315753797 496108083 227645317 296047237
293046990 645878775 780910819 862532261
125115292 517500490 938033956 981013224
663042885 527795103 325791609 405825916
407598318 215636299 375490203 383099938
61497270 639897672 828075673 898542472
999000431 759989825 147589071 214708781
852476341 636229772 434631968 467355946
251883710 188547605 201605907 276590112
756636497 326901876 661153430 750569131
325782544 638588137 694090956 749366379
259723635 15318133 153918156 192309148
257058233 22430569 113973961 190888100
74664031 773359077 5911050 45148031
583560907 254435851 361537588 434990581
478000284 515747933 945806548 1000000000
424785433 62788034 127623671 172826321
834633293 128525126 133215098 214965687
680828554 641275902 66794315 106032974
167258541 550596826 651438062 707752963
630693859 615929423 34900771 63549283
838596514 544765662 740784239 813000196
921647781 924141960 663619761 705005349
45165333 662858501 782767316 861782547
87150060 489541044 972372386 1000000000
703960490 786640534 378423012 389936289
575176370 735719055 274046568 312040430
724685235 464594786 699942778 790786150
407919307 792184349 15125081 100308870
110065956 234675722 537057479 585923248
981439284 958552687 536032735 569005745
377195351 900277432 926503008 993321224
99455741 9576094 305225290 371547461
478721007 789415300 267398790 337921501
613940691 129220731 788169462 793569144
262904725 401017634 440275370 466323393
901921674 486345517 98416350 184026648
2482924 698340441 892687967 909904635
61444656 538685838 618789329 631216805
823395888 428544395 546857082 560879757
865394877 438193672 495376513 568121111
143322828 943499099 202532067 213603406
627478740 464594300 179056618 257828368
136682731 749214924 891954062 931616660
458377534 357343323 485671615 505786491
66661601 213057339 636527932 723276480
159659823 540543537 871247794 953134584
449240508 300377856 373117173 395711902
66253584 440340727 894555526 914505114
181213477 414308470 240964889 289353629
890386158 853030914 611903065 615994778
140152646 876201991 508771721 563056976
20230697 639597179 957451941 999620955
683124818 839088266 761231773 833548269
300860810 676074667 173003895 256444608
177824513 557778654 876449637 948875095
119035259 968744072 486364444 527157619
539722889 805068360 127275407 183036581
614546811 405300631 611112025 652935444
745437666 879960123 736933015 742539510
279525383 314723302 155681578 250064850
549296113 952259513 721747482 813820797
73365989 978334776 926901488 1000000000
841356974 986148846 413809520 480018502
288157763 29615468 253932849 319438786
124514513 823377786 701664660 707222705
525330291 79128970 5036588 94030038
470740839 276474096 108568909 204450433
36422041 104586667 361608274 443544070
668650956 590498718 398007037 455671113
169012879 792232232 929552555 942409124
511359963 562850846 699413386 769817258
38640608 823597303 408306722 505818248
518213005 353351966 292045761 340498757
29769577 792999614 906894948 996195451
746632255 658040448 470203831 541841977
881978068 646981311 813559591 824833795
999621397 219938718 167667424 267018922
242853691 866152158 360269752 416489931
456149204 504525301 981512914 990291370
712171987 239681226 557164453 655813942
413993299 184420582 580145596 629038317
758691104 780863450 368798349 449406878
693940393 625536114 497246766 516983881
47473607 148561033 990343057 1000000000
949358645 706620548 909610286 977959645
805712316 136250641 788895813 827089555
976358113 679196695 616245979 671936008
483447166 87085966 736619945 743977551
141597066 824995089 841743198 904559338
381109791 590306695 192414979 203157602
751362615 486996019 641150497 647808853
565175493 428847083 417293096 417798510
55525361 60240781 560002348 587308519
138544127 988459585 496729201 595839985
12253949 106839232 164760610 259429003
887275549 529614424 510569892 547980583
15031076 936882582 969928446 1000000000
300593772 611359142 579369973 597498321
924342213 878672971 52269842 61420285
382966194 69120990 205605416 269314317
213697953 52941181 277915219 327806484
954874003 707604793 794673323 833648167
946352682 453999154 486991963 533956703
437585601 607792387 984040007 1000000000
309986216 471598290 541324173 591844957
792139398 410854594 588312412 676379509
799982857 728626991 657430232 713396091
652697258 169664126 719995725 746576861
45452158 461529779 105559193 204364176
417026651 563979056 647605078 705000776
277408267 634451226 406536666 474228687
377994915 944963415 722652807 749052419
752588057 582971981 671416322 731388419
388729581 216324446 33861734 34569352
921435764 683626312 444476751 445413951
635476058 429302531 723877372 747901911
343249208 877164890 671406249 677249955
840281959 869085941 245955601 329765464
724390722 297542838 850913883 916898438
226486020 192944646 155067477 194014232
736379610 397373689 838901240 913639797
146014255 701104235 529444586 553277148
240663378 732230168 233630029 274832727
416719654 397273717 580997114 603997448
460284031 124326244 988761112 1000000000
