289 1779
275474136 328926070 20945831 94321085
863862139 569776606 188612504 263195969
728931836 549369447 860133186 955055769
614458855 239760171 490832132 561831676
230042695 890583306 43276276 52967943
666494075 146483987 227844080 319191012
565688233 24572036 559413470 616440180
66223646 513821287 656586045 737275591
284917447 757701837 303629856 382314543
656084601 593242662 99311659 151707448
442690928 363924884 810280549 829619107
721701576 685305491 710863846 787777545
517858958 587690398 924106505 996476582
227348114 795696629 307125544 347284014
875945420 127993148 406610617 472869000
108762049 383723350 380944996 433518934
402784166 263605516 274796347 349103245
534781833 804611263 890526814 955441248
250198125 652180305 112873899 185485729
527257755 589977498 208093092 271841517
202731979 92034317 635753586 681134448
677953704 748653188 302233485 369496179
401040111 199240371 540196031 549492864
267518410 595929161 903581845 988062852
440454976 750582201 523985653 530172894
66415984 517852186 468550156 490051811
674288061 446338721 314450700 346369305
443502728 150986976 937695301 946300030
171367465 764393868 820270811 824659223
881381278 737449152 741042689 822987842
402482621 396235913 857675303 920465511
585765365 984470373 610950117 701264699
350269952 831522858 673388660 700890145
487594770 343926060 418352004 427941493
746200776 564457995 151754413 207801300
252644310 840293487 717028574 742340271
280200759 931262417 878865854 952638943
149724718 833491281 444729226 490400185
74197177 378350562 462966885 516786868
410128490 184403092 510767615 547416286
36573814 701363041 293302007 341964882
356843570 947472579 913817652 969220844
275785355 464942396 939158800 990518832
748718385 359788711 252000078 339580964
364123830 46298781 721894555 735266893
369609887 330900057 890961162 907621692
317709121 999141865 200809240 276376589
890630286 72239280 590184586 600110395
363291851 85743362 714334847 792869539
32124185 600772984 899270702 969057479
568703787 695543510 91036696 154130564
135160407 432849325 88435460 106719377
271408695 593736003 765166318 808660979
791763684 322378246 615778168 695470047
731899398 199241514 529956663 599517490
980919473 486439376 719136579 762116887
626341326 978347524 451303121 489487530
995968888 354155472 416179310 497957443
796224735 286170568 591687637 634264405
225418022 804873994 372680170 450159103
518219156 873194981 876767302 921959126
428817971 565075627 603066999 610365562
530658591 899581533 888965192 975008484
985232477 474356710 357581991 400653678
940363685 725614150 133354271 220646453
290870724 266523613 954420882 1000000000
892277732 943845740 243308004 269720877
319157224 491443763 741265058 767150274
451842657 407316618 654536377 663177908
666904757 814054692 793481231 815873498
27719221 274985269 527955095 626449637
947859522 981981384 882870306 953362603
488063850 849553405 497068261 508119079
150715963 691113877 152770578 183853614
811236452 560712038 453090922 524719643
848439086 390355726 725585998 802650493
803101132 885509656 649528553 744743429
331831700 955213627 466681323 556339848
737714475 197095092 705212036 774437362
155730594 769315054 546732493 609546049
789864576 308189155 666439746 681680468
375823264 246154254 317619856 320859455
370417264 521292941 757332642 772914154
894625326 494803646 78332132 145187892
17384002 912110109 579806708 615905745
802518739 223667471 664402367 676929303
598649912 70391576 56700285 92206669
790508818 276477796 390674093 471495325
16065838 848167787 588753054 652895926
294455801 608651138 160568382 204191985
809829821 750052083 791643652 851289389
402042980 297544565 169936951 253659360
366864696 335615669 535148667 550329079
523076609 263579908 770323662 822762712
898792843 431543754 637542899 657605463
810443173 828224725 666144747 683494772
653894423 452651885 904326032 984491148
800321636 251260457 428697604 524952948
970064967 339708353 848984325 858224024
26427202 573942559 112228882 199848564
580321043 498795049 497012367 546592955
73870179 481369552 552791633 633816167
510394525 505573894 339456262 353816615
19307571 346327188 822791764 835973673
940670712 621551413 62242610 157311555
413448813 859264865 291921887 318860730
419935588 867389764 277504010 302175300
620158162 663795523 667225242 682212771
515182671 411008401 587138388 596881693
663284250 191888722 414486748 452677645
424145811 135100413 433516132 443690748
45644344 957872245 503285020 571915783
960274269 411655271 782896858 844840751
843060277 811795374 798379082 837522623
89381941 845737159 49140804 104124927
214100429 134227945 433098015 531165925
751233743 456388376 113535310 119460509
329768336 386442813 881866579 960302218
23018309 250697742 695562860 760282201
967826768 121198545 833719359 926918717
523057003 55408013 600532394 638889273
680533102 960951583 949973181 1000000000
371594235 738251088 479885448 508621487
893426309 599283060 857879947 904534954
43342833 705175583 771481019 776508187
804059047 923804326 276893675 327199611
426976609 858419982 909111321 922272635
44899375 971082793 229001707 304025328
642676238 760930668 850934255 881436625
541448901 798851914 51245701 63651885
329628004 786861373 704530026 797274374
742260355 889253541 603220924 702721026
86795468 794164854 150379105 180242977
306812803 946918541 279103815 377578728
155671770 775076857 591731323 688000056
312075572 109794141 905909958 972237900
759700576 7436719 357115971 386435048
901424971 20009213 680995120 692802518
795761120 306179987 402696566 465295880
142548650 198964370 370250946 455285837
704262107 515787886 191341330 201958393
496518461 508480992 724653582 804073172
842821336 566240507 345466633 363159686
584210453 837490617 994959332 1000000000
23543183 237623281 196181830 227343824
841086633 250250822 151189055 206112439
577498773 125817847 37679566 48606575
229092367 914397155 7192574 59569437
339613123 893947607 266015429 365275999
552357821 462121357 762773644 828657364
209630512 72029319 281491162 303737878
452124260 528780184 345159232 347258775
173234159 246627327 160411155 230363992
686680609 418471704 17913083 47613649
831593331 530495229 125371913 204184819
662327634 634613637 360126983 404106433
977372337 684180163 398369489 441385330
521881784 41648402 360541111 390225878
508216413 224719800 335838661 407232737
29796952 11874187 215671239 301195336
179568467 91299531 586221487 642953888
20416202 849441630 436447776 474527303
732513178 157611909 758799003 830880641
35027153 535895330 31650617 52448680
344038258 627895297 807220270 843951998
392482480 221313016 866898845 926603810
951644726 392413768 499667335 590115922
130766868 293054928 90353119 156023722
474098523 996860187 543327848 590396671
165914381 189618569 576781283 654362962
544761386 663383420 863188415 958712843
482243534 867398703 811039267 860533657
404910417 795101897 335106574 423541115
815122079 560546107 896330885 969109632
747004835 854127740 605871161 673318792
955946400 149335011 115803298 142641080
160079005 193763968 784900650 876112222
937713475 521556300 488367660 580033951
400775498 931105301 82009232 100159977
562290839 975013831 119185345 166191200
474519632 866469345 719159113 738532459
20728035 297927719 652672112 729636891
100245832 864085789 984324204 1000000000
720133655 463714673 988727300 1000000000
640621569 345123234 259718021 316532911
904637792 378741602 688544049 766110657
45210103 804861908 671086843 699657643
499930421 416100635 506294832 586624867
739884331 820232252 146837367 199278794
370841926 277429064 725464270 772054852
404243722 270747238 686849259 734563031
838998237 491431199 350898333 414145990
279187686 374651863 574380802 585948951
33340191 189825675 953665671 1000000000
567480213 206024245 87875419 186197835
246052241 48744106 75416574 135629093
663141861 321643423 22083654 115907393
800100291 760185758 877864121 956475218
945958035 334453034 467162078 477001110
525247180 198724836 315529993 330519890
228116976 678843469 768949388 801516018
819018092 323540437 105678082 108645174
964632430 257421474 402867738 500387956
600951852 882079467 312199654 396036364
971130802 44009065 712413175 812077778
384190094 975094169 660343198 665950934
993087536 288693172 159191340 231416630
327691918 320053306 634016401 677626128
681429906 465368537 831050605 902185298
15171166 968732613 455266276 488793056
143313228 604774921 585253655 620321101
911125185 250403361 225046818 247672915
322027006 56106275 428285168 489450164
448746200 782320278 997815098 1000000000
370267781 689615589 415248501 443891006
263811575 690960373 337654195 340460053
632369848 753285202 563336820 587523980
799445121 992245888 448539230 466976135
69705694 830030076 844292351 894809783
449807384 726567099 73978244 129489297
183111536 895652262 382977185 455143364
525974960 23708739 621678249 680495189
492291111 423251514 644114400 735254661
996848769 747908797 952995175 954641264
614457265 540408038 38445951 114901149
297143417 153660121 954425506 1000000000
355613421 119104658 746490756 819297823
471600965 412743328 108002316 181772783
975228319 468166559 559278366 628188878
526768066 904404152 534246636 597126658
351014409 289801425 440597221 455208667
843380914 102281095 618320316 709878915
371836926 94053044 92209665 102519672
361056136 964576383 922541973 930053922
950919484 663823724 221672883 248143019
675593113 368303410 638194878 691817022
791465708 796527972 597765985 606751282
665204330 78982138 396337226 486470493
266887953 115350313 960030070 1000000000
434858552 440064901 757979707 767211926
34294844 296061470 694030356 771271474
447368041 472808021 64060256 147963668
957795287 924904650 187293699 252067022
667386082 527486018 703459665 789756093
517281404 737202965 352515030 359061617
801324454 946291823 242269897 244587346
533247789 7593454 339674187 391873926
27850113 234763163 207469777 304441722
762172219 202773232 675055668 686963916
63921520 441038656 223337108 300773923
230940019 934071017 445747126 482449472
142899415 786042419 263634234 309295238
861197001 601758433 102928578 173030400
152528599 864691316 951307726 1000000000
67232898 324141236 417706305 445524422
379913891 318586230 184917506 224778158
145574950 137688426 691183880 728719074
854976994 484427154 923543539 993768834
779297012 889486019 908407309 995311351
336526811 116369028 4826181 6875501
624583240 923677217 712279651 727794494
497047911 24721810 233871829 317221581
427133815 503781723 574470086 609208974
859386461 242072761 17383010 112517978
707350994 690794273 659299197 682265244
940945796 712930364 813790423 852853464
56110079 992329217 806303642 896920372
298633688 600959152 166764807 190245556
653543586 593316790 300984636 362268289
993018585 569353276 737018388 835865037
437577306 794888434 913272560 971666205
671372414 131139807 948153782 963785921
792064846 157388249 529306517 576356482
338807337 222151528 741166690 760209531
909316999 708260760 749442352 762634224
836444646 350356976 290520392 336996066
329970440 398324367 120783478 186050345
913186569 492736144 37458993 79467065
741311890 227033315 341708301 374655313
126629695 571977344 329438897 345505473
928613961 889890315 852251809 951412590
769524636 226468931 656667709 678213422
384751298 346514873 314986519 346955674
993405703 106010641 399626430 427561572
257897977 766825484 634428304 650748978
403116350 621256391 893355839 923027774
38456423 497982560 168246895 233657702
581758535 983017020 766565693 855911543
746001711 374420141 141847055 213207624
475643901 591596830 765535025 815295814
479204777 587459484 123941341 144938312
339012421 828833321 564681572 642402999
177899993 750363602 218216893 294884774
497683830 379132416 292192050 353067166
54697176 734998879 260568544 297996830
882976131 221702667 82185593 83864390
698746307 406562300 787443238 798700142
29519241 755277105 310683936 328479037
12382900 558300324 11563217 11853506
968645747 386761339 539520920 634886883
424574191 89092056 789983745 888919120
851297404 878892526 781235645 855586611
83477869 680742379 963876 31778226
735441465 131503767 422271804 515051715
999040248 983990973 268359240 338774407
972111053 184686444 199849606 220380184
936317141 298226628 447567161 478481173
751734796 197284656 600027533 643572146
840329662 417625353 91442062 172080904
683907060 157912240 164034053 185343913
42570380 835209955 150698850 230464839
264499196 942312066 761916571 853270515
807969627 789923091 16993525 107076917
959684685 386642384 530028481 540304793
888578108 78856908 473101667 559838249
478015479 330010983 438796814 492205410
735676597 685166665 153757105 201697815
608048903 65502146 554440555 561866130
606423751 276891406 240079002 261938720
508805065 307484074 192858557 279195173
310898891 539906479 497546517 507084552
36395823 385187927 745192503 755921616
114405737 765551045 206246216 263226527
138912641 913803996 873584666 929547773
584450075 145728353 510442760 586923870
246872783 994918729 212220190 250752117
370737936 463165646 792297666 804312141
938112685 332640696 438495622 470788957
483368952 749666382 187117039 281085517
710941242 116043060 324702633 343133870
813627666 192069681 377417208 424398197
994087701 891637738 445254194 460116284
661812 628110643 678633472 726537990
471724767 580161174 578405434 593262824
290817366 252426530 103500703 110871719
473329424 131886620 417584400 483083990
882062210 792595341 631796887 719828698
198756940 80242447 808380814 867090248
466086038 466461872 520831992 539606498
704847778 230906959 345581652 440464645
820741134 864827354 93042797 160363374
574613519 319577486 519069989 576317790
103182699 355078901 356248060 441357526
803323217 299882915 540506378 556797878
683697928 119768184 149724959 217758249
282852877 547698056 116339966 216126970
438927637 257699315 653046613 703679761
890672463 193239036 17887969 106562433
735032897 136630176 239245277 245190124
292500076 57210815 418756655 446024379
914248985 909987182 759013763 809393185
278634627 706223946 257819458 308403541
578643469 736899173 352363174 412075851
906808884 315126404 338632434 429024338
300256679 560788195 68200906 118616314
976329604 582062383 87192051 119095996
294517120 693277100 307770277 360259406
984003552 408487804 481616769 489540995
146547219 790283047 222730948 244980199
169265659 946468713 539509213 567865909
835579546 625979288 470437918 551891453
659493803 396576796 982851143 987919191
925319045 233449117 736397516 748487448
65381570 210458393 217036151 276067318
240936809 35570377 318688331 388779384
403054046 893288545 534701648 593798629
237127551 848371749 107710181 204447314
333204689 690658880 557386968 587393168
723698392 135268603 102244361 156603441
81497672 776730390 309796324 396040157
252732090 845354246 454596907 528918483
298345935 379142764 531326153 556092240
393561893 852612395 958017009 964367605
277792919 32343210 143014491 229061998
883991551 765637017 451148934 536804849
739433437 295974975 324494841 419881300
978963751 43279432 742272971 813783688
640432675 519908659 563967548 638688109
567364445 615136767 574455115 612147675
158894613 725697087 242209302 337317198
118128947 701101699 11069316 80406900
642372035 896909147 977756923 1000000000
586381836 635771047 239954668 273101341
509039600 147659956 489767495 564629789
802537073 69819302 327874328 355202777
930346182 218056417 128392236 169864313
418862955 666448252 941974685 999834825
672211531 968127505 240575187 246266638
640609251 422906683 528954203 620305903
374968334 438556882 428496026 462363103
330809310 423229906 712217359 759598982
3670170 662488356 992252619 1000000000
138793382 464117347 751888381 850208282
566646616 70708363 127766387 223809155
101757125 645019019 669587472 689126049
413807530 3685194 378780235 444553730
665137247 224589966 727658756 810281635
564653426 645346386 880296584 957280704
364616766 777151644 13066930 76487776
705691053 46400103 809322687 864635325
155227664 12561803 333775462 393699654
283582636 496534462 444276189 516291511
592650067 440202358 31263433 41968963
209048296 76826784 261472801 293881991
835856084 616757253 767566121 861880849
63114501 5923330 928505107 933207629
247437306 573072036 648584157 659487134
789748013 358507270 425361552 503745137
592811947 884025186 414481758 492755915
937609846 842864728 445525465 508981940
49329238 197734785 254636165 340936435
485497598 671950701 877621915 908432035
375155934 404661024 223639661 307685789
10397081 262411184 149259538 170726390
267780867 93320837 378314254 457461735
685427346 797266011 417873567 431903247
350370960 281877686 897558273 938762370
221077197 13400576 60214737 68914849
561977831 737648653 119685500 195139069
726267714 713586872 80663759 86132557
295796509 641886757 934682032 1000000000
677322497 378470293 991837764 1000000000
798935946 619550698 231185636 302232832
774496519 328851752 246673519 309061003
205314231 182120312 226525882 256659079
559705806 22316684 856206201 878037594
713674240 379532147 713273755 725358660
45025027 105331217 865228829 874098906
261253133 807727038 408730016 502748438
996989766 739913998 313758505 356484897
708805011 834291552 121938217 186871546
760016776 170831475 526226 55555202
867371830 467917827 730758221 737125514
658843788 637103568 60292581 82542595
4157566 20781660 80011308 95225625
575430991 322329870 855157031 896837262
644814028 972833054 701941272 744035297
420021765 635885965 896221933 921102774
322141642 247743161 451278859 492908387
10363811 832717420 48521961 120723763
289496073 850023019 639605139 703442967
760600724 472671852 627018159 634243282
733962643 949011056 360482470 439531618
500771410 343505426 463845058 557667916
978122176 6858126 649943664 679380461
267162209 859016669 994904211 1000000000
350728189 167924328 946041101 1000000000
12172894 125845575 175242765 206135624
263817198 858783798 871430210 882797267
884473475 739099029 755521067 800730861
563623549 576976339 372225270 468491411
17114682 155267464 404972685 414980618
314383817 818490405 528269635 530763515
56144148 943646227 913377920 924569591
951248569 993586155 782001950 858779505
45627680 661437842 402059422 483875960
361535871 841302882 901274725 926765940
220242336 64161630 126235865 182593933
778872955 340428897 216181769 286253478
132949693 143519483 712083843 715539094
83576808 216201103 790693491 804996514
767407420 841500874 61256241 75986447
694632933 926690105 904802079 1000000000
62937346 776528498 980137106 997646868
948663005 8194708 131149248 134279871
472805128 261876677 360088638 368609021
925131461 429696498 801253148 802296362
203576032 287607018 400634629 441060500
849770121 974275897 15804040 68430239
663973252 387225187 920044558 998045082
584748174 901689312 616133953 635715079
76869819 382763388 417276961 431673866
582916078 874536690 982805889 1000000000
896780418 847131452 222407007 279916778
331346580 182705533 474193415 573553823
377150615 732945414 804018925 813289115
310124480 300554825 106320093 145811989
209500317 747171482 790060370 871064736
309310560 434833029 682852955 742866221
502052789 811285405 902255899 951469473
475113899 267011979 809735753 872926168
140997874 811451770 145947861 214164355
480972212 263215269 943249363 995773450
513371819 343222390 534268184 603236516
968382386 628246455 537257309 560255574
450737381 6377809 863850346 864298819
480569472 746836796 600871991 678980227
233618681 927266100 764594406 860856081
789863436 515553485 822183645 879079962
277738218 131834669 696992005 742118832
344210844 480126221 335674371 360053129
188006973 515709212 325155298 395426140
514948278 586793034 705046048 778846238
803090695 181581499 990061070 1000000000
169829610 935943171 718712637 753471383
401307757 365922369 26777277 54096649
235780554 199306486 123426331 159485271
602885785 236241038 723593046 757719458
281940280 95198596 541884461 624927983
607539070 252671608 893447335 964388392
682181571 1171313 291099264 324319352
173897261 248932228 656901177 692807752
129134374 513282970 768992092 868546423
536176547 998710944 381782997 473920429
780665270 545370276 504270211 588995719
90299899 770739662 437666210 490340798
485781379 64443081 963488353 1000000000
784511809 646693106 866969314 944430894
829712158 231777563 321890585 407350616
888139626 313707249 934385388 1000000000
460317001 16242614 602797253 691528730
975263830 540755841 684730498 711633142
393942494 879429673 254783752 266060342
143727144 17403727 642456729 674104432
298538518 359217440 635946618 707195905
839051889 433405976 50449008 74621348
839133565 358534328 521197049 576475208
238176206 412720461 146098705 242778272
925314929 552327649 662730181 723654932
912746387 863172434 950931523 1000000000
268520398 167567965 976996301 1000000000
926021657 284388372 846890109 925594611
629271393 308277246 692238144 708931357
484913353 971719518 18999184 81930367
380270728 17826511 558233338 608430668
27988808 642488309 994798964 1000000000
207029414 436057930 584075924 632996298
642865258 340257263 968278622 1000000000
354299992 166201401 577635567 581518963
165285292 999968648 214207871 293402656
124495164 769406058 193056407 242867991
663698158 158076320 726463840 793512790
36340361 785027667 257838997 294173070
174893444 315296251 458923966 529339995
322346808 627397482 140425145 193810937
923846859 850134133 347459595 360898013
527322240 815597374 497537586 579344864
208614698 318047138 35582670 110275674
600791486 629701431 570454368 572121267
554891104 359726877 545365154 593652300
159031245 767469422 867848103 925658494
663146194 694879074 973380340 1000000000
202849607 80168622 938743796 943621491
16381385 758622274 763016458 765564292
507725674 983777942 575475372 583056155
887468450 94296174 161554072 217954689
498952711 506525436 90498922 150465647
31442346 682938553 237792907 304746511
966318613 818574631 554706962 614682097
845102659 126917884 576254524 579941292
408480049 77004925 490663392 555110920
248573248 834317848 199061342 251230421
268958183 273683885 127523069 195182584
137793442 72660200 234497037 317447353
78781339 156518376 379375358 468490175
384723345 582858752 396374853 420665770
415161280 442761229 524356144 571881257
814165931 431807058 870034117 922602209
321767711 462488343 540529132 558216196
858336856 824947206 164349091 203042931
542109501 108875878 994828418 1000000000
979671876 259096971 862025394 944506070
516063810 652697116 273260514 336233189
25116641 354272434 733249585 817694728
738033337 944391031 549974755 571542909
19700126 891114630 784443991 874219987
572112034 584009607 307491403 324904345
58108384 909004879 745561034 782271239
745276928 288706743 754568451 825550615
250135835 629873610 911620212 936402620
969845393 887460984 563906058 656143959
532842403 744750841 368063 74819867
505773405 708133703 867732386 931085532
365363887 960199925 936687085 938807595
429476416 694153334 295097221 318534539
310950264 310595542 917230179 932499062
974151805 203212639 840553501 930344648
448571468 788337338 105312220 135574612
515940716 392333916 567608311 598543964
151419905 799691156 92112551 157935264
321632839 942199046 711422620 808853333
782124556 457722095 18483 34271193
322870114 54279913 496328811 574265069
565175630 494399012 976206316 1000000000
641409474 640476860 592369839 641273810
228047129 609094379 908305085 995872824
245517372 748755624 33422988 76454002
201064313 818256844 207746067 275394827
35576521 857072662 457068137 493336085
515439338 225319734 189120879 194629880
624092096 860093941 384561157 444670411
662851022 726279769 694233981 697140545
697871251 482808458 567103729 589704623
211205918 483002502 118324150 132555467
374413206 782652912 63284314 152911736
154610845 233976598 6473362 57453275
460018028 79567127 419921116 433788388
207782347 647459223 553237679 593786357
392417983 360314378 898023274 962030037
862889358 391212305 535079 55104063
182951231 549118575 394463619 447705504
504882836 27977887 992433368 1000000000
795117116 952684955 790199870 836192954
677837627 572082655 966382056 967547809
937552543 265376812 146342324 173360176
457332823 528475722 927509858 937918213
918332761 322867150 985157423 1000000000
306386270 707346935 610876846 694957479
907846766 988382820 209498471 280427120
406898634 998338351 98123759 188950696
942649927 922466306 160473329 251459582
370705301 720024041 589075809 647833653
694899412 74351546 856564000 874700622
835725919 738212978 542407853 580843385
986758159 153811132 826876929 925942991
90153926 404860882 771139647 828046553
669816785 601963461 91091862 191037803
429683773 681556173 629408092 658169085
197862177 709782180 24974582 74672216
354030275 497620497 991428594 996940785
422651494 244664311 624911754 660407569
192650469 203314219 335386172 389982533
158002496 874839093 248390588 330730151
553187329 772733431 283171496 321722421
279295280 847401688 459584148 527407697
592666505 813995289 220373119 231699672
92710982 540843932 432198544 499845526
744164826 712305930 424203175 505551617
45496981 903312933 977546401 1000000000
822743026 315770549 252529673 351650827
691065062 755256494 224290029 242527881
182886915 373164765 260559176 319491812
802490591 99780998 199919903 243818646
2663583 237558959 574561045 587258272
792376713 434467151 972863566 988768217
20356972 457004361 603635280 691440386
503589786 52551014 274884518 360397737
512862344 142928020 162634548 223425456
625633840 558745288 274523485 355192960
941868396 88894566 501881222 580068352
861754355 61420092 666985418 714466567
924749812 866120448 4798338 20114568
929097931 893786085 683421122 767334338
157595583 153862258 177007796 245342202
384586930 583986206 18956269 93217714
969858934 526064076 517383973 528848317
323551666 864641044 258477034 358337503
229592138 681368032 274571700 290790938
562758043 938927892 541052351 617598922
251980358 459577230 464878114 470373466
857419591 926617778 670880329 746364870
652144332 122583185 599830446 657872670
544081457 412443490 810209377 847484801
98329808 60301624 360593467 360704184
294049076 877451773 608464343 654479615
391973563 957561713 946426794 1000000000
855147045 415593500 375658185 404054623
191582159 744798502 311556013 342915881
85382534 758686274 164222912 226810026
219363793 120489614 33797799 47287348
156715802 5158101 311594733 338936915
742125982 147727742 465003030 533343301
734812759 9544232 510377595 521309273
793223431 956595605 871425791 909908684
646019709 835497337 552982470 639397441
76335702 143293604 476965290 572021869
330466112 833018986 434421010 462735578
655537460 346817210 462715595 463518254
90038536 626409334 388449335 470726299
935186062 523124740 955656539 967147781
249108019 862482502 895007071 935356290
845378115 871927154 238412984 255594875
294380671 472314026 229744077 247631219
203298367 170502022 33187683 56258447
848695426 531800658 107696557 131429670
540486466 670592612 861405120 892246570
58532765 708862680 942785980 995449028
442320063 838327387 101012982 125223670
527813986 388966288 139691842 224761613
885243613 275369964 617861957 678877053
565205130 251558685 63989816 84133099
967481822 249140547 557776661 613034450
424488424 185304236 706781106 722572917
128195084 887817028 834917955 897238886
286311529 439248599 365526281 447616166
354725382 315275366 375804441 406094922
912206504 819508978 256152396 297289130
494795389 904532347 386268390 470539481
887926026 710161123 633992183 667519101
605682514 959987386 228171398 298189034
330068702 769002887 605658633 669277620
18530245 685186171 562642626 613331569
172549428 974145127 68262276 77337687
334175689 532769050 785930471 817364123
805565790 270575885 265527153 334032997
580691448 899576786 375507515 401261285
259167983 522836874 421632953 424181089
263188503 101844586 836578074 870592877
817265021 726117625 358550727 373994632
987317921 468745164 830821472 833516588
546101789 894655430 283222676 327893956
347526306 767514796 746681743 846243018
252095168 716207785 754607605 806265606
228457382 802391663 220060647 252231303
495704101 98369374 5687224 30656343
931569791 206945544 34241835 48112627
625081451 995798125 130862597 182373008
454912318 24399233 878836280 925742877
422076706 662629984 151829011 180721973
566558837 203920651 968025414 968782633
419100598 466181413 261683937 290151055
651967896 690726156 886845078 942176474
40101102 770750931 420850416 504038494
419796626 684508439 55887387 109726336
231804079 665702189 181254386 244630278
431553964 558355892 545714977 546683692
661957942 603788881 734032794 745431917
920407348 765635063 274684238 282166618
403286900 308549140 156090000 208962890
890587778 647857587 603920522 688681877
847758509 7433690 506414123 548046639
800782404 751499426 377942582 439959975
600480014 753719403 323061363 382052694
202583397 97887609 461945088 479223545
616735364 209302046 461412960 539516813
217002490 540391043 246329514 304150258
545716921 352948628 878837981 944337818
75835201 254696312 350756482 371741244
976173935 67709867 239342723 337918179
544829583 52456899 935460845 947937338
282633755 321667639 388201126 415598513
59721797 412223958 216430382 310422150
941960004 438044582 693837221 779902702
571523270 990105745 706047364 737909658
125123319 46979179 29361987 35987616
386491252 835836432 981094271 1000000000
521435099 272743597 980100943 1000000000
509242955 222490199 55998811 107106980
48850761 169188356 869759326 928020014
253116614 755511562 311868619 388694616
313522798 232180112 428897867 441344139
119425013 612684533 565109601 614394662
973377914 154785205 538179241 539862385
90353674 754959351 188040369 207594049
887423442 692489389 996548226 1000000000
618337333 509317624 423456065 438022484
612278978 854290098 704449860 721187309
128956466 269748330 54029524 135213162
192589087 690457027 737329658 783295471
371182700 433009568 576366038 595152757
166647799 149985458 56978745 61196767
990222139 641547938 7748857 51059910
154916883 418091987 841264756 890430541
576840038 783710839 82004026 174888172
280653849 699692388 850996777 892800580
759590348 662586975 502791877 597413936
670287635 446190652 326871069 332598138
723531156 330267085 327266137 332202901
232653970 418924856 231299573 274465619
218800011 940113279 408385581 413315601
518437047 463257330 119102427 138252895
133687133 53683511 761629275 763591814
289484833 382847093 905551895 926484092
86730043 266199441 751367314 802098047
67234624 160943934 123794143 190204430
448647575 298720568 38851783 68170455
769897038 755731758 656671014 735419278
708932622 197233554 463271719 486505901
894814092 632325522 764436944 768426820
896836935 528743325 732779223 829272928
227177223 913440362 601267950 693203348
250214490 234424523 67276032 159648328
29966619 192288694 507341468 590144220
498113524 917963353 887011525 952600170
634334597 972675220 488207406 580589146
609200563 746811997 7389963 14526266
380214086 157277709 913767944 978677735
590534546 359485726 906898552 967015415
312405310 115494919 327187010 341905943
721859359 660104691 454222832 461964707
927889659 474217350 426410680 505321570
454565503 117228590 569705682 578938357
815548300 123773453 392978201 463147034
101358537 309618514 929245346 989459023
596134448 953612854 456374831 539981980
206440443 316044643 522798256 560367942
862682707 711806758 228940637 236372362
749446133 851885779 274184370 295558062
785521975 786594405 781336790 846312943
810878229 625345774 853384301 861649957
220915203 118185758 489485937 502684834
632971505 50949547 593097312 616382890
119837067 825552996 560286871 571475124
728407027 296187318 686418350 695418434
717266151 401253646 661995094 674017516
292758353 889847406 234138707 239871978
184003714 522088402 723069939 736076154
195659109 806909589 532382675 580438431
231660936 654644253 96662556 163735818
355764480 954733354 345105799 350997794
253361665 502663255 503837119 582472228
650540954 906194984 782434160 839223427
525152954 818062623 960513350 1000000000
690972660 507175031 618443935 700766832
108598716 4090520 608227860 696543350
491488740 241712955 145117245 234271015
163979088 276030883 986091707 1000000000
751125824 911448853 539472210 632597507
917325518 932233274 13741263 82234475
802895500 951915256 761993606 801937331
617647845 50176966 987264199 1000000000
189455479 230874353 181369958 212320129
818543784 36477758 329706873 370607606
973203841 228131001 542501087 609849580
591717094 900914396 216420635 303533482
903882324 737331811 923964476 948873821
166923021 210684232 581535588 640520675
201000946 509720955 763238902 860198908
32878189 584415161 53513782 112683546
742270459 735076390 480881325 538311214
423634658 871007182 592503718 645549176
555578421 921947089 419583590 445907369
564733438 941907044 757941792 793630060
76907019 631792036 703742834 799761964
241071730 19618846 200481120 205775490
156810449 426238516 218816895 317328135
833062713 999964458 320631215 321627940
864667410 983195970 232721562 283914719
896780577 371385709 82601935 111067973
574300378 701829820 820896702 889664149
100481824 89803391 917544858 932580376
514590992 121234965 769983489 784235893
98274379 716854438 410373207 502473414
271847003 605552425 367055995 433947738
991572730 459609670 929421172 953702145
33746620 484691250 841331201 934618750
18232619 746135252 893946289 953376252
666172179 1955738 141573830 156495379
960025254 440758933 612147576 671788576
656800367 655168212 341224671 379423321
497426600 279046488 389087702 416959706
466293606 202482563 285288508 325142287
889723252 81284487 897153039 969749300
634489602 195380114 901288171 932284190
859220173 264644344 919906284 958319223
175823370 708864210 687285937 768939350
56762927 379513963 837985031 919796932
466254252 140108089 563568202 613495639
808152860 674823267 788614940 797736563
124787938 55686036 378438891 394212275
514742959 113545535 94930654 111920514
402210224 883892714 792749819 805302336
134458275 281124899 666385640 677946476
411420948 817935875 998900039 1000000000
357584158 783382790 744657370 816444019
136259786 437735610 406003486 415506806
105975075 36693386 510469932 534759252
607637913 979555250 145052128 205094556
32612473 395759416 283477999 378896000
575266451 98828741 127593291 172260366
608395080 678182811 180414996 192849358
279006125 225747160 439000928 520621307
374290547 10251507 219024726 233086816
14214290 203096689 707181315 712669348
535973737 573708176 873530565 938795378
936857734 902245011 683744970 778994360
247498126 283988393 49694282 140551519
518151664 604639323 744578397 785732588
682533173 553808432 87951673 150291171
530280011 141744490 966105797 980098366
320167774 536708196 441438280 522758190
322021393 140537433 393361398 399026153
389991320 489459752 434795995 441720895
571900500 719428693 73560388 107999725
509577669 979433445 272039859 327040633
4226747 549380353 699013603 742829932
797299894 363080593 145399536 170816666
565098819 999009749 364019460 405205849
820409558 824216060 948142117 959705433
828414481 258573888 510606382 525017583
84519674 878234979 369256000 402795299
369046168 329934340 357132529 382474478
13379899 339175273 73977638 77154004
264287184 793060783 86673321 112500447
506935765 60621516 876324956 928748774
146233473 525661178 111854779 127355196
834543793 233914202 67277550 86164707
486706903 88273533 271712636 332064655
839162317 470171961 553212414 563513684
996590696 127231787 57879628 142056619
629459309 343614523 851873200 874705394
303028820 628291475 359864250 375817501
19282030 738997454 997926947 1000000000
526677199 376659061 172287819 234054468
315887358 943800790 782499755 822311914
117180234 421271516 525166683 555205363
291790121 163962971 384751887 417251964
783061268 98241800 552120774 586812002
730730290 487021240 374966214 385249024
941595769 216090479 813826818 884892035
468385872 626884185 8447148 50394079
143790780 732098126 885414015 887667759
683714490 592847881 997550390 1000000000
925938718 31866838 376589332 449257799
629630695 347465701 597469462 617385920
902355457 160931344 404841185 486064816
65744817 869000909 814209309 829317457
867597181 437406566 886892028 923920313
66113191 910901497 195646262 220459692
831354580 253467874 82804308 149506169
189708013 624893448 814495408 871394929
322982521 144852788 55891938 97803262
539539853 114086421 711050652 765553900
378466639 144147381 253929264 283764172
136439700 321280006 335030275 409761238
387524515 530655830 89192639 121392956
397033274 523097507 550188668 566646134
340081219 332446074 171153431 252774069
152703320 18649310 471963215 524458067
281621443 110600184 197166914 206653843
401620803 632706425 674316866 759035027
908841722 649372720 750293993 836009133
407751965 771541993 19999736 104682747
487518587 551411982 34004708 46196038
314326830 762032340 502331070 538605288
363450975 794039699 489284735 501058828
265769998 172047927 298770436 321674673
871118397 924726407 206548376 275563771
512862636 256882014 470157469 498945631
356506780 575345433 409421532 466610057
892871557 981365383 388861609 419989430
791237517 88471830 473231016 549217601
428396647 692469532 712826976 734092725
514448258 531019874 180978112 260326102
270255484 735108207 472125955 536905043
850831717 716218913 293464580 345500482
421164180 109357007 564259299 596861098
842585107 813471975 730281221 734353900
892186869 909109006 941741817 959366632
930102985 769510582 908485888 921898733
493274138 595162912 181506018 222387085
581037997 622093219 805716575 880285324
684821645 819372612 619276510 643715935
63820893 515855637 95202585 132783979
734223497 840800325 918552986 938622395
321158632 87567002 452282077 488852700
70470283 159231264 583114018 610063080
568061895 99699293 644524917 671134052
1262392 656656540 807554990 883916415
114191603 46896380 600853066 649609390
737521760 908468549 379553438 439367350
208309675 280020673 674936789 768696481
487415884 98810092 201003121 227391562
34464806 511592696 231411416 297808561
192091255 950976266 950915070 968412028
167080729 908870987 111879214 117976742
949469476 843840551 956866009 1000000000
277927485 209165819 394942556 443718359
702337076 89748455 81526325 162513532
924657830 884843977 792985393 841073211
295879767 471849123 308419434 364314470
109276436 536973021 59413089 128850977
147686572 608492059 258811878 355781865
459658878 83965419 494435570 531258181
87322262 64760401 295621286 309925720
435299957 235668067 627966631 716670912
436775619 737272808 323017653 364149045
853177909 565780136 671221572 718385353
167615419 979097292 809353232 872376078
408046345 651097336 469984658 525577785
354069980 531280804 925485088 986730650
703127617 41922792 819264410 850488041
737885144 149407445 551559316 621563096
791873297 460177913 496920089 585664844
469103326 480518145 219447065 264615190
214436719 717358756 920402050 929210793
727428810 91996377 579322584 656259922
698804151 610647624 535192189 607406662
612380929 592746145 6690039 63841938
738980417 139396531 323933368 359548676
343841005 298705906 767962402 837771088
956448025 689381049 716980732 763263777
634101206 671265832 569109004 660913465
9103906 97369151 699166211 741735742
479533898 230245075 196842952 232055029
791812999 733731069 654982367 743560125
708904099 708807145 642476293 723598234
462047164 824699006 584648819 630788685
110323470 173705837 458681765 487932352
559268645 378129665 313646726 412414222
162412050 157382946 441437289 457194649
359153424 990067068 331354810 331948813
548093226 157342656 543145414 565959152
646692368 967793453 808840703 826872217
369009341 738240648 144187083 235655908
94225400 616219225 6125834 63152340
439062303 340991570 527520880 608201448
872818813 631741434 136839037 156136067
164690468 276855534 701011644 798623358
911145058 856077101 820092254 881922968
918220209 893457258 241933861 289743383
636465572 348017491 300707314 361656710
674692116 238878056 213628289 312414991
277984811 719316844 159529278 253772515
207332147 111211635 272284579 303390002
957322099 995820513 336483407 402167701
897295787 569834604 637736827 685193847
706743858 883654311 676400281 728409230
443355965 200457085 417136 25844075
488790279 549442400 610434509 667416398
386414717 378479834 290928358 380995355
528690186 913461086 605652773 606582025
583262480 307218405 733595031 788122832
781438602 380405910 686878265 720205546
359119600 934844345 324809779 345348528
37817251 689960407 788203963 879695569
67343261 146044015 275229727 350151333
971502030 388414461 152648215 217868465
110714107 872234765 675979572 687493914
598189748 270694444 370652441 387572991
416638133 465332192 262178541 282572577
357769794 807438966 192269403 209827886
271589508 95604930 552639367 644682791
504523231 878508369 952711924 1000000000
481359514 883879189 12941845 41097434
60807459 435020602 27075358 99234764
687873328 104571036 366049157 445865638
635363066 733222389 85651336 152152682
445126008 911645636 994757637 1000000000
260154108 276570040 601651311 683554906
111317795 544614436 954034185 990395373
561923778 254479953 273936850 320138222
787485123 162426424 533250376 558384515
925757096 560081660 138548395 237017750
871481669 826071502 945714492 1000000000
232838935 656953268 784377099 854972086
656084622 407305246 784722290 812386597
168353678 358501581 934634087 986842012
584398499 301083733 600481666 684043703
869869477 168320555 886062565 983898525
267033312 185759074 218585513 238000059
69628767 437433029 742732481 746529533
130647811 953029086 627624278 699129250
6793626 533594562 760697299 835397747
835647864 97404704 980827182 993363111
516570833 218630026 496031266 517196306
38935153 865576854 732866636 747837126
325936845 838340438 742014316 804794645
290617669 652814243 130356445 152933008
993216981 926497181 126913211 169337846
545153068 752812466 71042047 85844536
101224493 473889405 244836163 311919774
12672321 974691280 21620814 79304050
233334913 284952682 343210712 411568438
637198271 882176221 802213721 824544525
947155122 65619976 206370460 214300451
782733583 638089730 421263801 461381984
70578844 439895008 628178624 694879511
180153817 914763777 407120197 491791506
171672297 26066959 640488284 713993041
244063325 832244308 314352512 340673802
906795268 375735243 819109634 821509814
335693030 29610768 852553374 906493183
358038232 880714945 70732564 163718832
426446553 987753085 671654370 676719754
377980923 23794677 96197199 190131744
182402018 244905044 969554389 972602927
511755377 998171376 869637550 885091282
360384046 81103062 685889863 724210377
425430002 537083952 57960332 117709889
343520228 428920849 76547989 124690401
824444647 654427717 982664274 988605187
115637877 845906142 375022458 473991292
909752661 144876774 964769275 976280743
359348965 796160372 783244941 837393594
56921685 335765317 107478007 197931319
783177734 971061707 650296176 669269076
829012291 399428699 323734305 346674948
274532008 409055863 745444469 807360901
722372346 842228196 975928947 1000000000
919402194 403888290 597930899 659305546
342960363 125688982 737354854 819678928
93320108 729322919 827904667 888267640
811238918 745532191 156040474 180460781
737414824 178524231 422199916 479585873
700757998 814993389 805724881 806287107
406886918 554693130 359832874 417081932
461370812 547265801 110446396 162526417
587527272 469184690 607214773 678563587
769844341 585985978 866464964 885832358
742336827 273813264 401207312 485147663
558875209 95749949 34783231 95819257
709397133 644832624 239259048 311675098
32833490 210088900 777848622 810380051
65994061 149286066 298139852 386051828
163663910 608645345 117254049 190531279
458527906 161324504 177152255 212466816
326273952 213735886 1708474 24388909
826590352 970276838 365666900 442442233
546602963 98843313 251723225 295119194
401992609 354905675 747239384 777820165
882974415 608846420 740681685 810185500
649822617 132285220 843479917 856560573
125695541 237401634 849024144 888183258
564562732 570924398 283389130 308946112
150554920 721607084 101637859 127400921
287195266 759559359 36469870 85712177
59773585 980427465 398186075 433044916
673403211 577372601 383710389 439037294
188764863 318786248 404598531 418987981
511345787 176393590 555518743 600824718
875100340 295505953 474698860 502437899
99580532 960498947 364193408 420257977
165327350 915462393 553494712 588512793
129978529 820588171 560139159 594585429
397419926 646446593 906624007 994280906
569352161 87037108 179483712 192834171
626652431 591403375 367570172 371233993
854590993 132314139 633047021 717732590
953399508 634385854 553685143 561850035
38107614 690298371 112787292 123367220
700895004 152018118 71156550 167109160
781656906 937690840 332527091 358364578
841405001 197333199 249357995 322612825
915282976 724226980 663619867 686591963
991464129 898299037 692382183 745258416
483824523 110205990 719822771 730084778
308695798 102980686 801314962 877307316
209041114 940679758 260186570 290738556
606025811 343357838 223870845 320099487
253692243 931952944 72302334 164151391
464798398 38773437 788342993 795865336
281730987 960193760 414178061 495250732
205692816 497309382 628345014 632374727
561883354 148278024 77197085 81253627
822184359 409056760 995241134 999541058
630420650 891505400 335945213 398705357
114497666 68288715 150478555 207103504
83540641 807755550 755903972 821836888
409993965 892689899 237978183 312380622
580043990 423739609 187439013 226011170
674206051 61993794 557474088 586725532
198099693 459090666 12033328 87472690
591288658 905765286 934895846 960361193
846970446 926343773 636711616 676602851
285880367 925104715 549272997 600713774
664644164 455997856 269470916 308363557
26611855 66871542 509996658 586714250
409452287 525375889 955423123 960711992
214522143 75873991 225664977 315571043
738837971 684522212 995240009 1000000000
468141128 582784232 610108630 680299502
977761655 285856819 252771801 278415651
97844920 487087059 902065194 990743742
183812858 434228064 637319673 721081791
156815958 422103631 29784554 114508368
681799253 288594922 582177882 590174484
376744993 634982712 884822726 938872411
524091733 463893083 901923443 949008549
894941206 508168201 111084665 151414077
33394969 699896220 997157770 1000000000
187822268 524685679 760179259 781427454
11919610 162982748 350705247 413353143
309764500 599663978 506358335 564365512
221785833 523515263 393832790 487776131
265886475 477485556 382342794 418717823
71872001 676126959 8186767 22593646
284472261 566183147 474095164 509534299
57719881 631580870 74271543 96403066
496525597 471970679 838423055 858253837
143476456 314764434 414520917 482159817
165338564 688032260 137979734 237057405
534779831 699462292 70769748 89276330
669040555 611842756 867695703 959401698
192271745 678275549 219329881 289509650
946980491 432197441 834900969 869064048
952748888 574683281 220458797 285380201
174226302 765781947 68511036 156235304
514532457 30415658 839126213 902155687
864762119 221480871 553713803 555016181
371548952 322399367 364433886 418709914
423936403 519824009 853287624 896193608
370445564 10835985 121889015 147438697
351322619 579465259 755159425 780612904
571656856 698062186 676436123 724409900
129326363 521987004 193975223 224834413
22002020 33917137 217756866 296183739
76966420 206695370 921600733 964447125
177086895 18663670 707088208 711190177
577377926 248847541 547891234 549179691
456784389 425038852 25703969 111425145
538428897 974718758 799701017 869779928
652112035 891204240 45682137 140007156
479466138 213967757 215503288 286511315
650908458 90324288 54856927 117269070
489519408 445235864 739949595 748639847
423297877 342370786 638426154 701867260
359384278 898603575 455650604 540612437
447463586 282862757 150562891 154605454
47792002 252291230 59396517 134282679
713743117 365318916 684854946 762857016
256215193 295820225 830847155 915426900
869531506 742671129 755721696 835059397
846605419 99382549 873369449 963655816
454060911 436537379 643458174 666415323
766855962 572091274 464431531 535623135
977395813 51544277 220649782 264497826
983435685 458517142 628542758 707838418
959169105 715877598 431519970 499677774
278704532 349283833 380388816 413710230
57955103 654272818 671245130 709769323
915777237 902042345 778188849 796230260
306210765 585061821 669971805 742787325
218038973 896692167 810793419 832001600
792270359 428026805 429458678 430700563
917058318 127066950 244718682 315565005
901474131 939200395 189620713 192865937
104541936 386078453 842682106 906019984
724048102 603492724 129845177 223541616
881684471 356758535 810900070 883155330
336758744 61884690 512887900 597966588
666535918 884498232 949090391 974688439
583071110 942586329 586537364 594182971
291978652 863766106 992902016 1000000000
556126628 762428560 214551759 220091530
199028865 421407933 823053061 885128448
772435197 463736037 916068838 923629378
466203120 483983681 392364528 439485525
636375330 878866047 624881976 668062451
456027089 85865303 100031689 115507277
555731160 230809674 172185913 205436675
218374944 543419648 358895898 429415996
67838748 361135259 18529660 80266128
202546059 981295744 638465479 730708234
212663748 595412199 652986924 738266668
493315940 427973788 401394677 495150987
581566746 311738559 906937434 987804157
374308643 320074932 547300954 568392074
204628053 733676200 479918085 499135073
570781133 600188875 368684349 376317282
196481935 465596973 157382960 173653455
332793555 133048249 698902591 774839532
310627669 959515854 739206219 833943082
684881547 545041800 539877224 624501740
7870870 732796280 804995678 828561004
624364927 487700711 129056061 180783594
482159260 203364566 497326111 549970654
905752308 696323766 541158384 595636830
81074758 292618358 145085402 206404988
99751138 964698877 294239917 370836158
78137853 596361092 67200282 122875254
907097888 714692914 586889485 638372640
842237657 350334105 6702427 99099187
20234351 884328064 269500173 292305502
840190543 61943606 347037180 349804129
194865536 884205001 221986361 318212382
918170602 820673964 568587653 601863120
684581361 318715287 811470616 876482015
92244131 406266147 461077374 498028022
774513823 298152797 374788987 454702498
597420382 16638449 837106809 859202322
710120852 265103870 930452381 967220499
34383066 533847292 132585931 219679880
974469940 738405415 854122640 884716019
566268547 62623592 765515906 827233885
617333230 672203541 608703884 699433664
566807637 753490010 301998487 306481623
546611908 810696261 911160259 985855967
811317583 768053340 655593001 744337021
786558697 234576024 539397474 623201345
861250848 232750059 586712530 663913974
221931166 153518666 182093263 218577384
184203045 477738679 625630825 693401711
681731085 405619733 976673627 977414977
940403630 184894795 135162618 149574897
252626180 465937775 655347174 732073878
371871195 335519809 459094179 505087942
830275735 361489807 802635159 803008575
709705312 195232620 657343049 754575400
497897865 313928900 50877949 82052832
753510228 331767596 66234508 88300846
386512794 89945820 421187313 433375449
556279801 833836681 847841526 923273391
659751444 958981757 409385331 468189111
260720686 797924713 459855673 553903056
79811666 820645751 114996500 181549510
498597232 139450415 839906143 844727248
991777638 880681278 3286369 23961573
131651092 399110340 167328311 214651898
659034260 169679142 931870741 963514414
730602097 924429541 108369137 159681644
802841750 63972918 975109633 978184040
322907032 539866401 640744374 715419898
208471305 778466244 725432514 731931565
115376117 173534601 127535095 133992933
495235020 285770574 31576298 68066618
228191742 888731966 190101241 198950043
979199105 174745329 371077966 397685641
960434671 384344695 136501281 143624702
419019091 239660936 125860260 142024658
65520916 639325481 21063014 21425500
854866138 85912377 402854869 459289646
917058348 644317661 253763414 259609754
544854192 132431729 618944751 633427173
992580799 657921140 417896286 487665265
497690887 187927829 848364758 940377787
446489429 43716845 605978286 636876547
7113335 895355700 426057764 449442137
512240636 974484053 747601777 765944417
750611741 639122253 41092740 106335396
4960734 686918120 799475847 872652745
22661743 163802482 622474881 663376460
380208283 912826361 773523063 849819559
206896223 568372523 291176846 319001420
187080118 340219978 327658448 339654005
31068115 870107042 689109334 708953538
92972040 865053711 469546261 551173849
7893629 935640828 170391121 238970337
737569288 110901992 797327871 875034133
187228939 993475287 420904044 496931427
854317585 594500071 533430339 612229819
807178946 205233151 448825013 478141401
739537725 54944030 191367695 213089257
107310201 682444702 358069875 399454158
945021347 24324573 125085113 162099172
262366215 110295457 753717044 845155952
987325099 154894227 745175989 780578147
432354927 732771968 101515035 195314025
992305951 217750637 541449182 546335098
327325272 149986996 269684692 327845291
540932530 193410734 793294134 820252495
18531864 905539859 517342501 535543608
333043351 826921675 118680152 125408783
974858818 966621405 564682751 598865492
968063841 485324415 400708667 425806284
751921491 145537930 305763761 311354717
971779248 813884727 546119798 636817152
312025540 242218204 414424938 504792338
39395781 292756066 469327188 501718483
52816796 597966748 222239111 260538597
243999158 528457825 951082347 978391353
731370751 13536490 16764087 28276820
31005500 990629473 125338903 159772488
893672971 679989998 63757981 117899220
394935331 773480288 676291392 726136413
477180515 426306016 395119877 417227505
758035145 968707644 342088975 411281266
942632680 759478981 610969216 632682920
811927455 470860282 236009902 246379564
335512721 980296570 164565740 169580072
397904843 308581766 608534669 690332571
572713386 736818800 128096837 160856580
634223449 136454980 334617245 383286683
613690438 258931081 648211572 686101510
145764761 206266879 340078530 345853887
2031479 22155014 867535672 888115803
265578819 843502994 97733656 171084506
566002201 950124054 926988839 961056767
960017735 673045633 522133083 534456657
607574448 313474035 837070563 865682030
834357115 732300451 921093771 998697051
899929624 475982680 624479290 663437736
240092215 29983660 295471008 308435484
230231849 150795485 719299654 763987848
387410386 494195200 268896643 366004377
172388260 503082464 171722489 263835006
474707081 567870231 890434178 982872581
757737849 482726767 105143707 135059632
831575145 265852153 947078148 1000000000
757414734 362573932 274216049 306795339
237579271 992118156 900476997 978672931
347685758 461781397 377126924 450215693
134137572 241072578 594782470 625196773
858545141 219996349 20291725 53075820
732675672 252647494 184222545 273238717
712237314 779288924 189541135 218720909
681839418 163095909 807588645 890124660
540522544 274117455 933552745 1000000000
176975788 773567658 380592364 380948553
306794002 912274070 373430491 436252869
234804018 339308448 667648308 713352881
153640654 733464333 727258743 791983800
570016834 504416404 686054232 716217372
105088158 125970410 816567419 829944055
527999496 660976355 885127814 961476340
185152612 131149942 327258112 350193774
252440874 716139866 509953235 518320809
356286539 41809644 883357923 948606168
543211162 308449333 995546913 1000000000
169300086 945551302 444173149 513935613
158724419 525023409 455061784 463277278
123986002 370600999 975784209 1000000000
625015649 780929251 223879597 285193230
144429726 619563730 884492149 955434157
364639058 371995644 187007792 283244924
313711407 75366531 179957035 243347065
940330678 507913923 242910165 255312923
830602668 709152287 219433044 306720523
860707165 932992796 564121307 627076883
631815780 476211837 803418340 899561490
667424463 830342043 694133824 714056417
673321943 574364220 869119098 958369728
452428973 989125483 71187003 89343896
797896178 287123554 538856011 566488206
451165921 765359713 792668882 804591488
193647650 496908214 271194724 279878522
870707947 663443364 778597272 845778144
212382618 144183047 295517539 318019253
961539862 215196350 150127536 213678523
61585040 320353266 299313855 352164968
930121873 228660917 566415627 582579510
616295187 968892970 653527095 675395681
884500334 863613059 52009650 123156656
285620904 718239850 350632127 355536095
758152299 387090479 547482430 626468490
920903104 4443398 93853029 124576043
244423305 677314379 201116712 294663479
27489830 944784189 910453247 948070407
108719766 17573284 485049210 569918416
42441104 559630065 712653905 804978058
335859163 448292714 858430637 870974276
33828447 119736318 487955697 578237859
162777294 241053173 633385538 714213020
218497895 405592235 228130880 259331802
343286898 926759312 826819587 845487508
185615692 329308044 233938952 324323425
161748026 41659793 675156808 682921080
655312171 464865004 317823925 330107462
106356025 759337850 985648577 1000000000
338239242 234336657 281608313 290898134
643276273 128765166 428792660 433957388
94493703 94664408 435760900 442578466
401412323 780503458 320378230 372315710
397596725 826741889 908152570 945185106
511141244 444539707 660408954 754139605
574936923 130960241 653886200 728443458
388517733 676369486 899050257 920663513
279334702 109834617 487478921 545928241
217479566 363661494 864756245 878027363
576508863 760214713 219994017 306798292
287450494 477907581 918639977 942525865
688317903 795067860 981922871 1000000000
675530181 414390979 540658321 560973276
464028033 304640281 937388643 993210125
280799179 602949968 833992891 923418308
328109939 150939233 371284269 437524999
787576844 294128808 806520637 837765773
368123868 605716676 546306416 558424749
335750769 579034989 804596252 816678252
7635197 189317701 482712555 561908582
701097305 304672244 558687805 576750528
87631270 809121249 412113215 485336925
77615413 454093473 706310423 766199465
544594091 139794154 5705595 100253233
515387096 20059260 75269659 152626632
209380955 986223708 471654316 556803089
854937821 699328889 370034450 370780692
953402293 142554711 533932358 541252867
744239953 165000022 258748662 327908820
624699022 460745497 968285623 1000000000
230042289 521761167 129922954 198142967
447263052 895826294 459248798 470468793
947032737 827817926 38159452 53938944
306928481 377491533 90814779 158812942
101489968 26586982 288418234 311920672
176795378 826175227 849027718 898630467
894171738 93106255 505627978 545752502
41902171 859644970 968140909 1000000000
254765308 59006447 208262724 243997049
765238845 204196920 316682597 331153300
619539621 133875399 269373952 343050515
143892205 53480874 514927217 566170949
210174180 19794851 108965279 167110369
585464897 421260031 530984409 572368704
118686523 80910725 485593191 517198928
880312055 975178078 155791470 250189131
479842080 746208339 765848523 814700469
92025676 936698040 122488032 182288593
482585215 986284205 638493137 676128991
662343281 203660549 505798172 572320003
638780495 445970169 391516650 397913327
3965274 584780706 337721558 377205154
68688278 473336161 97879491 184188322
334399459 471613404 665971244 699545880
795020875 160424345 764590381 827305629
546972017 50132861 404985253 476469045
82513208 433951153 84707469 132669504
94544286 396028247 554488077 648964410
379679685 455912715 374022190 407163171
586889731 752501308 669175467 677872145
955166889 877141815 355709742 357053009
274592872 925816159 953913995 976581126
296168738 966448832 765417058 807574832
842638093 563710618 148361049 196960330
490185787 47142867 492678603 578506906
44217165 802043859 109652589 174624900
962952872 373074177 489693838 562819408
668955747 747431195 276589730 346816406
698194510 382479768 647520926 723744851
959217794 223801926 378235905 430812652
998948736 638040983 907849590 939793314
443678357 488102266 382538179 464751725
904829078 743101145 76109344 87481632
114385332 752324107 999751946 1000000000
438567983 558674027 251777851 268485650
371158072 201849561 639299177 720717293
735787408 52891434 308817583 339241547
665088355 405566740 597546059 631048798
918740071 854741951 591195282 686309343
807934386 398472901 69133473 108393626
461289320 748759845 573625109 643963579
131349061 835506708 588145558 663933011
583177954 185993711 488968269 513690319
360727146 865502183 43267751 106552174
274048362 451499580 232260252 302712450
999161856 679054804 638634120 663969345
414394897 726868120 803844406 869448576
807958976 180376700 806272919 830814153
596303511 677686318 136886747 142135206
366208692 812810111 597795063 605138119
280947203 38481583 305956265 355904215
289387568 929289388 415143853 492049356
805251915 47502045 30349739 95779775
754413378 129732208 802836232 810688738
682133342 702257314 835276627 920963068
838381319 732084423 986479648 1000000000
292421922 464870581 389296704 420702440
351116134 539072533 98034242 156317631
228512131 540690011 402309628 444356653
115432361 253405330 400259261 425284804
531791406 331461098 218237467 230236933
958152581 326042245 7025188 30852058
752934826 819216373 785489341 873460600
179202714 587798141 978721100 996017508
257855880 148386403 685693255 732404887
231650145 907438506 266533414 337502347
227836255 119525724 153967556 203440765
484520645 237895553 463585728 536832417
240229989 765938230 139661826 157470790
700804163 269712028 437573544 533122654
459299386 132605407 612339506 682057878
787034312 82574990 766191620 858806579
228398074 805689211 880264223 948618307
348773915 590395351 381816833 381898852
345049902 346102768 970459438 1000000000
579280490 761054169 612828433 679023374
755408194 370974681 137672153 209785753
687640095 294363181 598428269 624270157
764468328 995742729 686291448 694108268
814961460 546333273 608380333 695523635
135799416 962099020 738677951 837979611
13934718 490756113 88977483 105208430
926397210 646364162 303268979 348084330
480288387 646678420 255419049 332047299
259892494 288542122 261618909 285553511
129483773 593726768 695785118 772419716
290714388 810898840 485989891 538384466
765265642 7758826 141797413 231139455
56390476 356713248 731592305 788940770
309024257 462728721 597348358 611424326
741065699 72903385 64776822 93270957
113186566 268454859 679768989 717271165
42420008 714568318 576888757 610341641
709831293 603200809 290501341 316320854
678870294 678494769 893666843 960497344
333709244 490844363 816309046 855681602
39632395 82002442 859077677 894732304
122132897 863184142 786779719 805325536
94356736 209094149 553964235 648995751
303220890 62785808 564486118 589863924
155324360 683727294 845540068 934523758
575644843 905107013 526998234 598564192
603705968 696317527 475285584 561658730
196350092 697619079 706725205 782298848
421757876 427475357 792262820 838459154
954389866 829955816 648776447 668809428
90317758 782858500 474495266 491379257
52069168 781912268 607784288 649320799
621267943 636342652 813911711 869609520
726814087 583318061 193270100 291187244
158940179 441361881 764774662 815375820
985410264 864888658 801556655 878204094
72045903 177345052 114560096 130501861
371548276 376122846 404735592 470480900
247746040 565776086 271674641 321671366
711145467 783916992 675507315 735555413
34179405 813409354 780159129 818224042
220083886 398727406 11435635 82122688
123172006 263424648 340128630 353944443
683089012 425958699 1051459 85977129
613534601 873836503 578216459 626532160
446068106 909155050 765594238 769854309
304094312 63931386 658498049 728123570
79875244 773643931 323029973 409429601
192768325 7244351 653967668 686126960
909018239 65116500 593235121 593950401
757927246 788369048 796303841 820397861
29860241 202507897 376390065 436428153
444470335 978606969 835126505 913087598
2994902 783013768 858720376 869527155
745088597 791985021 497550309 540548778
890074415 955505421 278872863 360357559
836723751 554612734 540138439 624020662
461381275 271268806 762752995 811141878
517747431 505398156 116162524 117627419
439424862 813753682 325439369 377766264
360079852 352334731 781234134 819089780
798813264 650294783 715501976 765021405
735573164 768658939 518016445 531343778
48575473 274867676 532547256 628182499
486289276 219002552 657651767 696865383
327592698 20448638 737571170 824672615
47656513 407172785 433943029 510267668
660021639 893988569 426124977 457935396
993430881 472839576 759468809 838904956
557567938 782801477 967166064 981483368
416888575 642973145 460383081 521092709
855422548 716912392 492345017 573494337
883298925 233217196 393999666 489910408
80874561 121167790 334047701 391424828
497025248 850464735 984190753 1000000000
527504217 951914802 577865886 602530075
741421490 652552481 378149955 464913038
976708310 746377806 922924903 997345708
553549878 646244923 209289871 296447090
264847855 363478582 846617184 904431057
837840544 539667246 239987443 298252173
275705316 113287574 517388338 547561475
632950993 364807131 50591484 108234623
332642484 365168044 40429779 113348244
472934597 85001358 300597859 352202454
787112249 357185188 162724017 236453155
320660308 707693918 88033527 117485579
536514245 739468908 227995122 261817398
214117574 818120133 730365905 740882846
502332111 865858370 940186625 964872802
638408052 174148777 122450558 171133826
597796624 890011334 637473251 719596280
426353888 246731667 697356869 739009331
220345880 823454741 977182520 1000000000
363992986 528722313 42380047 73626584
739000829 984877873 598641783 687103768
52007293 652206701 598378042 690405998
892067915 267085043 774656248 805845015
127454446 966282181 263420629 327102191
612439367 270552760 579301627 624142249
252018966 938300486 919450169 1000000000
707059690 520169835 327017990 339297189
209669676 3243390 121487446 150518394
619052625 622031987 746823242 775829079
618773665 96320236 473643073 495948205
598037793 652764347 54958328 108058643
415006419 742195642 753838164 760118169
181594335 376610797 554929794 558943914
439609880 190020796 599371740 698994272
598208299 744520458 379978752 416494537
785994013 837509519 243503223 323996935
770284361 386111562 179157548 191961465
509183543 162178054 164649708 188236777
425713488 60729245 524641513 601389995
979837854 592602765 532003644 562233966
608075576 140622045 660189110 662416485
593970387 640877212 516336752 613005820
321890487 42730048 686418202 755078225
4859577 901308396 10646085 29681472
572881868 395891000 193535197 194487945
147155847 466087934 756890495 811572722
926221061 595254364 87836747 133379164
570394302 848305787 908508506 934194749
455231207 868194776 568326207 584855086
51025508 404098338 450009034 526009446
329347098 704938763 263325138 301445756
848973853 161814362 808669339 836638048
267309288 812793622 639499392 713027021
253597732 682523304 196704422 290888893
864875441 888571220 479109911 529946642
106566065 854202622 184813681 190227347
65272696 20136422 335118687 383250136
323203629 582603461 601651571 659654478
245473688 592518210 474393650 543719418
166035296 998398058 448044660 510123653
111070030 255556025 8071709 55531992
495103060 103139430 271219174 292950045
869360694 545656806 235685976 254632085
701936946 653240679 254749778 343752052
747127720 678544493 447507406 535563042
255485327 809338509 776634970 804559509
625751983 667464051 160012459 181420268
14995278 394562060 891405122 958973697
300918865 484483680 866258524 950751895
537840470 271170896 442631960 493174577
899050326 866877364 286837239 368444499
524608462 195823477 323434988 341653756
196765883 770482761 30475665 93808639
251951444 796875185 440620892 522705110
146332345 773586131 182607593 228802241
281028240 974124268 769650354 854095872
400568718 356071778 142797735 156923626
96031662 992960208 346691849 401912094
897115776 38589274 788015346 797995018
105849083 140705430 417418663 502893208
625252884 902993604 70271591 118695513
135314809 453857502 717477601 782768722
538881607 943578278 432582912 506451187
769044879 434748324 52205892 104914861
751008548 323467014 479422208 490560457
9295805 764136697 332173265 406228033
172471761 641439167 831481083 865698794
991129857 792379539 481010822 481702691
297231517 625168291 960079093 989803088
652588319 346335419 386864275 389880081
420434888 846778008 691200279 723421175
788054059 501132414 614172954 654108086
487825099 970226255 534558783 541352519
892359706 858704278 292940085 384788252
321192630 460514047 448809363 515434250
331212185 822616226 267159531 354087277
862142263 697550147 946372720 1000000000
587439798 529894979 415402710 510463057
127311055 320377293 135305242 182514661
735348597 629455509 647606756 724903084
944878193 423105389 19439753 93604367
724934489 312304175 697415074 775945306
537988364 58064423 626131656 643606567
140960748 360347564 668844417 725425728
415906570 501455286 406469508 493672568
191177301 620339769 563845267 616638286
93427212 519893547 427840618 499457810
745077667 495321836 929155038 978013290
907369800 139003508 191377369 236647798
676713124 665247542 223681522 243066015
176519289 81871551 41682056 97317608
618086272 229537042 600975437 615044239
231893146 28300437 4055810 9978672
609250819 486847639 755641138 833527667
89134475 310748935 268187250 364292383
631216285 39763954 695937856 778661394
232781528 975679143 194490417 205609957
713315398 479621562 763823756 799030345
861977831 43971149 749891831 832579164
760820221 856913730 886042939 897034788
822320240 553003425 284205129 296157944
602349016 898363260 837327673 881575451
886102844 719548936 850270124 873314035
508287410 445096213 389944078 485415304
677643827 81872033 108127855 200235300
7487417 665408946 239708454 263922053
695150910 997574714 125107243 146147858
223564394 877019620 847678238 886769062
890605202 516792957 257084061 308507525
897568953 775804224 648017197 664226696
713280219 261331486 992980241 996419005
547151793 16516306 409092666 418322016
50016218 893417381 210242392 236371306
771783126 198782000 848269044 918517917
826262004 387827907 539317775 620464790
206868668 628395779 272104153 337577347
515712175 850894841 576979994 613818347
228060571 408786385 364756065 418111597
168845397 570743417 534386634 594820529
784267338 162129340 654402104 685577954
645894384 480096115 329107300 407916023
249593717 331708143 512776219 525427658
891105702 422407786 298838753 395701581
580094464 435533074 196871270 276357793
260541561 533573915 746047488 758097266
813658333 589679925 778632022 803951385
425657042 77445688 918224810 972121728
956522560 951910217 360131609 455105513
885785039 731276670 635357998 720199022
97059726 501078513 645285147 738258669
415220261 845071289 672439927 740793824
899918255 606041729 836478346 853191224
262546930 293287222 926094806 965655292
262074623 10463431 248952847 267177875
788209760 311121292 634083347 731549044
879982489 598099441 61882676 154023636
90376832 187591269 577241887 635794017
620809453 472274665 138072161 197486472
