272 1704
53168650 54311199 409068624 474024642
459702745 964783628 217672368 293132070
194914382 100224923 274500708 279135290
348493612 457047732 705304632 795573556
597073182 437467070 188750813 276034883
710459155 129181412 289881202 341940168
991360332 743558299 437312920 482171922
827548656 870707845 527718315 586158931
334547519 335232385 909520809 960755326
921513611 103258533 308154694 396213925
712698789 325063907 840644048 902818092
43571148 344109119 247137300 336627405
92134428 433314046 604291270 672642851
495597058 10323575 428132195 453895265
265512411 365790356 536694861 575074911
907777232 518268276 803881101 805999893
285969517 193826809 638313096 644070807
587522610 182671171 975343672 995149889
431282405 149948099 9073945 100117321
186355320 103618053 544124767 553742016
475141679 790322773 732544473 767466626
504138813 899474507 739071375 754489256
217390996 211247751 735459332 776773790
299661544 680488414 40104151 104870664
966138339 176789790 497195393 533353423
188229618 925224402 530291464 601870151
118799813 17932331 55846403 148757495
660187830 183611947 697072494 716923360
272430885 354777699 573344147 574248207
42917277 675467834 329083894 351468960
923106608 617004898 731930765 802573277
470834309 480156105 749346307 792449101
693795125 345819593 304971491 385873468
287239889 639822256 922356818 1000000000
188751108 252389629 91755923 139008792
788568434 131516047 970363443 1000000000
688718412 330621647 388222613 450359401
371646814 171025707 217618810 308452935
144979837 787157700 620142995 670864738
447874424 571628032 54198325 66081450
9842251 500362810 55262388 131415733
879690664 546143747 965603179 994906533
111864143 288228424 282420422 343382026
332023198 114031900 271664598 346918918
376824458 211553693 150877297 248990823
373618098 353928082 590388507 639533721
234350799 386515079 628892682 716322015
796062806 584174594 814753941 852814317
75238775 670518627 921960774 953583579
712940362 543994115 325143842 335359371
121312216 768665246 792838225 812897871
667644334 328556589 72315536 128508915
864414191 38826086 939214385 969856017
286575614 861071049 473708043 525265448
355922072 103583276 260636033 262610712
440968028 723368164 983230410 1000000000
632660637 864509191 725999497 775441783
366566024 127610858 915735285 931644340
983618635 227929501 990053268 1000000000
587403298 333402300 599944735 651363553
954349836 650742975 620281156 681922678
537373073 227113193 984211947 1000000000
989018658 232089059 163027925 204294448
702855393 794116951 228452147 322244314
588398137 222485966 649246769 745213831
370988084 479057078 16612607 38970138
10925864 690872277 985874744 1000000000
868874964 311814795 670562329 692714495
136349746 102516149 725748872 753891217
791469539 499874399 710893758 718795825
204149028 384491612 859090865 886484283
38136257 833327483 148302603 225916420
760530929 788936285 584823945 675985195
18424333 468542853 178381794 263872445
986348859 917132702 98865520 113149819
168978083 884058498 233528327 294431241
81281375 651327104 201783129 269891402
809703687 639029420 672478495 686663576
959815858 975319226 942140545 995907652
3109397 355068627 665353861 702004825
676681122 787342526 467913368 508798033
700715672 17625761 927108795 952771377
247061422 735634586 6582196 12305388
109446055 837319199 121199710 202283270
297833398 856845080 714698417 743452179
515757202 985965607 78780719 164594462
170142856 553493170 607034493 621734235
835120964 396078702 736410978 834459689
769763294 1300174 852056697 921451108
282160737 585092079 698913391 766458215
346054690 462983447 105746591 199093686
209831075 831934979 517491711 609652146
801232555 495038527 286638851 348437077
443189950 557693802 867335870 931966656
726556741 867259316 940643722 1000000000
254186790 754531502 162677189 182555843
542131745 375370404 185857672 242392257
189077400 147298152 545848021 557427937
787040264 730646390 662814654 705881562
814020113 571168977 278580009 298672225
939980083 258923625 5294281 53765754
431091374 89792880 184631074 258791679
564873864 743214534 861360109 875744682
753754946 135087088 328179459 345966521
160691657 251404163 568411704 606618242
810161340 367525379 807068185 882685653
545309570 681101394 248389134 301641399
749506990 297519369 917552281 918206106
45024103 477627785 415448297 425855066
664764406 651596891 484279918 529268050
195569422 815312696 584983665 587112828
203323064 758979246 710013077 758207110
235199453 286966552 710399244 765934153
927915812 999169698 197774451 212993158
300236947 180731261 764940921 781022034
613289748 592628795 144595693 199384296
211935109 574368289 487472544 529794924
619331891 404607553 104033634 110923173
309021098 868970995 474673132 549473739
207077180 794939421 490218683 498745378
765542312 940118371 737949158 770754783
238570226 472783765 795540569 868674995
201454427 355336925 43309716 58716582
679066291 605727517 342907218 402081054
709475135 258498410 587958693 670896855
775179819 425245830 292697410 314251179
698607605 176923429 690318127 734055527
515009311 806213747 602223092 620745330
975448226 159033012 82380319 117799246
139755124 485392957 901971450 981352322
586980216 228734880 193729704 214248921
555531017 708247727 489677529 519881332
225411954 792989807 837944355 880825765
285119052 90558445 581538923 607696284
932031102 976006389 227156048 250016814
391948755 310997046 210731129 272298175
59797021 342082721 375116206 397707124
34070000 923272524 998573709 1000000000
349012947 658855035 864764496 926127543
96055122 194081651 780067391 821797381
774219738 364640570 706787870 791404073
190607261 401220527 19161750 20340736
17323833 949045593 899970540 975231295
805520320 578216334 100264231 198228209
562766442 402486322 441828765 443810893
553943471 813545022 88099572 126264718
133766703 844888742 145329884 236410989
732098281 540866018 875014391 894870197
607552481 893932961 527867898 624394526
125415505 96479880 37974032 97476341
26330959 89788797 933108956 991312851
888293991 400616399 166029646 183775450
581458110 701295301 20273522 41498442
124764292 539146898 621758618 633767962
599972085 435515563 555557666 640050022
325432287 192518284 919664387 932470028
712229236 992536509 586079627 594410407
810775061 8100247 81043385 148699288
307800338 609952125 145265636 228890122
820659552 738460536 806705598 882060460
398512115 917861402 419638080 483092719
696748306 776856792 652547213 664937788
804344412 194800047 854961753 945790901
228607524 931706726 820408330 849165977
587128398 204555469 722966559 765152797
175887582 166716369 407396299 455009914
994272897 419348415 5429079 99733588
187263974 238090021 508288762 600976172
555029729 89221334 861430845 931020134
31806395 335196470 111716625 198234092
653426741 301631941 682389453 705787684
159769342 120923496 121177024 177293106
391009443 52842604 816504191 846900632
245546310 680488836 665355533 755325627
945571299 936403067 710282269 758430436
211618436 541000689 269083569 273438517
40543598 906690748 241512720 275040398
983548087 840426208 111234520 175008135
13363026 543702737 409291465 497125708
540011680 941889623 142209995 216738580
856525248 38686404 657765866 673706238
540012201 800117672 350548862 389468769
978360050 762694388 920059804 921413562
340394962 215484046 497606553 555970577
283542534 394744590 976667420 1000000000
524355316 782589922 47481043 146152469
958577585 502557405 369635831 401482351
618286483 883708121 19549324 112330491
418534310 40692411 827925218 857513278
125121676 833743327 207205926 221468905
874920942 314242653 694170851 731886705
225773263 816085666 237079565 242982715
731675282 600003820 605338910 703253953
645238117 465377951 198917874 248381883
759378582 452209155 808317044 835191798
721039365 960523275 665117738 700168548
552864110 79227331 553665076 596164359
445530708 968419648 375013229 425454297
858677791 937327841 398999734 460729495
288955966 806617437 245643131 263301373
124972921 274441162 683150031 693477010
957205077 290788706 566821974 660546522
701714482 47175157 527427393 606212127
777878171 207709804 264395725 310186120
275146261 374224600 280534862 281452522
602951635 642070499 756444984 798633862
361149077 509301791 551934186 556109670
727864814 161703581 422348575 439896003
825367605 965651203 727254402 783879932
955821245 311759766 91039571 157182494
736768892 301251584 70743305 150400485
493661149 790201923 11605852 29295765
793910223 128681755 78770649 111134374
315308288 150551013 667297539 733137029
545822842 131985874 858304755 955069932
938948438 10367656 701357382 737664633
213086309 621041605 684713044 732020980
105903316 265254730 311451917 343275283
149829324 270034369 872335078 964366931
944258286 655800378 18169110 92995267
129530680 131556884 630908659 692439164
568962746 639768237 887393840 928853064
267896022 54988474 524532999 623725202
856618138 643775554 567647279 589563105
722480783 256221167 533454572 633034682
988605282 106878326 718160901 794097879
548521876 507223604 777231917 791241327
360830648 153686820 368402087 452010297
294652917 150894981 826774670 904955488
330124787 201541656 670498429 746247963
857410177 487668637 568009082 661331581
96050227 70962917 40894600 112647474
482915930 767398645 511006834 580564495
16148834 321018178 442702411 530867083
635464775 195436615 205516313 280524445
338888749 88127565 688045714 726931535
991565420 639190399 312243564 374931733
681667812 791901424 698220139 752916053
278198070 241148866 220034391 311096887
307462751 653957890 165609421 242537394
647812700 228277874 754090475 830306592
961563082 560232267 5390261 89538949
820499055 720919077 799711137 824227252
192695396 428895414 25328439 40116812
449273008 204891325 83920013 122258386
673917805 468890983 133805650 194013631
597511014 550714664 883358541 974539942
21958157 867723760 248388157 297770204
151956780 869585739 914360585 941743068
634949898 347070740 455307422 507808102
52211373 704336639 220024351 265965239
319395056 35135030 877829037 890736218
39520238 999666098 721726400 729329627
65804595 664250882 848274398 910009198
633296702 617688261 285697728 318430391
638725854 714167800 976690410 1000000000
434188193 745727465 361326774 448697189
703368558 278815481 513264185 584845997
248533836 345033905 823287073 865952605
634840325 643937509 198005594 208747510
289226262 285402921 905801536 980986478
886418698 904652315 45906814 98394928
214479337 464283391 391010504 444379693
578590691 900229759 161035165 184925047
60177287 215929200 22734107 57935466
326470890 849677543 134322457 215263992
216759815 945084439 866332763 884803248
442905944 60751334 205492148 220211563
530672139 692050323 249672603 278058544
7063762 158512228 70348510 120115822
623586726 878145418 71177861 125330875
920887953 427154022 751648821 826806850
682960280 115038829 33931694 100738337
152158575 977074074 229442545 257662868
326103681 386035296 457330636 468783169
684174620 888135104 216957741 280643783
269003562 749812603 904669578 961907269
862936577 749373905 873874445 932321872
378625985 491819392 407281414 419540354
274613740 907201500 550185390 616879509
708472633 751851001 834611546 914760279
875951891 397932755 922239856 925525002
899401963 217699013 806046553 899963599
578132107 618884378 220280490 239740273
257151006 199806465 189452006 221018481
362732073 497745277 151773244 242317728
427765817 651802570 889677869 943829372
494476436 469784787 556010726 616976367
422391468 954829659 923598483 971853899
171464060 918105607 412808686 488051787
527144729 369127804 227604909 301724862
703661827 239528586 596744369 618755251
755301982 397744613 878329549 880046658
321328285 627420511 554473563 586768040
453495483 496256808 839942979 881921410
769702004 115190092 518728889 613152193
369905265 382736624 821516455 844741167
449409980 269381548 182522482 219163924
519722480 855503770 577108193 657171714
148363136 440331508 687948279 701627608
644907046 91939172 468377758 528212680
160704108 504882922 543769253 621381070
218714583 855708690 521968171 594998754
856714723 861656360 830999727 852805967
128598093 564179061 998983950 1000000000
931703973 643689273 171671037 251694505
757733877 662637663 694202239 722562210
854715094 850497385 596613042 656857658
346836122 340104530 233030313 238252483
421718972 863641216 566499483 617506561
859303887 2101501 931096139 1000000000
371784094 725943433 297462054 348375303
748845229 827829461 631433459 710896094
255172494 125158093 768020332 789757354
643483040 237782814 292792165 307579016
676046742 335011333 587370693 642957643
564226314 473678139 387960105 449086061
802833015 272034734 29460009 99449398
366665275 941193491 547859198 561874193
964932098 519736108 84657494 142458643
958599315 664886579 584826323 630765306
950265717 741700052 779550119 829336629
709911500 174780093 935991651 1000000000
652526069 200387269 950324693 968566813
483841458 654371064 807176335 868180220
201910228 771690035 148909136 248509840
610704613 156065090 496875977 582129095
882241891 669380216 789649024 812165827
865644462 996284672 262257633 326275475
395567078 164309497 692405736 743570229
500415407 70922420 491280072 543500457
954943382 949727169 556831958 629046788
938992788 865418421 926105439 1000000000
534687414 208247970 15811040 44555841
798023568 259708429 794091389 813249624
484461325 504340755 148727443 234989003
426532620 361191572 421255367 493853543
513294090 258021919 882955170 923467429
292242588 29414081 640977854 653682608
674684314 798900620 716189157 812948685
80631678 201612683 358608390 448892697
653590459 344492342 971984997 1000000000
557248854 20372116 560903422 605371384
909425395 423715427 719865668 810101475
318228954 656658734 346327321 391843334
962324836 45790441 853590989 890389792
346313528 587798264 226761131 301653946
618978309 923152300 525737610 603740181
537738172 802565180 227532491 312789138
540875277 476991175 415876885 514637397
154099423 692402141 530043275 564526749
118512123 687230494 30964781 33797419
519270485 168497965 807653178 873121995
920724627 904915370 861710842 896540875
822443733 344332968 522630900 611611670
574803212 701530728 437991302 515336297
606656844 235025338 691515310 710475940
439667328 423074230 978430867 1000000000
729997315 108350360 679601715 742809511
581352160 499116764 242912563 262157308
913778608 35013230 838813370 866672443
358350547 534058047 738090454 837202175
89672374 854847507 867528974 928088637
277675462 628138927 470972540 542957579
46701921 790666032 303667033 401686584
468942504 67482264 112690592 162665277
818742465 257688719 826420966 883602276
371237580 954169398 704317611 760403955
966765216 376827342 550509526 638825097
822065516 192616542 648491065 698189472
242567000 434599251 798460551 833839957
219525649 539124325 790417844 810052907
331279177 451025681 683761035 739695557
74181296 628426250 479667745 524946340
761681832 384823595 211566253 243488487
146929603 382612467 971854030 1000000000
777514453 207321092 949753337 971979756
65946932 345333997 515792678 555370812
964611227 789856563 907730133 1000000000
169959302 750607969 48117619 128121527
454997793 880950393 516510584 594237992
930827714 553423716 6693136 93879619
536994824 310611251 99417153 164282900
772713046 607972891 81187864 114024880
543840220 198171175 244287894 313698354
723863593 559255327 497916597 539311129
178229620 589739315 434991657 473298094
535857000 241326236 29525872 57383599
486729898 360455475 887833532 982249494
776949021 374714815 998226320 1000000000
922548438 400909420 997017279 1000000000
662267855 248160977 395163626 414203237
953966795 425837030 940793091 950850663
350502737 787370122 330923485 419161071
670907264 499346686 851160908 935111710
35158820 620377781 124108140 146948698
422713020 258558927 327969343 347250297
837239557 341239386 437642938 531914311
114445800 346732222 156863636 227972502
168244782 389321251 665726622 764645431
497850658 899527659 659710377 758228776
646249900 517414916 311139752 387742509
374406571 444132111 789039898 854550522
961211950 359033004 588755877 674125911
139668021 158913144 87116304 114236012
314923262 459143284 516966808 567940976
473945264 986459624 482574557 487797672
763034762 143813817 729987148 775433081
22307048 242034073 317592815 367707502
66797147 400294267 651473847 740964170
51456109 277881768 910686854 977582139
247041732 133030168 154626321 164873016
421127448 33884489 783382717 871677995
334580922 347494917 839196081 911700617
400322896 652282981 368664603 388229358
905814629 813087962 559796548 574497702
410271597 238042872 86879173 121787462
814988812 238290875 566912385 584637432
300848715 598638244 984087805 1000000000
93611097 793456239 610435871 705349763
473821913 598042261 42655374 120304204
396244125 518196427 283654175 310575625
45067414 449298334 659719738 709437444
887363638 774045001 701201552 717085188
676507898 215627529 346757478 387110348
258500547 453810338 604834935 631888713
387479045 204739898 548223866 572161302
113258631 991788061 105842909 169720539
52208848 559380165 652191676 749024192
498059203 729761873 444534291 511731234
214985653 709278017 654824958 686493328
122538967 869576135 725836941 773652134
283447338 741850707 19537007 22395586
584540940 219334585 789812571 803765217
12427901 378573186 498256041 552699246
57056438 249994814 877701297 918501001
736613346 222294569 862520684 898660086
788907412 33415303 29081112 76499401
498711337 812371047 647936098 690153246
32202754 720785796 860263436 903418763
873806133 897197341 972345787 1000000000
353036336 284651253 587091739 686836022
216982747 637521175 672731291 767701399
5853269 924148799 805729652 833912127
825535785 730723647 839942158 876826533
939374838 799298175 532348683 618500455
536633766 868967571 24029833 109719526
252524176 365233753 862029863 867157657
546754183 37945318 438797660 439787486
788422022 20020004 356055597 435410779
899877165 730000139 412441178 471676646
359533252 854685627 720072471 744672317
822148697 263159299 442258627 470172996
980652567 161263339 145391655 186349497
515113033 777373383 18987521 29831027
20717836 818056023 81591713 107639710
954778367 673648180 145070933 245044327
325822060 846824832 203398339 215156972
39735960 190654483 790350574 795178954
921066018 219779516 633015469 723784462
985656501 941127715 279295435 293517117
451198114 944227170 639610449 649622234
673978619 274370638 414738680 506972339
908421685 538514186 685698066 736082252
962673189 257031975 624478200 724360678
590044222 264914011 522832199 591008414
457098257 89935050 404428307 449920523
265228401 643959787 984013361 993928994
215927394 207887226 884327183 973603384
808935033 2301938 618867128 652649214
743919262 27964966 19231972 31071745
320865825 693450594 564537292 633447416
738226896 185001596 110971896 136960268
212247468 244973340 710923888 733606258
459417577 478408628 653750389 690490360
895275224 36507722 787121572 856252904
311377332 673212708 321818776 416147030
118155958 731410881 618112323 624896378
479361477 717866096 78680653 109216768
48976380 473481128 193324188 239723044
219778289 824468361 512887324 533897606
151848952 640200581 75979945 90418778
759695108 341499306 681882716 699898458
427183746 823384110 883700917 949434746
646255367 258135587 8743478 29055265
218052700 542477920 815492574 842757141
271777989 867765030 228659205 269544270
730200146 903217481 416014603 465857446
95187840 930111513 799303897 819226000
167711244 740672529 132243332 225481643
559762021 558938095 696548698 710823548
497809732 645301694 812694199 827882598
599848949 136392307 773467279 844418135
348225989 81579469 790578888 851418630
805365092 882628093 360478972 381890504
943985391 889882740 550836135 613359651
564230271 347217193 453108007 545738669
452160815 408918433 665470165 674433259
515118703 90701367 342057853 404324739
763272854 301248256 521053962 561684576
444373823 627669073 474859312 508114371
327596883 918140738 239351308 259847315
288479188 110714399 438642570 502207245
190644396 183856885 629777591 658407531
921865286 503551517 881144948 961462166
213364668 181031260 493568573 547111001
12707586 766178341 454766939 462659285
238875585 318619148 721413015 787462048
176425107 766412139 618414217 653689905
633031934 246891162 394623552 478778574
320661306 523019705 17378967 104301509
148049587 645793511 954451492 1000000000
373720928 160047062 739307104 780013514
85553865 649565017 131040082 177999329
461234729 132157484 712612481 734664318
629383477 663078838 865704846 916193604
269052169 838981147 386573724 409641943
48852085 759739767 31887904 44571653
213229621 513284535 848394560 895782666
130512790 530195124 424191980 510025825
411617099 577974963 901040239 972824889
423650393 103330027 972293980 1000000000
819354196 788547600 62181326 101159673
636832632 731606609 753032005 803724198
337998169 712690532 83272004 99252918
644506067 790056460 216943114 247214797
454596020 45798508 35949041 46953139
100904117 784938451 975395032 1000000000
360915812 722853393 828127990 915567326
487266573 865529068 797168158 814832790
592749351 486687286 78643947 105921002
702878803 333184663 338062758 402473786
715535476 800255887 468078607 474527869
637023854 534235158 440820366 476446964
289302790 949328735 851854289 907072262
222901983 31652788 778663455 842679882
870497307 365846933 13223034 41658945
577504085 659858494 592261046 594247529
870714303 91265076 789138943 796165885
830392706 277696640 64828527 83160880
734292003 595391672 158647093 216290223
834812945 929901635 778959264 809520870
323839628 166575350 397691922 432999625
939286361 247780013 626135388 693008080
114416677 13190828 385705503 431934584
821909313 895391572 317980272 320698087
521859081 144618147 680051150 682393900
40409254 994138199 465050720 529738811
725955255 768501931 943378198 1000000000
925454498 564265376 926733794 973977244
740557101 933510789 691402725 774749460
954500273 338793008 423292258 430706452
671172823 809287136 987106445 1000000000
530362085 535037735 112922464 197591670
674354467 913713293 262811016 342305194
433414711 64338229 103831795 154530338
47971571 165260601 631796399 672215826
485135893 455901355 583810277 600688185
82182608 914629448 884080809 899386932
763601623 413066230 354079826 365242083
876500936 327380143 164831135 243981995
884721485 795847728 685623165 776095953
157680555 883056957 868339618 920763602
659786942 262235778 706717779 745783178
169539251 471280650 328512461 412639741
182469782 245347092 936444401 961985288
600751511 224444741 892771952 899201519
84029171 330091782 866933640 911784165
124027872 1539096 591962376 656210583
701220230 124675867 865421049 914941590
423247091 605319374 887407865 975586144
38179027 368466538 13023583 13092660
244492046 804724367 774438616 806449874
425199334 895697118 690812742 733324906
292031846 911892241 529109537 542407250
983393006 187232081 589681053 680531636
592521549 671728736 378644265 453009758
417256263 935029181 339286274 359272514
343858482 429357630 312695246 333883345
918116774 532846016 498056134 510061542
993247616 752771046 956043905 973130441
322767419 800933100 626671843 668349395
554005848 809112555 316365493 326888455
160813375 939465476 9050033 76409342
682262113 775924462 927314826 1000000000
402352925 766249541 541495527 600842513
938464553 837876272 853535285 857893404
405381681 66213218 423713145 497129147
265441827 95173557 231655563 294729226
278381716 959045169 113730279 131328273
255996424 808225835 671790162 765133074
123033882 61821636 729784592 770735326
357365198 657439234 956121837 967770044
454708489 150377516 338995526 398129274
90391572 485558411 507445386 538838756
592472244 218303743 109553152 137063478
694150956 193049323 956383288 1000000000
822325136 317666357 669588751 703956220
298591056 282186337 427465931 512438396
886093527 634221412 978598515 1000000000
889805236 402229039 319161318 327162482
992447906 53985188 568935778 663465810
326437291 345378334 259976648 333435499
186266749 710214579 515812803 590888679
82857093 90630230 696161914 702105972
170105874 381552750 916870775 934124137
70446342 152976476 255275969 352562657
539109745 760335061 394608175 396613863
83067913 262051620 970527361 995134341
235204162 82396948 36340959 119122720
477941598 431767318 716616353 795660388
554051915 384502001 65058361 141379586
883285769 323537800 298634688 369903325
284992607 38832087 523847541 569857413
913371594 811466451 869466474 903804151
471219008 92860804 970989357 1000000000
701714121 917094440 607876371 672011809
177230406 858497445 277174299 294101663
272248358 258241304 916354401 972159916
401879497 194470625 639146744 733919894
872877651 546561323 330091589 409946597
265887421 121141760 447676211 509747551
912277696 201147911 82703855 114575483
208430686 778593939 643562569 694509979
754639014 661187232 905737514 971235585
705031995 657519839 331405287 391487405
321593610 643966096 814945178 829878862
843915748 748108664 475045520 551091753
751745817 34567443 63753078 138529877
111692458 653762378 962703952 1000000000
20404042 593184616 906422358 910607336
609478019 340287457 448192132 533311281
867842844 654437027 685652705 713172861
357275991 86023264 278472846 355817937
596090967 379946857 247053820 324034069
852498494 423244274 434499366 463122776
90381224 502035813 906660125 962198418
796749832 617920299 928793162 963589533
900656513 236216893 814452046 839390155
887036772 796521758 62795231 114793213
459187001 133592017 156192297 160022968
152960531 514247560 606810086 695223702
116790527 764427047 409355763 478693423
471506917 619039941 11803077 76536126
779912582 805120962 100963333 197040889
58393872 490743661 578509157 587618318
786902319 899834248 763369729 854164804
138721433 629617391 513349601 596688105
966717032 987514075 63798799 142090785
669487644 971400936 359075881 389655835
520337350 968809149 30307728 110332886
7455712 202462776 585042588 666518021
479742393 874030984 821871911 825914922
383433942 979303775 326512599 394271065
411487283 420666702 199016011 298479596
87779976 943690898 219941800 269189631
604623650 201825992 547963874 568382482
22096111 356814501 701983064 751634302
728923091 162231533 718136599 719980947
721686528 237518042 508779461 513075327
118456054 464486635 520906819 559962792
129252410 659347394 186085600 284575904
833103162 88428782 364263689 410342811
672939448 684968976 403667412 444495118
208087704 634398859 962629357 997974970
719758614 859500277 126600732 170850458
854299604 59727468 155334824 172780874
808764507 710151680 516853896 615253526
593021484 430108041 921983162 955519666
449503947 501925149 606748306 662783108
190878802 30537660 295589697 323124448
503485158 217630489 230659587 233364986
536742005 477299757 109456627 173514340
471178690 543622760 686754439 690530529
636359399 421799640 813438943 899938597
64743897 981711201 740401355 752401857
346591294 56606628 727740740 771429380
895473419 274068623 892606606 932715458
482366963 605104627 405997512 453945511
556332339 35026578 698070306 699670067
524186325 285499369 975203714 1000000000
981842339 253382137 888858557 978212108
138311870 575334503 916111192 917513592
916127963 974671894 782756001 842220156
335751740 217662327 776399682 776800934
802672983 982682216 282739202 337940128
158281540 692019124 969209621 1000000000
67509368 936707448 435523578 517919893
159605646 201221973 350325040 420142293
446903204 510846813 367298434 446529391
804423289 947540237 906967004 928909449
267199408 347437068 732588663 773134813
550402902 120759180 348733077 361478313
271597189 450375675 880207429 975462074
474029770 284601214 858825829 907712278
603985740 524031424 954540690 1000000000
505776338 101300237 970260399 978238745
832293910 697642445 446025954 535276315
95064457 327481559 132237100 229679613
954434033 829932324 190976840 237227216
48755807 514180045 359639747 375919994
340916242 474106486 531083804 607652548
751940847 728462756 445015174 483542306
758308878 69441634 855314640 879649769
763956704 769631964 58250701 158146042
695387344 602907119 338670987 420884295
828627082 877952768 590473654 610945282
900981780 165909406 981312956 1000000000
772181909 279543794 557152685 633507913
802883262 186617682 147972404 157681851
828184729 55961724 752397720 811508023
82804374 188547004 84975409 168160826
980397503 494488013 521881411 605957166
263532530 879477519 189380789 253177232
389962413 229098924 401746654 491225687
436000252 709736097 762040731 778335931
662950001 90006235 564360088 569708970
960981632 729043262 791133995 858438531
415284255 542472207 854479872 910879656
235151156 882502817 788615961 829701297
363662176 728031994 816006255 864617108
999755406 16796210 931528308 995562065
646489082 673808963 984390953 1000000000
646069365 746152863 846383924 846862751
899904287 125214470 353447170 401223285
794294890 796942569 46709346 111675554
952941958 738865754 953784287 1000000000
793537801 268254273 671129629 708944438
790684780 61295325 413395305 491950334
729580327 218414073 48588146 51443621
174603344 317629029 226099238 260141449
756368602 326391806 748022830 768406197
244744954 949101740 257533612 320981237
223578091 7939219 948146083 952958201
952888571 425959238 93494723 117989104
460483917 180326019 803825248 857405431
993603539 917188205 354407441 436112413
572339271 836408396 781054103 825966460
180545871 889623034 839185574 865787293
591947696 601836092 413252536 436985208
152338173 379949226 895857882 965916029
662559394 76745426 590052360 664087341
895816612 119807093 100576805 125964390
1296165 936210856 274788034 280673830
189273385 753478897 479200603 484012534
831857510 130091009 957436936 1000000000
580257424 236880910 118819677 133466817
832138978 789697307 393122316 435155319
670569638 804224013 384900196 453354461
955276961 662448402 462136825 514895027
280307017 282068731 529718052 586161497
969480392 63931832 142391398 178465720
161512747 910608689 445640706 521907983
484411056 534638635 44516486 135701118
573542880 116319035 811389588 859769703
797037408 680793606 599759397 693637715
712195289 27509471 756807631 841009306
250735799 167374247 944298936 952477195
959632652 408816923 505150572 508113562
101081982 745432978 892317394 894320070
10065232 167613039 653813973 730446430
152933306 908563303 291037192 358103378
795518245 980625743 971915665 1000000000
443247690 117020792 35133066 51778574
37688900 579446558 963016608 1000000000
19022466 993651946 497194944 572689729
414401042 462191243 332129976 349492759
858990889 721305993 613917193 687706310
346853244 574777086 283473169 327370731
207848427 867109868 275673196 357431762
332341585 374514157 816619907 830417423
11124928 234775799 540383944 618634340
501412781 953281102 562399931 619681055
786840419 584954397 810508426 857044648
275100284 744381700 74408608 152798902
502778596 894095913 225392572 289806421
544398451 366926242 56680058 82638064
526337718 981637821 164637153 192219450
726974096 820518932 866905534 866966529
244927870 156600217 632214726 722338817
564279814 282734692 748670993 845356664
669238012 849297871 76686338 170071887
33174479 696023872 85020879 148335116
858526819 288586122 276715512 297449875
118383955 616903655 931807642 1000000000
383067151 818514966 868330701 871838498
131684123 947666349 239621242 295704196
861473884 636503714 9171382 88994775
163975536 372151326 946579163 957650727
297145210 47668524 319609720 368290417
558457276 880531986 998058930 1000000000
678197467 671352999 911413560 951768312
123977794 980265297 14259593 44744796
124577866 356825752 66577955 79747858
61783590 490722654 870362440 943142050
925935011 368758886 435320820 505712104
555356913 229729790 63822087 149787247
168373553 201913969 876982747 966384603
418525048 55454173 39607736 88211792
538563651 587833903 672512850 725093009
187538732 149312256 132087593 221299551
411854910 777053376 776919041 785602719
882628266 623762819 196869168 215649840
103964376 584687057 49225419 103585677
652631715 804394858 456583927 511701219
730175809 581934316 740198805 801451885
362508620 10878124 499457256 566199630
331449015 965682063 556764758 637449604
875510814 733740608 505542555 585221704
237439782 232322954 220160817 231702663
258031904 938331115 928922349 940612263
879035587 919615269 935682782 990942616
281918991 220757040 755127060 830979901
352980425 798686555 10702517 37150576
509109881 94489119 392055058 489311867
762609226 762626129 296325489 323621788
850702348 358328784 917012552 986311925
223878654 414268563 358675281 422219142
973354569 950410835 272491328 281521575
896042861 651541206 195446196 195976357
167169124 136723123 705491396 733995651
931474592 66536826 26817721 51143952
522956425 377695551 795111175 849450587
910964826 552393850 960820059 991397035
466974029 13438261 216531380 301467992
291602243 257955195 88903619 177738850
604579781 817960155 370531160 435502277
679015244 658949007 633116050 695538004
781219266 967545285 539863506 544846932
556406822 884819338 521023304 611518307
349772618 157281237 751086728 764945103
934529262 193505119 723670522 749004412
519108287 113168517 530369118 597812003
958572282 350955404 78661237 117193695
490412039 210935989 135043096 203313283
865446365 268449806 299414974 303401812
7367743 505395753 727173733 736242762
200823679 415316916 312554401 376429299
151979716 467655400 989084883 1000000000
345869657 850561681 514675702 531579656
988939741 663650669 671718452 750370949
372111730 919279260 209661219 258300070
171071125 123049414 501483649 565111154
922688943 976587845 879130303 963250923
579781665 302168641 662240479 673913798
635979009 593612552 822112102 829459803
407726729 475529274 431986073 436001467
194756593 598170247 924598275 985869425
906563420 64972934 544116705 575838968
993002811 497664015 904205030 921978830
450048995 616420377 977299096 1000000000
343580330 21638892 576637384 611027325
556977341 594399628 928996596 931314989
642049167 739065263 388866984 400259204
936170418 450711859 658198492 756095192
469179048 997449487 442374266 466359521
50632773 557214436 498211179 576580876
91860143 3210565 119832800 154637824
634151249 713614527 788231739 876255150
576761293 909970784 945998619 952914616
122736804 387478604 175769092 179200627
333771927 968535824 995577562 999871207
447450392 441580365 51713433 94826227
87198199 550188482 762195582 808790778
688250662 693152872 447825114 503580372
497911950 362796240 779879336 789913365
607647897 528294647 793630736 882546468
65595976 641117964 298991488 387896793
881246523 934648782 680163575 741246385
941816021 241226985 908086240 984778226
691663071 720621574 169216986 229040639
205610502 584241880 68008163 103230698
46672240 439175521 285209424 379300834
921458444 244642405 162940547 213627245
372488263 57663052 318772929 394412242
315336640 825577422 904030932 942523801
628029552 680290041 389311900 457360221
516125682 76809712 865978614 950425559
789653329 889512395 639668219 642907404
333996081 759684751 995871890 1000000000
381153625 830144395 214448786 220715845
519041052 439697842 911602776 937484580
884116668 877633299 282059535 316024465
824323391 113516002 366026309 405719554
317456839 865321733 900623806 917950611
12901878 300887236 725329673 802578122
828597312 514558107 444456078 491331058
606963926 53058463 704469011 749584019
660635466 599383384 848263302 916565045
904111511 19799392 499247416 526629177
117097766 299365782 680271713 767573965
165943949 174267097 126729811 211228563
746455497 551289821 81767975 141984290
730031176 921055310 504629979 533023087
800522062 777303191 497257579 559648108
701778175 10506408 248022066 265438471
562259000 403012297 433388134 517959059
662279201 562186611 756076518 771886049
531801753 432171203 252269443 334168316
26763588 34651879 620279904 681472375
864608174 171750720 242294505 246382897
951244047 184252520 298559368 350833264
219656054 959203023 310189721 331000859
310954061 773420822 485170158 510235014
69344456 306213567 284747089 293883432
900333447 880859679 175437925 222047906
778945238 830374582 395193395 445867532
548774929 260061293 250906622 259213365
60466216 402129327 68119356 162031927
20236987 933364059 118919170 141537394
464397822 338675013 745990855 829466415
866702222 4567088 828576522 910136896
580160890 232497642 61312149 150576183
977477995 941446335 103193205 170328046
503116989 101650282 454375917 474936900
204486657 481436070 558862184 622464722
794754677 255061896 407308838 449235688
344475145 673839239 486622524 558395997
372619404 418267356 722207802 757241849
491610725 996985181 285557440 362512699
639486905 444723541 329733326 380170892
24101462 505647270 287697117 371077890
529493211 992050210 12671245 97819717
636299988 542582031 485272050 508872652
28522852 52113412 160705671 249354520
138594269 675760495 47013380 91731703
66250100 313274399 449959054 541883620
430812001 990145306 917319571 1000000000
121396706 241283288 985591537 1000000000
889371503 42537781 81960971 166018161
462065454 73774700 5360650 46621748
679863642 176244162 185450236 273189519
788515124 685217719 238249451 327300627
467734766 592789475 897155912 970139611
819929655 271090087 253866659 352374064
434006599 872300234 499551186 561856417
948499237 739052885 545559777 590443581
672253842 280981366 235971863 264721182
456641577 402538348 455097953 473595025
183856577 599889668 134150725 203245825
151469310 368765716 574264181 590526671
109994980 684661367 784855523 826768427
496719994 372543007 669952730 672716046
28790238 749301117 619052534 647785486
487674609 944690968 375517299 388837269
671714983 494255573 143214979 232774533
237568213 216240813 255134984 312143165
727991309 499962795 741452804 823397425
102509780 803957005 987873974 1000000000
75377224 227726587 264876795 290376526
472556965 302728948 553286500 576377015
520345100 25007435 514410949 605393165
633668391 186247638 98903302 113305157
6790431 994166824 791428429 838845130
801593307 634206161 664042579 725714239
301662646 856884736 653490348 683224934
723941220 1600557 193566174 269473330
154474393 414130738 745140175 839523347
656528571 649018813 661615135 761324608
179543170 693743596 492001490 570389132
901448565 923467734 901840859 907421064
210430790 131401615 230469635 319177853
632038564 963030456 716824659 805160347
881957523 351734421 359305080 409926961
187609284 660686921 659006065 675784401
939293678 407399396 252718627 294908491
163054952 397868211 362513695 382479590
209111499 918564967 301857810 336490338
608562562 487303515 994400027 1000000000
674201051 567717210 782847806 788507592
346647309 218198405 688511050 710742039
973968452 957127719 481325339 574100330
60184765 462827577 338763532 402769614
143145808 942816803 559406599 591632334
836621626 592280261 258986833 312931863
293344357 504539266 275732646 305333309
165509181 991672188 275048514 360442896
107207639 418656825 885978164 983178193
552098432 254703428 568590652 621550795
661788639 171382701 715067412 722801180
317673817 99808743 20605741 63801530
574554211 19977537 15031349 63591384
879910700 126126476 902362812 978480305
676414202 668975664 250602738 339621440
137593666 749664079 784116148 829858514
539527061 414194036 437145833 508438089
860991888 835161806 602923037 696366732
357479689 45342963 771205044 803728074
907892778 389828885 264176581 357170634
970602105 877637370 321957552 416325988
546027357 224107687 935206261 965203950
814404464 911555356 39234400 87215552
725592602 889134365 744088101 769601834
91777988 676700968 510451020 521028794
30569637 803834932 536298038 606390583
433222101 271151297 819400847 857117464
874064557 75132685 905361030 941477839
249427229 695740692 941176468 963612872
313840502 217758462 380693347 467676172
581338288 391961354 109520555 113443150
569192247 95646219 604258553 623798296
468434890 178689576 224282405 241605634
826948715 402220800 523511491 574558483
849701351 625277817 65347501 101050824
170239135 223364947 229733181 318944428
878744796 575533385 840011647 895938773
186541048 791471171 691427645 705998076
637807866 564410622 379078498 450488346
829666806 20909217 769536996 785500275
373159135 898895564 940908514 1000000000
614412936 654798600 598424890 695432711
370460340 104714789 606956630 644075926
387691478 431654930 319686199 328163782
122875872 932298870 982302517 1000000000
371703124 853409186 342250844 400787828
715203753 224309437 243881525 325517354
515804292 957842029 136244848 233861000
56681702 35922928 215023513 306442085
33818884 719016642 583017606 604360778
828707202 49359021 215795115 228744868
374311906 852700334 835332971 858843518
484820388 429909459 717797894 801200324
710707423 378228872 26347084 115059198
34783032 957844687 336931570 341032895
55661625 258963825 66780508 148467956
485870094 934441525 597379614 687812671
216567897 714826094 579579120 670955310
899809123 398224353 214443261 290463302
858010600 419160146 504961057 506270599
605691747 507619063 151765061 225242745
920639911 792245739 475805415 547907733
631145391 554686031 608314909 658362520
891249168 688168865 984334723 1000000000
979159504 990293963 376309529 393254218
941571204 349458675 766733181 800808640
624526859 79294387 392054208 405337856
748170922 860565338 406103998 427639343
205019168 282838906 599515963 606479359
912717670 282047231 386594112 411854284
373251420 411352680 692197787 772137982
998448615 3293489 573661244 621163321
123701951 114880452 808282595 846886474
676235481 917312837 496413920 578220603
411719111 963773046 170278796 177462191
472639034 162208114 614922140 692399572
550196474 751149006 41795394 134204933
813216657 261197492 731327861 772107612
318441088 881627390 865050946 886758276
516050535 396624861 754001792 800056652
777301142 626785096 944755821 948209887
109652808 950908646 329335933 428700578
716236907 519515633 955565810 1000000000
661390761 513857060 126186130 159360181
153504740 417911549 624206424 680110963
400502093 447378619 845334388 870871018
933986748 860591652 609578875 618290729
300846615 399215110 263295292 310450922
658824249 19838525 430138394 482451601
13445687 935972266 12769911 64300629
137027217 593313625 972034882 1000000000
289302052 848864212 19571544 24027336
701674187 56731354 503530720 504203463
942681224 978132383 679813960 778662407
659256274 776718730 329669396 354996678
464166868 301979695 521005514 588649224
472402769 157968046 401092100 412635313
894248017 170203242 202695224 235691171
699496131 195382387 345300452 393395090
407547245 437404305 623625788 678909741
768198862 615049162 212163220 216851016
547526866 487482706 421399423 495435952
872641983 36600473 628543729 686883803
569249574 437582448 856791887 914022812
414052941 591860847 85488531 122288725
129787369 14241265 906246784 936113301
659616833 20047515 726357413 798506080
762463116 820693647 366004636 461305748
79165834 749095832 4777768 61110755
737534265 755955083 536377442 616361218
535546669 396525748 815531111 827767807
938059555 349927843 204295761 278878012
836119426 130344585 854204117 919896238
183852408 31849787 352613282 396328197
265296242 175445004 876638036 930638738
864629373 87312120 772386919 797311842
134098979 747958975 550363579 615583785
799509159 221521064 260168292 327783533
200893687 449817590 555555689 589635627
785917228 803803427 507629454 568317388
975606074 474974836 251371213 310566220
475166748 366974120 41154061 53159167
309768526 328142462 13999935 101774591
358653603 996010428 453310558 534916668
234799714 121375696 366342586 457592880
973876523 632494776 162964726 258152164
135845953 160346102 603920432 616492728
755126362 14025621 214861595 236991439
416302458 882657481 240379080 245745188
783894589 587681935 103495105 117108306
382665796 833541105 303011605 337264415
372298324 54764781 665954216 765585397
607751794 603365560 910625466 925023534
152937601 37519061 687788914 704405625
17437691 24804829 66188785 135738203
704014732 361852425 4617496 16119161
571825769 477526366 803420062 844786846
844891626 933973734 883621864 942356407
71024693 815909900 127285000 195921810
794838957 900137397 86851457 92520862
657379493 843368166 551806623 640757795
553392161 686394558 687012473 711414162
301864363 652051374 469022803 544647478
910436616 475938810 15712380 88069287
920167921 951250580 458621405 500535627
558673385 376089331 54473455 94367185
995236981 898649783 981912872 1000000000
172752930 35312536 247998926 334393804
260875362 395288629 958832922 973335954
287286675 778654748 176791981 200507444
362262967 677202431 827212424 904006243
698144045 780608556 130360637 223680811
737374234 122874635 224990055 262366058
728765407 457270595 807976104 843466822
886031269 603514685 896362415 938483740
862267090 815811199 379420307 414893416
774644726 300271005 253080133 328394357
984341638 318191601 199604148 289260952
527561088 394402901 688942580 780870116
486508236 426830760 110470618 205584116
686869881 56891935 417167789 476517960
498745975 455623442 545599152 599936319
649366957 584321664 898516017 910219158
224204327 752002968 697926091 753982573
138979759 38613075 63343118 81166019
403418430 639947359 760695044 837956322
334625365 667842569 94027592 157610024
506641544 88172919 222167977 264615478
388929207 788991899 288135287 330737916
241503084 730724047 779170517 840328413
716110160 35165091 795545820 807514324
813621975 588590431 769282363 821497369
535058002 357615516 199340799 280232890
182259292 192120322 817091712 862937269
135824337 782570947 142979619 236562448
331553432 306095929 988105776 1000000000
691076028 191479662 650919814 735172293
883314801 571053424 751700664 830862089
198050974 17046280 626951999 628732727
262284056 780505140 869987511 880581323
978478981 931868212 368662832 413588979
647672960 336495240 477558317 527373007
802195711 665368818 17026366 24402683
594385194 381570526 193588428 231059876
479220188 117559396 974839613 1000000000
190293604 562907260 116717309 166667137
827640534 398952621 663271896 736915251
840931110 832317181 843033811 851898552
341868842 277817750 544007938 555112738
583374249 482728545 767587351 844870776
481999283 159468751 63357502 82631277
495047715 843631642 404935507 434230338
45437906 510633166 405058803 440262591
32769890 596748479 837684424 921800160
889518359 545339492 308186021 345179470
472747910 423686777 342918965 417489896
975110937 650514957 977107925 977313156
982680306 407372508 446057727 514865644
450518422 559707540 180214776 185387864
424178619 53999604 147277549 169037548
980614308 304201239 931894070 965392311
687348402 904980062 940377898 953883998
588118483 205261335 940392439 1000000000
622480478 185123504 886242661 953674545
216787609 936218178 284795058 313954667
551947354 327704120 391926696 398865544
420174785 391290651 740141174 798722122
103402069 49516982 396003511 443676554
456996513 674455899 284087154 335070695
305005009 562183970 82523042 123088340
259780051 915252557 832846690 888406367
841754823 639808394 360612466 449510515
690468954 161951167 329937016 336236269
145877502 312612287 208891379 235188397
135009741 601934852 948552841 969054909
835432257 188677620 693574701 720710813
896224492 288944188 116016183 159689053
623710622 793638592 397723835 436131416
391819358 34723075 872487720 901962071
431482178 221082909 95681020 123048193
749939228 19198968 159564123 177114770
538231879 565274990 531555004 545956675
132873989 805459924 173434572 204226155
231432732 287672630 5182950 64405286
69037138 413784554 716037678 762134085
533448960 564374219 928822309 971649328
637871286 829451022 162715966 199868351
852152085 881077418 177834994 190822300
667601387 18933662 878147648 928989965
768491834 730947342 360791526 387797986
756980936 78572099 954911244 1000000000
957653014 149419148 469629992 567393216
846424240 81100679 310921320 312330092
458696807 797709027 109523143 183537563
618211837 29045899 794769376 873446307
343270113 454795542 278996410 336408015
636687469 923689279 949274013 965943460
361809797 994025038 844115171 898162105
774682547 466068816 760864247 779916169
331805102 998357104 501045007 578431750
620857338 848618374 402350505 404046907
639193118 704082807 810923806 890838228
212956991 130409122 151773794 157091495
381546730 264423363 472891732 550931829
822497447 401499345 299033908 305146947
322893986 799237451 254141101 337889371
399212061 344183780 492848525 570828349
581250590 144083544 726557387 766280929
860194188 330041738 869866174 891342989
928593940 778182254 807923123 819915823
23023852 322900390 296496134 303477541
607902312 25882942 534644368 541883768
879132921 997220140 519603944 540701990
520483400 851825860 178099975 236325916
60693880 207666863 592601307 687153250
166029881 972963128 524647018 620665597
665263652 959351699 74987395 103490070
397864518 999369335 88961100 166815454
65529914 506919560 636904100 685618559
485230122 162876664 906759253 972797854
692976289 494644110 525418200 571282493
105218502 963799716 748159948 816732585
947160727 47313665 64734313 112693521
774432307 256387893 383738897 463168331
771944546 581985611 397782624 415060836
568660421 480250641 119316515 166022669
815673639 439212012 69826585 83081897
312247742 765923332 420041695 500666359
52051533 954204599 432740529 491312494
423803106 248275994 764449409 800539901
664432400 804884073 778835228 832817728
294174434 559424198 8360319 68866197
225672126 547218074 264754100 301893828
143668241 431160630 338617005 369224118
697270409 271572753 546369881 551793389
560065991 803225397 985319836 1000000000
946377390 814654368 689508956 712572354
508745144 408591975 67731958 109177837
704174424 77638426 373225686 418665707
717308617 465304914 885911977 956225525
287148793 732212928 243162180 253535352
130631561 6396157 519539006 566622568
769024877 962085819 485967597 504728052
236498426 970781586 462933883 558164769
760931622 957908227 642382380 701625962
833256985 151598365 330849695 354601047
676224223 998127378 67911466 133673682
536788649 277754322 961056404 965571850
873709515 437022124 788276465 851210357
326311087 934835049 571899932 591348895
78542190 647919551 904446202 971098457
593924622 644354641 473798673 502683420
435415605 300764485 838452741 890121146
78224987 505142860 53760540 67607189
184987955 708581897 532418248 577047564
667828291 226904882 212377520 218772417
76522685 408388430 160023221 217230045
659791624 535574456 476554339 490428293
279470621 229524285 527221523 575363988
96250100 313516833 39235313 85536204
707660351 157726385 130457034 221432635
861987795 912354985 28549107 98674609
10805511 598822520 209615196 228894219
529390889 452970268 186012267 201401753
951619678 30754394 470676054 540153598
68376796 851742342 274074614 335002354
617913306 465707758 753187070 822413090
988675222 424600417 472314826 551606390
600284686 880387476 385019669 432868525
690817459 777570020 402944604 412234966
369836091 561551635 680039941 762352100
832267960 863395862 539854829 624333736
43286739 305200128 546768289 639549917
51013072 870751279 267163280 294670355
188232568 624216891 228055334 255805549
419061766 790865116 127343438 150576133
46985828 214224765 134266936 226225170
332874275 769085572 277102452 369747487
337954943 24136827 809859910 889061057
396161824 745924099 423413817 486518586
639571944 56312078 50527216 59107308
579912901 875644502 45934999 77347230
151500964 323735961 631439280 636781708
377108370 440784843 841227379 935889485
883862317 270500144 423892485 429640147
274949644 127085381 361906671 449491121
487510496 931386858 867049759 917073041
202558105 84731225 707334736 806800522
94162383 518048305 939179129 954301218
693471752 977192207 666714124 764235002
472415780 682607149 526179131 580443406
128557365 720242536 174085227 257724614
74720081 996925088 116648904 215417916
78409335 174878836 988317203 1000000000
761552566 969103291 61381173 113814095
292530256 858853161 813245339 902929321
192965979 356606988 481686988 568957431
778132273 852266925 927684481 998931160
293336883 370654141 318567174 320565933
687648029 814343726 482675680 551341182
17656398 72892105 224579866 321699089
618445894 407137014 488318202 525490877
193198957 214359489 22882894 58728466
243707307 791445879 749538761 838217530
943252223 718545283 86076924 120890167
877293395 566882581 648122615 660481952
733076071 865251542 343206278 422583853
279177709 243902910 41796874 44285049
168819496 990170462 795321282 838093048
521702634 409990492 126219243 161024799
723436764 12662899 40855329 52854775
275946668 134941221 245039174 275851408
744217468 834864463 413800537 456628208
22594994 451571270 682002148 720298459
617376420 526478437 42710617 120017533
12726595 277840323 966683282 1000000000
129984565 319182168 646083360 738373473
245325035 453269299 897974546 913551549
783967595 368188095 795766727 870264541
601617921 995672705 718349865 770781814
368885002 807068935 94356795 189246134
938368635 405038779 221386242 316655054
942105804 28058279 784548702 882730243
810482762 688131876 453919969 539826553
494528866 449721728 793199318 814370482
274351693 894367856 243538846 321151672
126366401 600808283 113256308 166452748
254738686 436126857 72595248 155703595
212568295 816826699 395013072 469439376
498619011 932446551 167149484 260664907
69043320 102725432 571045071 648019354
951751215 79005401 435241047 458336325
34582164 747037200 87143015 93541546
843615241 168234324 772847272 778684656
372756465 550824174 178586476 203649831
8062627 149996178 404767424 432606002
259935862 761583042 862232512 918708274
416671501 754204334 626239007 673957798
396985294 780768616 876063767 925439498
71253089 662645627 137247009 172295062
24914239 942042022 949106454 1000000000
421389643 639791154 921136708 944136057
434454921 417205327 988494957 1000000000
948447143 526825487 961329434 1000000000
814071778 107151252 723692988 813750386
650250999 364431916 400931411 466622620
646454563 935149409 947091995 1000000000
640606573 533740505 875653214 974951098
496833868 75178993 326365344 380114857
276790873 243439479 638029283 722111906
751237617 207233001 699775620 756610042
120475344 402585015 609124371 638943441
193045732 990281977 770968159 857734482
770259052 623763697 524329832 555705572
944395403 443524162 279492820 293203468
490367391 284499753 601281730 639415658
565270377 409117407 947413784 993259149
408326307 614818179 826159367 839874500
464317025 918767969 261645612 321950209
903287995 17804785 731991869 789757719
147414262 857840588 373745930 411505167
363807794 231998538 40616230 70304796
470644866 424596339 500144898 559853721
408894822 475214481 419206733 474954863
82331259 701960534 590454598 641698683
111104789 703951381 753629572 758200362
726321645 189248908 607082067 658837566
588102940 134201462 194743639 263700671
648431273 75187941 741840536 824714655
32798338 323535812 74975657 113363232
155096348 913532226 943187270 1000000000
511764913 926557326 195110737 274946618
674343247 849531370 890476950 935621466
85461438 235646175 89452697 148578174
950551260 475375892 895968402 990685399
850648344 41534677 561793629 660748880
234206716 213982368 289701118 311180950
327695421 194574669 926520119 994547444
34418207 961820359 726208533 800399490
568075264 967286070 449979418 505406253
536680994 148093510 610511520 663308682
548307607 889352719 447920149 501475076
497541166 956764313 825883381 909488779
553687261 979466010 49891860 145541686
500422666 761211815 259127216 326996035
734152636 823761530 357013879 377576440
870605895 397381189 88564371 140407748
32521313 885890822 391245675 480123434
823580389 567361166 79024525 109013602
806078201 69305243 155569856 208341737
500837696 637467564 429474691 498518971
494866546 985526083 955433358 1000000000
784960587 98501840 983024729 984274947
961930305 350162461 81826966 149583264
270600051 329008590 246960579 335868230
681091688 146366687 302223420 324904827
696799569 580795590 736867632 779901776
518840949 444966944 898576364 996862435
452008204 693362136 436216710 498916517
420199732 995001178 150769178 209035089
128002287 999140975 366954180 457798965
295706164 523628939 8576545 14414141
193802594 127944637 394680203 459065743
974352150 675385919 104264021 184309408
131347173 101448598 852722572 885980434
377663398 482401640 70949951 110867350
367856661 716146097 983351411 1000000000
528100602 844281085 59945242 119108097
496903535 292074107 823341091 828668964
465539199 571190182 870701745 936015159
313334612 469538327 679785818 700806499
796269988 744551658 364140628 386383385
938462218 265316686 337471767 370688785
335059909 158635216 990115709 1000000000
472049972 210952658 333092214 396394240
469962498 19059430 841875544 843775665
956740677 388759759 105698088 117046004
669410663 910509540 50035786 138208449
201638874 123624198 167591146 209537419
426696650 542829502 550296075 606457778
592089157 839438051 493392867 562751266
446416499 424544483 885088475 918664808
196833974 417420548 618839447 669433795
181434385 377959442 754308421 771255795
415447235 529879045 323260011 377520319
544229269 48441005 690850180 700989299
825586226 194609746 21358389 86362310
711868983 398703546 632286348 636015408
152277541 421323449 484810692 522065018
280925460 508242665 95661025 121876848
640524526 387398522 978749403 1000000000
841558857 957829034 76023092 166748047
318614880 155506615 5111101 47305802
868140435 513189906 700908198 705777498
247441836 159528700 993842825 1000000000
517363987 980537117 674225646 757509052
531731832 657912552 443677508 542371945
384099682 611936689 748610779 825848232
837946066 271547189 637065623 660059982
457286114 316814657 118592343 137486646
26230368 945761663 256436798 340369958
638892656 648347142 296551632 309060361
551353207 160573959 172550313 173703808
293568868 584868164 90225311 160584759
629334860 912621264 61989000 63747152
496356405 847621110 150433613 186488075
125797017 167556558 17089848 96233219
135113600 675820606 14345879 101622845
755913278 522838179 612565942 711488469
737792835 374386818 268819195 277642490
502807280 5677264 776646893 810838005
156812818 612555405 830768627 910781224
196777181 956538863 131403506 162824446
406504406 48700238 144443796 242484063
640279867 45469623 547344698 575394996
105615599 851767989 50992083 113130158
230481450 823775227 884564490 930205424
983166121 495627964 264959180 274474714
179722161 947916646 297353024 308898102
37144063 95680059 505756166 545247657
837649458 894010134 454236234 471766187
957494805 586646521 998957952 1000000000
885271398 570258941 731749589 809477697
749375675 423631929 842590711 867888992
943685450 506206975 606685334 675648747
463312875 999478671 637361348 706170628
211771699 705967057 512179701 602153579
710891428 234674655 363818834 461346097
999701497 313056054 58541199 126498438
27823713 130947696 12103777 73701496
857780635 927272386 80328430 112637423
207739433 262751190 633548130 665940535
195081351 612562009 308880478 313250273
171033848 135556135 479216701 487379411
688315374 804235385 730962281 759173735
761629318 984426814 243299046 328822917
581936172 242536305 385538708 463537384
128528196 902900496 375517963 439373315
999504835 12728811 222555376 302519352
924573255 906010804 218268343 246464807
930206275 860697852 157154631 232211911
314288175 885150725 686658559 734608745
904145900 877371091 830168355 878255379
586306448 140393928 705435303 777441209
474534696 213283208 762718389 808904894
998867044 112312407 548375672 586916755
740048957 87131043 189651870 194486381
497787143 928252874 253454045 316660934
851704893 363324365 594850714 639334644
270047625 923850073 480204333 508341782
547496906 709410853 167284622 256218348
214895325 719074719 664683060 744209239
334718904 961405180 751814986 782895016
474768810 782635275 855749572 907622339
390691326 511993546 653325470 750113388
321673622 376999305 667275414 683747408
467073569 405485252 515983837 561527954
204505231 16125972 502379777 565726756
369198531 998214541 30051270 75256849
766187540 753074822 261747319 314189549
603469674 381131745 516504199 610403676
25708154 54081365 483574542 502856234
723542511 130868152 638268301 639483036
234993863 687029228 981523939 1000000000
486025872 225619850 452943875 492128011
576325604 541021496 315831806 358133928
105523117 58302601 274715081 301066964
651012240 917614338 294283028 383951382
419029510 280262937 255048946 284588758
215804483 149340981 172112082 249580945
529041406 660715565 1115382 73609047
638800263 49854641 482017390 510109207
575279806 626472858 25217553 60826375
624050162 819653271 138717235 212840715
195384498 910422921 641759750 692786706
750488931 895762588 440353172 518039764
375525714 219974698 423417801 436957232
396741309 437068079 717423022 743560918
339051203 117445666 961958832 1000000000
798108529 41294774 674590163 770621237
288390592 877218349 231548970 325202964
569990951 187473769 174201747 234061276
574423544 658043350 824409118 885592868
86316100 499361897 112268485 209892337
55482148 381350677 502009394 568327944
254244218 134988298 918985227 989511847
755731202 702228503 400836126 460609452
474216307 62343470 557020557 559254183
866677824 927852719 15420912 17007827
142835787 432311417 442388114 493719491
348648952 138006809 293748539 327861228
748404329 13181318 294964562 332998427
328609384 320939948 911299552 962558607
637377772 979759089 430503939 453533718
123332192 431204439 415376357 478993814
875684281 295327432 779735058 864413747
531340828 866945520 873407639 886120419
330609328 145175087 972263821 1000000000
341121282 38541781 441157095 461189658
80308922 978038098 424606672 465318103
251821199 719107946 357728706 364130699
767652143 801138410 241758157 337516827
34863951 483065485 122476437 185058874
495826767 481124004 199324388 199983666
302535859 867672419 736623047 815882507
559957788 303099267 136442239 206363562
217662148 141147558 463027188 470799398
27410997 9515940 495053998 593692864
266058114 716231335 592818412 643164107
619645270 337609478 808553599 843366693
474884828 512525209 861807030 891275934
952436985 965261321 21184587 50646889
443792634 845968591 859971471 911791879
286845708 984523614 887681255 948955693
25336507 506946907 686657986 772143183
932152606 742339779 688308315 772886135
689593944 730110765 17352507 18766830
93921010 427028050 514929044 612542184
739507903 16745360 457784284 532412830
703477661 661776817 873083749 950985681
233757343 191832140 761609641 794854924
354794700 240474799 546716808 546932569
676577898 957412365 226470527 232842741
885108356 679608003 977258567 1000000000
274721967 919319570 542291188 597397204
140669554 33467392 880109532 957387659
967480552 342595065 849204890 858992183
141710219 194084707 798676760 839170757
81189200 479826459 860706693 959961485
758916683 842145369 215133075 232242037
367810341 488367228 352429640 398803148
340721459 163052932 915448500 1000000000
214689428 90211455 748982855 802960622
206352806 232412116 732700027 774907525
631910556 812468802 836353835 864646905
627802613 35861993 47608494 54608078
676993599 181543475 130394372 187280926
643147992 649570920 475154056 544209416
640878459 256839439 811069644 813830734
511834692 126344626 810535115 895097875
761171215 579744563 776009741 808529518
242896998 934461648 323545413 394473344
482043009 111062011 224033112 260042857
149514370 687176894 47382950 140841334
386315754 485284307 599936291 612158246
760334620 910928824 17690995 69279842
404405317 102553693 159373163 172858738
389587343 427240774 529510805 575257832
933535415 282160023 5454016 54222258
534206351 308504508 866226043 873647562
813230373 754985816 796359114 841181863
566989690 932108590 719037184 757335807
18834999 196207448 912415076 1000000000
309366351 868503210 661532780 712776811
408903149 989125189 251386896 251982247
727179172 323389759 130059101 219904211
947935310 313995109 334178326 398547714
820320251 253890652 916868705 936368072
629327734 392770826 856933310 914897752
810179879 105361309 584678828 606401192
829418587 165614546 557773577 654772854
850637939 428213186 110665071 129603063
424122437 542954327 120565124 138920859
521710255 472663651 286421983 290535194
466020066 906045006 455634633 527654898
335117169 196539732 225284852 266470851
914159653 174280873 455038837 501137833
415567842 264142825 817038245 884529615
321911377 12457453 229129727 313177296
218407958 187386535 220119857 276397041
720740498 359780272 661744178 726562642
134085750 467322271 747358733 795794542
848158569 449884006 122167249 191154272
138730739 719449788 798034084 851414225
207646494 858009130 152726901 173260084
910622569 54652739 631519027 692781263
346493950 221463203 987833672 1000000000
423494453 173079957 184753173 195031707
805443437 300350652 801091519 845799275
349681525 177025629 352002726 373793598
352891112 201449589 222081848 310741533
703722780 166560564 85114294 99976660
553050628 216772905 436530784 511947823
434532434 232739467 952620458 953610500
494920575 77059802 354661589 422316978
409206178 474419050 765997390 834793330
188363919 544559591 370838904 432318109
977039839 903675278 135954802 159203485
486728175 78436208 493155421 546624382
242303078 185869276 631358534 684780411
436998487 470688868 144113932 238792150
110918091 450667946 950672822 1000000000
567969572 736737420 133558354 213331491
138912022 402937552 212536040 297470436
535486867 445631083 925658133 932189573
866354288 115564698 802690855 808469744
27230678 273580871 434564895 510383480
177722683 361019170 328078362 368511130
13891972 132478192 86392587 92841317
593863026 568972150 4785128 28230781
656882354 556467540 26150857 71920024
314796059 225801150 167156798 247381709
918584846 81097880 345604269 421901213
782326548 255960131 477298836 507652544
953124718 237750951 751173582 827985756
792778016 867200661 101216574 130597517
381164507 816116722 478816575 499001047
268395366 407234057 432766850 513320956
43317540 637098262 851863563 907706695
208044328 940014600 247428525 269245438
13958397 113921645 13477912 56178110
703059938 975486070 559982027 580688681
903835981 965220427 107330754 124322891
368820405 612264041 891478189 896443890
169649755 78019597 624936389 684162245
278832469 249007157 544734843 594378374
191932543 442128636 382946946 390767958
689642287 940049434 134363672 200225729
841354431 286734881 108298153 124734212
266302375 301719321 80130313 83499767
586849213 829480160 748025197 763881028
553170826 897182699 818174403 833684380
166696336 485609299 261601209 358216295
480118338 137268120 160499597 205639094
491763729 155709601 632390606 638383345
138191517 80193453 98890236 131838587
410232867 838030092 746440440 816043743
481661511 809506286 507856148 580057065
223011104 692764822 607990295 645478457
258682748 195244415 580604144 589949716
806203707 728862920 494023058 536422014
551858031 223993950 980171200 1000000000
950886106 112300758 668569872 689473736
157202297 502504392 707101342 733857471
76003160 762057381 898782503 952716803
415496324 495064211 88260917 146770119
444125246 752661365 482014863 579853877
834027351 917380573 205324596 246342825
795087242 955291420 468435884 474249059
396239730 839901301 737993914 774285696
828978219 42866763 278160484 373860622
472206415 803052604 962794059 1000000000
791362121 832414592 861418877 902301492
866014321 486664087 340853352 360420304
300045674 631196286 671800058 679651714
48952736 699208006 261097233 292239988
247169738 457690986 652519576 714766371
107194358 998893163 705372990 791518822
783270084 753526018 369257745 371214926
890413379 922328218 809511718 829093044
13914099 595291793 842929635 922708297
528820358 822602181 40526463 55697148
339152257 672154217 26988808 102832455
213934784 433043551 431014564 510110874
874435282 664541383 680969190 779772577
