162 840
576691608 294039838 78115222 135484866
18399307 104602973 607950385 692082941
87214723 813081627 617815092 695204343
979059646 826242956 274374007 293639884
329871593 849139892 93423730 147637333
807767921 978394407 996787396 1000000000
773904001 679725930 280096661 287283365
927105473 409277842 410497281 467749369
709927033 576049390 439136486 461839207
836903774 794108769 779371631 799920800
931102751 574988672 721178072 797946470
666767015 473416729 503941088 505435343
492714648 507230797 211441568 270350608
362974672 692120438 720922320 779201244
684769600 867869212 399863836 486510053
416606245 437133375 83236082 155175810
981492514 854490850 735046423 776724090
847579423 583064250 155485833 194148833
275926125 871844621 325973224 377373937
293291821 877071063 830294542 923576532
294420415 149261473 706467301 747191867
123642311 121724358 627465069 694860378
294571842 670684857 828652586 910659572
920781403 44214534 128729870 209896931
941257734 574649428 614317976 698912890
461481896 970628229 178239728 230050089
364004637 669311687 13582785 53379712
937885177 135971829 901165923 902039833
458233601 242877462 825570465 852994596
804742627 999920236 900323305 996857047
549628209 615395379 46369990 145658672
273121590 760658278 531283969 614210765
408496254 45786483 250859718 304337936
503997949 98085428 850339498 906364600
318842882 134299072 134767323 228320745
647654406 718736503 347347745 399949417
432113717 284987445 246133567 253704658
607519416 287393966 540879298 599322197
685263794 577934641 994869413 1000000000
685295150 895073400 161060563 205417853
618861517 283574432 686622889 689247174
947039433 795814022 157318376 211499358
238557790 649864155 391345981 413272953
538828385 763194478 244437931 263908404
988403521 81386667 493033719 566913024
31099161 813780094 8406060 103791328
252953081 984917924 502497054 530639702
104812272 540397355 319402139 360471214
138351634 618181640 538381791 556525234
193632668 190159457 565432256 622330609
12660892 367039925 58880109 109442362
810498685 120502685 899264356 950000939
975733855 744228667 879348502 904173205
977388803 678211896 857311918 951378714
561020808 433694784 763339212 862955889
835986901 723915775 395512238 452882578
396906511 712584006 407403234 466018511
216720248 185271085 79616607 102804690
574401707 802464082 552793553 604322162
17835029 706928923 5599984 81923585
340268646 957988190 419812908 487253597
248237180 275596625 187234253 250696395
289201511 31837605 865428944 936072922
312385619 14598208 396218165 475821741
969757487 714291521 351510061 382544629
542116241 492350510 888848523 910927129
475986105 289740726 446423218 536980389
847301198 795829028 913861055 996340213
742320995 985219570 469576649 525781453
177609480 146487537 486154041 513504566
524763176 729088577 842312989 927641946
322019941 762356393 236122423 243035087
744050486 6058989 571089387 619012831
536559875 886586576 486529091 489545433
12207899 633162778 172028804 187415060
924743910 367949343 353687228 358059343
948584337 905458458 822430944 873063968
738952524 392400108 448306775 488910677
710699794 127369198 265876107 337953036
209346683 667694821 476474159 560053510
864839448 545698599 61648726 137202639
801195355 258701794 966742838 990123135
9419557 220207206 995285373 1000000000
17966907 590017779 835055951 898658325
995228245 615175294 970605633 1000000000
428063328 761629698 207169881 235510516
675095436 60343425 476023223 569926459
641656182 798197038 735476689 798129085
765520721 46774307 743135241 822675693
356339482 324705636 434101730 533663328
584596601 105284866 627334394 674532316
676012528 550530178 883451617 904667945
66956654 148157002 58421993 87301433
682962219 207038031 503249490 535359015
712503482 401543706 342273323 417654862
610517284 369187862 347300560 378335311
100474709 52198628 725099654 804747156
32229827 339926286 762890646 765437626
749519071 716339609 584869443 587778310
239490626 462915511 534670116 600129672
359243576 679397875 42805828 67123652
650969886 108652516 427620981 493667266
357759746 316633061 958244175 990229443
565686508 563025108 746548574 840118439
550463422 670433851 127300023 211196048
41216663 462844063 781023952 861451389
599926074 507210621 383296834 393672197
317739432 227743101 848213579 923889720
514147718 320903703 418336242 490395444
812594053 77038212 60953832 75563341
889708015 667418922 179240536 262231242
137658778 399278107 441448686 540300961
679739283 176189120 444734128 493759755
94572103 952574467 801614501 819885103
563749645 255700639 881675637 917969390
901662531 299659303 881282341 967006481
12600525 74998349 367260754 434152705
117949157 862338000 343348191 406755644
911787208 979334680 368026390 386407544
146809284 125846331 835942866 837928196
600008241 681066741 888629948 961622842
925730842 517369322 622597925 679201625
501258500 662126232 310480233 317561565
942958691 995883219 984588818 1000000000
650309074 63115837 74772855 111358735
171915125 534514902 512932871 551119755
56746497 229869851 879739744 911431132
978030652 161757408 441395999 482960561
463008941 578942053 969096376 988650056
300017059 407847104 857343172 901296303
231021103 165710079 938912162 943944281
935060238 39759585 570416212 623366351
180369562 761585585 42349462 55097405
337540240 168002239 127719403 149075947
884446262 700135437 775210671 834252716
462367772 948912231 979171828 1000000000
794870046 679060618 432285022 529665944
966924671 991110770 321962131 342452198
98233170 288951221 516954127 580592846
507159426 510814877 402954521 497845517
814158618 497405564 861753860 891174322
536669719 73022767 895956668 940117564
291227048 161780654 660074232 746484004
919877618 763168955 533668158 613165880
398960418 902909622 411919825 451970447
859813967 493534190 257298748 278815241
728980350 428559111 221008653 271246467
146241630 808381497 524188490 529307757
273512939 407847026 777908754 852444167
502749058 92192965 449367557 495394612
135794173 26998210 181838947 213421511
701617735 489385555 497001024 505039748
115976953 923404219 452403374 508972422
156764055 78720963 20843923 65747085
806502863 869003326 31611879 123788572
476820761 968233420 792533330 870343642
363397032 907903996 344757786 426399378
426520712 536137670 722346623 822319579
950767357 952010215 44913309 93075971
149137586 5578501 906708744 908882305
247842527 419557241 371715804 394118573
442416497 325046034 507192216 592024352
659913486 399445981 184155141 242924027
991339826 720622377 417167001 426314139
101481376 254981065 333878652 396763752
108020988 381835370 77689499 170038868
330421385 269409687 568367171 638353539
987461759 758770715 917267515 981945101
462327440 38478896 163461680 254348258
974792272 510268024 766753549 844044745
879014424 407667279 573728650 585382134
724011719 218819299 662317512 709854101
43509309 404185619 322724014 327247905
594869505 524953704 815850382 898292885
653534984 764391393 113920211 148404832
807518908 686503297 887212062 945865694
817984767 636056940 181356804 201518422
488990098 165849393 926316679 953545326
448094803 630454752 853204737 875717176
256425736 690337480 282266588 289905023
118041353 13641161 814125732 889488573
475442616 271471602 794191996 875763693
294441286 953835254 109034899 154828652
322215742 815918769 79784590 99589938
898850220 288217507 563150490 573306864
820719724 567736582 777869351 810905532
658470915 444382650 750255787 826821928
609786659 973816374 912486756 972302656
635215840 481946382 678104419 681778547
962394385 461748004 351938719 371430666
310369427 448634073 842076342 917853717
139792460 84636010 51694728 137410038
308265262 661403513 60693656 83004920
630842184 974967219 376575061 416632545
417013787 304533957 292833592 362291855
424038517 630798548 53157707 85161781
355544509 395516195 155128723 237323558
410355051 102071737 130230375 138447451
449235285 949594739 570603966 634481298
114788595 453682050 411242339 508637616
912744885 421051692 696203970 772365059
142948174 939214312 640232534 707076717
649796746 352411905 879993921 905723351
132671559 558069371 682752896 683106427
469953766 933459819 338897692 369557253
267360591 873161562 998097291 1000000000
677278618 728057529 80167412 149842436
974311171 679736432 22722504 78733741
171447789 720735184 445387590 534312909
138787508 491798016 333367219 356458647
956367862 153640356 333393363 411670419
960585541 725658359 432671673 506467623
161150783 21909684 985198802 1000000000
494427420 691700756 978203558 981633604
434395196 728845518 326797363 403771689
36040622 647139608 643962007 661910750
18166881 218009594 419127738 450925527
535210673 934894342 908591728 932227043
111313165 958878454 383404469 440719360
597825147 448574802 436032507 490956475
575276513 108948555 831437126 836379375
627158092 507008985 707529876 763206136
528289705 288524863 485252716 579870764
399162770 546439988 262613114 304541924
337876619 34031914 579743495 654226674
797108983 737241137 486070673 546126803
658856849 346496522 985936483 1000000000
628824877 280077999 509621055 511508845
567194168 811189862 955016802 966888065
468374535 27826777 232337029 275699299
271025906 328640353 705814181 720876182
754893515 612498965 754197852 828020702
345996367 464020736 329135893 352946354
37682813 448526281 509678457 539048376
592811244 674719623 553630627 584292450
54625536 526447373 342648215 429409358
575853309 55469290 383719511 408975539
453351462 848730489 15524608 18576206
347419750 9226660 390112821 443530236
956831421 54118668 429676868 480909054
322041247 743245779 640713414 680588034
974917553 409936324 184919424 212757484
960678256 49715859 757073855 808600419
680739455 904217116 173317718 242550450
38180553 908039274 550861344 567548463
373666412 862801085 982029259 1000000000
499611458 131732130 662602342 754276845
561874606 916273929 846713273 924458888
378033123 254195221 770675596 829586085
608685861 482074628 365121292 398813028
344648443 631591617 784659601 799343725
826748149 726728412 856907138 910065411
370096833 353790833 60924355 88956554
129269145 444250531 354091845 404271979
725768000 673562326 274330431 333161275
398068213 129080600 100128984 159516314
804054940 661950008 412016157 429083269
205055654 896476901 134133711 168687621
640342447 580565932 4655309 18009033
745461812 578292095 745341168 797310218
795216043 187683716 909580933 979999310
922070900 761837292 791169639 876909765
17213514 289231028 325731310 400942991
851067082 624210099 862834234 954291121
220762053 164737092 492831354 513773405
74197137 800841170 204454073 303256909
526175986 486702188 588549734 682404423
791891287 603404786 193483211 213930094
52223523 373094433 539923651 634481695
860579288 52061275 560094708 594611103
285299947 848130358 168037210 195831776
443389922 877616243 666108972 677746530
446652686 854461649 641623009 714434539
631490115 60373703 408125791 471832274
654008069 681622131 990661566 1000000000
7550721 701811064 147471145 153745899
228224097 316781661 707638918 743452081
541614041 648252366 499564624 576554246
853742310 331002628 325475996 333676830
775279164 381714546 814468873 831274785
177313391 435036427 500275727 575455149
986670763 482799615 966459452 1000000000
961860533 379796093 77191870 139487924
922862482 549597215 154078701 252740914
99628762 289555246 768070475 832979068
221104039 215427953 589090439 639445933
32827548 88040448 926234026 947925156
98744595 495938744 665090347 701801206
905720025 98874414 833962858 874147402
869544396 166519417 90059128 140794487
558244259 369521994 24613899 85443493
46085926 708962902 604210236 632014911
897581669 817769086 990835174 1000000000
586815630 989370869 693137338 774335894
845650353 906375226 800459176 877604273
534017554 486846090 174331907 213874292
18841980 619147765 196906269 271436673
555405003 787869323 490336556 550985344
463939710 696370678 54763434 57022026
451365067 881976980 654356094 736015546
443974147 50805338 831871193 909936572
958775393 5975578 481833886 491065303
255156408 712375301 956271610 1000000000
998908695 540586678 259449885 355619823
706542587 141018632 258977449 287807550
396030951 153433406 57594452 154308717
637900101 874843579 515284965 558061585
337836324 260536000 485086924 562489220
856564336 142538420 545091293 574940482
875755251 252848850 379211258 434338593
894093892 245553319 809200527 856185249
538621232 96856422 938820752 972931588
248224473 712074273 177976787 243282411
167713860 300258793 4382817 103644098
40953631 430390504 477301358 488543389
264451599 897418998 62121173 128274934
608138694 243846691 442407922 519275725
600205565 942434967 21834816 46244582
921887274 810895511 120158181 202816833
77997350 771027317 371622912 430258831
840448074 389520468 133472553 207867281
243391338 802327670 999325514 1000000000
490059456 112202910 795574828 804671360
584519031 393779647 631797559 683336875
378660031 991503770 842407335 894156681
721869352 915370896 110385687 161414388
825537950 973319831 90700617 102195076
837611787 511272830 526353314 615240401
492391185 70533956 848982934 860833264
890120280 782198617 626648872 677955766
324887431 783079497 993837837 1000000000
450451135 97925444 711748638 797050914
367853733 744632391 673231093 715559580
208827283 696196993 91249526 189771749
136429749 259156217 853498745 926978430
828026442 938420544 33898356 83716121
578336394 376381998 811842632 853807809
80917707 488290693 726810232 813984736
852431030 319974468 604946299 645750205
869253557 266013100 319672514 378354649
8114256 836703564 882075842 928634018
242849973 969065351 975819077 1000000000
507949876 594224790 159852167 173330519
411913753 43045172 465646137 560583752
150337774 810419621 494861432 518083853
518235339 392162948 536489330 543376057
742375223 845110019 126475064 224124878
618791287 832070534 538980201 623230301
374673421 32037089 611879337 647243035
466878462 416738453 930750942 970354981
379383778 919623508 610648050 652300285
660099049 424224434 547309433 579272547
710398282 63979762 481317389 484360822
403745935 474608799 638746102 663205331
412039277 570815211 586536483 664502936
989435458 282878381 615333156 623519025
644507721 458042505 981066637 1000000000
314930515 414640695 855225187 904212859
114879275 275395978 843482320 890555437
732881359 896666192 151768561 156051511
496956987 551746277 792315426 804345839
269055334 50155579 106513042 193737483
42028834 224032382 679206101 736591822
273665775 640848066 568584384 614185391
797658363 612128898 677097934 703658239
253946395 907008547 914140086 952439826
461498886 601253751 603536573 633775630
457026928 689799901 265800307 337275353
356683767 183574157 816541301 859748458
991073154 929477317 791089034 843289708
690253885 453035774 82889093 159231406
47764242 281708025 423795742 441508027
509750882 428202071 814681164 867968353
257037866 43198090 841003586 841190549
654257025 557015296 569742845 587321021
524208687 762180200 60526084 105632180
671738237 993249198 453106556 487179129
76756769 265724042 19354733 70329125
994218094 814656810 864661269 962349455
760103281 698420581 69722713 104387874
464854589 865768861 617549673 664595729
390195775 219072923 386932364 399211523
207272038 981895287 43597637 62298400
441003373 671930758 92489788 152877628
388364219 898372173 46739556 82454134
590393439 598270286 838744143 937229890
723662977 516228257 476580084 567001304
405189802 434637403 606860052 657474759
455859683 345569822 23078010 121748423
471920474 362353360 896228932 918655321
132598410 197415169 581257921 614818568
299709990 21309242 298862163 327665366
242874471 18705941 849752574 919017322
783579036 901383367 182016300 211009133
65834302 936197344 470496177 543233398
743197197 195388337 586220201 624244495
649890699 282763600 679238425 769738109
965207323 986412847 409134062 447678288
614901191 28528569 725092007 727215103
367314460 259957037 768019041 835019574
800567821 126596045 629613515 660085253
90235091 788039600 88750131 132215850
934040715 868017390 416616467 454200832
433260438 411291020 864218098 951587251
637050833 621387572 817873008 841177079
580950905 102713904 878558049 930868455
248624149 874048877 252749203 300892865
652844227 404843083 92488300 177967902
635620350 273498690 590147086 602702623
806621194 712761809 855767453 862228820
953837840 827287629 512122068 600323945
80908026 334895366 309995794 382100281
64656670 129235722 758869331 858311854
695277276 430888228 716883751 737841886
655849717 695161724 974415486 1000000000
291259861 203583797 99168963 190352112
718176489 978126649 566859948 648371058
531560572 826980265 498720426 540137612
148969469 603616116 423587781 446643280
870928737 471396043 574750893 644885039
871403236 888376879 617447670 673044326
489681655 579516953 181768428 269209485
286345411 590308291 809936894 836521109
743494870 948050681 487004394 490698874
663415487 209324042 679728852 682663956
823963656 596769659 905831332 913202943
836958848 312676811 504248995 548041079
803874 315389722 540625838 559403081
955398352 371732914 976194996 1000000000
606090064 867480037 686599397 761235646
208259675 723841068 388163464 483805415
534311762 477306134 728693816 810025807
56354368 476538824 822137088 871601388
651652886 853187816 297935825 362788043
322680912 396588744 106650070 194874171
390488582 491542742 654249742 677283236
787031370 978079956 525794256 536881092
649952313 699947403 818489168 828189772
151489386 258793669 486631740 565799269
259503260 770298873 446399923 536153640
127621413 620558133 31491745 118797662
755583521 878698444 57791266 86349858
618142576 4840543 513842731 571738761
837000327 79173911 718938517 762809776
17771544 455794727 854303579 876820383
402443800 381652741 583171665 635669065
667072458 4748044 687539951 696309009
123675861 535538716 543117678 626758827
955994584 155958237 331230063 417758255
485385978 495231399 869744562 941415885
984493992 611049192 318092871 324638603
812348715 57671357 902107948 933394054
7797130 927184078 749133605 835828925
907053179 796611787 910672059 958914044
812278577 205100261 17972889 22528038
373926332 959950187 840480208 841767878
130819412 315396862 588755303 591610669
735257819 10457886 409716198 491387085
100509577 300128352 446167373 452889911
261572901 43616085 766856037 823038443
701803473 57254775 28906086 43036799
204802628 687814133 631055131 724670906
354958271 101197948 505480394 575767913
557700725 876670505 270635301 369554959
865917576 953917101 588735260 596787721
379664057 861655852 794987980 805693911
673285364 355229401 855949961 867496495
60691214 514429339 683351847 761415437
458613926 603294989 690317798 772369715
150684800 553573384 401281550 428958591
70570767 921114241 733217691 793803513
935237791 771312176 702977255 768456112
92895689 399545095 234481371 321169307
53021195 872675316 588854640 617573078
689254399 497043565 678722298 708559170
713817867 648204818 995750270 1000000000
746152828 714128257 90135524 118332329
742433618 941783831 684981052 759886271
685509597 813784822 227755905 274538163
226269690 881672542 792818684 862295914
179983347 931804555 757042375 759269970
275695476 487872530 605883747 657149086
252652704 117192825 798281095 813343967
197024415 614975000 850022355 880040272
421544484 716525732 975656738 1000000000
432664696 469572517 279117788 285857293
780801376 890272349 458041726 513593056
161422901 807012516 36966541 131599880
756983679 560793004 513210244 558947749
231759891 343607940 850809635 946441766
715227551 841516524 190268055 216720112
14173020 196117760 264489580 290037553
186297663 568071780 166244594 224579855
602134078 995297550 800399682 881279450
614042404 845594021 943123703 962209358
29487404 873403603 941337264 1000000000
9185234 729911169 24753782 73210656
389777453 390911496 507489082 571042954
519891543 156326481 272580591 369808072
483384337 54269969 327294700 397514077
467891988 535142538 979236862 1000000000
152187001 789259795 492938510 533785683
698146790 829415762 120283803 159171068
405861324 527811065 344822219 372273198
487813749 121362997 378762337 450137452
133682317 824859283 71287531 113747840
892148622 628118034 960199745 993407892
185450783 169072248 978762776 995839411
861821390 814561134 34910215 43613136
265954335 390865652 397402124 469868848
128573958 792188083 109443653 157515755
262873967 284617103 694249464 745522609
100997838 934101978 814714657 858634714
332994559 93835861 651318277 668578407
960984276 918878217 371806936 452498596
208657340 354668606 958203558 1000000000
556140169 14269500 814160315 815253235
180084583 908256870 717730748 724644984
898865303 114383767 304012177 395709169
656572686 788679461 440782460 486741354
144099590 962241823 572747107 580984287
502445985 914208611 585125284 656065106
265649742 674795923 139263147 184279663
876712717 215348201 411097942 474300102
70021933 821325472 942580130 988378532
554144960 525768909 555989558 565476083
314070448 225484917 123476351 159718823
58477425 127249897 854212292 931548920
561706390 695098240 578797325 639187312
820243104 220802350 976055286 1000000000
6980231 354193816 418445389 439786160
265976782 718180121 718386333 773007238
400316951 842223453 281885335 317752182
956592902 601973445 912319847 986483272
624658788 866869847 339091791 409422525
994697522 261426417 664080145 737307267
854307490 157054709 66064970 110643341
616331048 494780898 643526086 711400403
161920690 80662906 854979967 898402764
323408030 825028587 977563223 1000000000
658870387 564040462 832006388 884135525
220306004 434686078 853479396 949397794
219507592 262015790 920026420 955002385
51837482 985531111 887949629 980261758
620028127 439079136 102939884 163393207
609483353 138833816 183631920 220276523
720051354 459446144 757793437 843083384
725910125 363748149 245324344 315277297
335723951 686452044 845029000 873874376
999547332 754750658 842486956 847773104
739277460 508371573 968985887 1000000000
766862343 32040659 48934509 102345884
256086247 706306716 21999343 75113006
927829160 830629449 133894711 195629856
340449875 329971763 866439334 906285851
560411790 851412547 638365283 651584739
85994433 442310334 421810762 471780584
942932690 856494443 537099603 543814526
176936917 278671102 431272992 509732472
95439189 425139348 17345757 49907649
846691692 474073122 109459437 159000640
90515140 37412922 232332179 283962706
794684153 13231803 674806842 751046782
151292670 165490668 869485462 938920250
317257776 13428086 292989638 303661410
869077375 621443584 23622017 61150621
229118405 729969543 780425940 856240056
504124207 77618035 457052 73254874
307477093 678711279 91717446 128274710
525213286 934395594 65297328 160494411
711924049 404311909 791049935 845240754
259997847 968221006 606470403 653483400
716796776 781531227 217273661 300761147
741209203 479811176 519347067 566588432
851335683 732907636 213590589 293172224
583817175 383922663 313727715 397434900
555932873 273934948 984880240 1000000000
668387602 680326126 462373763 537435517
382467859 869100374 442194776 504449765
462351808 491127378 704426751 707561918
991856155 36569317 322794150 404005506
831865122 385223398 112259720 193870372
925914056 675577782 638697794 675747950
609111119 974280329 383485727 407659242
127547682 603448767 599400390 605435535
756709767 391293689 8813457 61832600
71918218 904289356 986877537 1000000000
787254811 477452065 472427503 488308173
538800521 819703309 573620654 647537341
705814919 337427656 768250289 848259714
670458528 321348762 478008135 514668948
568482429 794182321 307330751 376902873
632971630 554326201 236987838 240398710
925135674 95216525 98039275 165003893
633004631 415199264 545801939 554602835
763520467 834157741 504985771 550766936
678709965 567144010 526460216 620506842
410303513 989970700 71991853 86760934
876977476 450726144 335891448 401119386
535426014 32274099 689289258 757675691
697513158 374180062 26152480 108545702
382901068 689152491 644580169 716240365
153979666 563227434 226628405 324858148
435482262 418271544 385785605 454802741
699746868 166569692 229299050 323756114
770545589 977856279 346541074 375751598
624015228 617309323 943463139 954975021
867544758 623146182 87003958 89757337
467125158 892179228 595719468 666614576
715517747 667641373 343902736 404359622
560389456 355114887 784346985 825897579
251302077 795299737 9988781 26306211
936964791 151937436 330489039 355829739
758495727 608458371 133911950 190983000
524626270 178884259 309904719 364163995
260428899 375183234 945852983 949882993
748464013 837493165 96037395 110411017
767139469 375203332 511822601 523370434
479743635 827090605 124541944 181579782
928376552 307006626 192226501 244315718
231023803 22000712 63082515 72604773
671361898 459140638 681044561 695497771
587049735 824313812 890391085 905203714
984031086 990725827 696981851 729400608
171684847 207712842 666134645 752736786
972707955 324781466 996887535 1000000000
194680548 334718711 245701929 327349214
871815432 907124683 905023465 924587149
807739539 843869163 580837471 636006684
960619068 508092944 867987296 898206834
274939066 714340067 912243752 958078677
783954090 867155578 947682861 1000000000
329671484 279656198 720202076 734084122
723227079 416873533 90714956 189170937
551493981 542391248 719328557 747581006
281506135 901899215 583770074 625895398
418749808 589778106 10150050 60029364
389302623 226925922 809503495 856563436
585010342 7008156 499951985 589861115
935001918 858990262 176532261 258251091
920303348 93676143 352984701 378769437
63121143 163012828 541142273 584679467
39332172 971918215 332673079 382737892
175599274 995992274 639328386 691095098
772133693 573414569 533678204 571454135
471067581 11027814 228348375 233682467
22488786 628781779 99932854 111073160
247950798 8213900 82228621 126361873
838431634 166822190 937220825 996847269
547818104 161205211 628341931 712695760
932304629 47809701 795535585 799067968
693677130 388023628 90114922 112928087
190543671 534768714 830238772 919792019
276808948 967816912 54064304 72100763
225169163 483077168 537313690 583839049
255308607 536761295 532749517 582159615
245100964 709932080 840683127 865710724
620596572 639659651 193022296 195118056
69702608 77586386 772058220 780635356
757201423 875895156 802063282 862430093
897549087 491717412 302619323 333343421
662794828 517157641 547295991 610195955
796139669 219443715 189913598 208064979
417331233 976798743 669540790 758949070
850523660 508030790 369601592 426059934
837113572 157523052 58600528 141696372
198296465 430501919 140959789 235407636
358647140 927742455 849386955 857903891
667036962 366262327 473862623 475443652
703632956 29833072 680527700 737112235
238557628 813944639 982995628 1000000000
940928322 86952628 972751777 1000000000
946592261 42353903 161827420 168261035
953840617 184766443 570165908 668781776
759154244 615885996 491846331 494212822
779608146 8163952 441950774 464209078
352025886 693359357 348627374 410616252
123191502 775327107 435908005 472194627
78237765 385056692 706171828 738196262
259414562 423205804 131117173 137558670
937995363 414284807 859777140 940366282
621331007 164381909 213549740 240303087
129408588 719246202 815116173 825880291
382273104 586350105 878508415 913930156
671629596 29968577 187900214 270155706
760838120 487982153 421615998 470151324
739101183 210445375 320038323 342528375
812410107 943374509 872532618 915068909
713420680 891668976 818245677 878919625
272871137 809935951 202620295 268407699
706470115 85524369 199869837 236450662
323249619 191728523 577958462 612922134
654544412 247785678 725956537 749636228
111179794 664492287 766788592 860808486
666346095 249597100 212023030 219025631
898986080 530869775 330184144 372265306
823989204 369205255 748835695 749936195
890659148 206859268 440054603 536649238
987580596 690939686 309163265 311714649
421892903 974902780 451427026 516437838
65803369 304252512 857980692 918552944
935559818 150090181 105962757 107325748
838176758 556391694 509726649 558808548
841174046 151458549 234407321 269798931
666906364 32616330 415407149 476701876
722207272 13776793 93725542 168622806
279167467 364003503 504296446 513148107
827260984 864475716 796083092 812224600
288276929 258801102 33951498 61101279
258262533 618870731 910640250 966326783
791646973 453095238 126490982 149157611
570174349 645398537 891226537 917537222
223901088 561021409 767364039 769991330
304527559 182628138 955466660 975621683
298732184 879381222 779192174 820292412
343586177 184560862 275010824 369710696
111639455 633662242 467783599 544593828
310929264 156778994 288507720 306480928
233166482 525023118 979535213 1000000000
169433838 669026092 246516745 281740748
776534109 501497252 603499093 626889744
938611629 473009744 385879169 388578924
784646353 571488820 964726134 972166260
258023028 359161152 835479685 908535067
295959420 494667993 776257924 864079325
306672353 368435302 93857758 115788561
212140896 79887776 791876601 802856485
145321862 237792101 80125371 153866463
738147929 924134547 574412884 602095556
32201016 544183098 415226844 459752362
630544838 741126170 250186333 348853115
935251938 863850879 637055513 677979638
911349394 768799997 410656794 424516481
648133797 178258543 994018405 1000000000
217613074 382469882 698892240 728167694
357912075 34103108 592872836 636992864
729685844 334512883 596917839 637364068
58654982 621393874 830804405 905841647
900224322 200190912 359168600 398048381
904017928 736203870 527464599 552120187
796794616 768055086 410345802 418352987
254629222 643667935 422575825 433627707
295463047 710389824 569108723 653958236
213747156 698195483 306767759 329416556
784636153 626678641 561429862 648757329
371219497 686764850 642743792 732563410
468938167 157947822 673802050 738399800
565777049 791089111 96304795 156652738
883196704 581742369 906759882 922299655
477694498 771761677 162662847 197514198
304508871 392800033 696762157 719605577
217025716 521204944 913029486 964234947
611387315 134312768 12977245 97914494
603446507 745875593 567195933 601932602
979991457 987507155 324255246 401473655
664619087 167902940 963270872 967799250
883361098 651195376 961616097 1000000000
923721004 869219525 741387753 797620547
392491429 137625670 25942710 103096072
378788260 646532270 484414829 544597785
973696702 252461922 472156955 502265164
843386557 892197961 452106781 541837354
80675469 631467969 185090958 256653050
816402117 738965931 978064909 1000000000
17369350 769793533 257828903 339707413
791818429 657022035 348936684 388932911
715508724 915247220 115614142 130888197
734961018 520179880 753237459 757105012
459043306 36657153 788213999 804181333
438014689 581540358 287242880 306512128
193861981 429121874 464667226 545794227
57017852 401300870 248136419 308096072
711727203 577570181 86921018 93900969
160743051 937378746 7233673 99703254
597553597 285746442 154184246 158839212
250840731 375112907 800257781 819790476
81488414 504344290 890316152 933808945
864567812 893514846 189686273 244615190
316058522 943152423 747102032 767225813
895854730 342008639 748845536 764452469
724619090 866765680 962919888 972679244
204323906 977763341 174990246 181121927
261096660 336770026 276959219 347401605
842877722 414878896 158578959 161492747
100436017 228254519 437409367 527202460
679239919 531491250 473238461 517112106
738323950 384996108 736758806 832729409
60491601 411119121 641635992 737888440
589629404 510276787 527315648 609745236
252389320 896323704 716967281 773428427
465570063 741112163 329973162 426385533
581384183 121421066 895190748 944585587
118903870 739338923 816927513 897654086
74574528 246858640 410750790 465117360
808007966 231322334 391761490 458478692
651216026 163400710 209896294 272583720
853166272 864577688 198733334 261744821
842174310 628470178 86347423 119435738
305600678 874088382 289474670 314545476
597868922 432063984 609758340 674449947
571190753 568180706 16027823 102058282
280357335 854405730 916739837 934644165
803415951 418700559 456530303 499132523
830615212 393391921 492171573 549214807
977757035 758937268 357254275 402870198
66493981 701738358 508552487 517585260
747167700 188019586 74991886 159755181
866864763 136977759 461491549 541434760
544279415 96281891 802852101 805211911
976738128 863470255 534712034 580028934
523071260 120422654 796211150 804767593
474218784 445667809 407277185 422169055
535073513 764436112 115584278 200024034
486597907 32297187 512872609 598957798
115161324 391588384 919082435 973473418
210244598 859222861 522002099 594537795
792030615 266437307 302146865 314491384
207933768 635447233 754044577 815028264
649510445 659911939 375008486 438280025
374199603 860494720 169657197 180051755
814079021 911452246 730408695 779549507
779180166 322893285 573806584 661876372
568667898 691942855 807131650 861293980
870095209 960417897 679793496 767513911
246219126 657874655 192964474 243662021
374170698 918027455 753138611 817291085
200148718 747016238 8559617 19218474
718017281 73160664 66607212 108934056
544509144 533108210 585940679 605426231
461759249 262768206 879322136 897420574
335719091 570914037 866979072 888305619
916906997 198509415 297547310 323976049
680101796 647631051 23390198 35158917
488898117 866148144 929582196 1000000000
492640998 371259336 870149830 945567191
133122293 329866473 131925519 134842974
303145066 173601895 521913541 543431924
360588645 352866518 398758439 474943644
460711147 996208670 398927413 453420834
920153909 756379186 781825822 802210539
