63 246
868449519 436883046 984668093 1000000000
773793960 498276698 704430263 716206482
260863802 377844470 777868395 791698741
475636512 587928883 101912468 194108791
162017272 800564774 885197889 890883144
496532211 517103390 292079744 356990016
818648260 3247624 170636713 202375265
27637236 545012976 355048098 365258039
932912681 297963007 55429838 150884688
275886218 541114035 102193858 144259546
729223907 140065400 557683379 605640035
127239106 422741857 333080355 425197302
130070026 248861060 196904970 197019497
855626643 549653342 491781085 557948756
957936162 409458055 145678542 175361681
153031462 265406383 356940543 407932425
246349231 288914096 739906413 813117256
666057672 133069347 647757159 694567732
631726813 950078542 956877328 967546936
362179782 587542304 935459189 974971430
251222672 883638717 460738855 550680228
828724835 607974149 461192560 558706214
674503067 807736951 268471214 339130514
832764162 930937274 179220252 185404557
639887571 720075621 252840822 271154293
599549381 324662338 108406644 110876007
846090784 36823370 854835966 909130885
751446993 366118132 342642254 415113012
532496200 181177964 701712863 728607838
720187864 373604406 778481226 801911733
532366668 260145594 587247022 638426924
550724159 711504670 373167581 442263537
285130611 766707998 175389786 236634676
668864863 764540278 53427053 114003880
311138367 558783952 424926369 494357634
66216656 522366937 259947241 289853217
431732988 80751166 460831821 505007511
44368872 421288793 508227138 550078884
204011251 700821982 994463515 1000000000
583898683 764239028 745630807 750636272
422704345 933362965 362567133 412293167
867191612 88893914 926090410 932686777
977191765 355344393 626913784 683872138
429916399 25935371 46653132 132094109
800260127 603638879 605145128 653566357
809506819 531383116 867566334 953801817
119671885 564068894 549129344 610984114
373378372 933899320 191456582 204191036
99871586 624053967 927512661 957014853
872645575 709741141 585143838 641920884
321380331 864686031 714687437 747914380
530690858 490218380 377260790 415768555
384366148 737156488 264427620 319462377
793973311 497470338 699353847 786488361
127176076 430146197 170583521 257175315
66940291 123795125 355457009 379782953
227196137 8200467 795382274 809209898
23790755 139370450 735787317 818409155
819306879 567946441 903350888 974961142
20022388 412462136 76508840 84735176
692058813 284615106 862773495 895193216
74854725 274003266 867910246 940139373
549816456 642753214 807494391 887255510
246318502 700786366 196060140 275226340
385180235 231908272 655813080 690512486
470830437 467233611 652340134 748401830
169561337 921984659 884079868 974909438
516364688 307972102 965396050 1000000000
334975438 231583065 728260516 781856580
207196077 18250070 940355820 979185171
559555980 838141715 728563345 793446163
394117281 622127968 634097711 722029825
812846938 553559617 528733314 537299033
417291029 532279908 426245046 484696372
523196692 485645801 360748599 400531420
48345979 941930458 487286827 498890804
325205401 737137274 525600502 608446902
931709255 337857080 301618926 315244320
240496402 170512783 603570208 615204451
228708053 47073273 77208029 139074950
442052024 346075575 175305770 232924542
870350083 694964237 953834951 989399931
707989095 211481239 350512165 351480283
845914654 558424245 773973866 871238139
677915798 583786309 744139517 825612137
923115335 171548724 826246970 898742363
82994471 10645008 166575724 193764872
87436186 593695416 259907031 305646193
9933813 704067575 682793023 742697378
74777821 287366911 562618764 591797489
852344828 77566401 347376578 370398742
336240226 684292479 573278680 651413561
694427109 716859653 398783882 423047988
782750563 814608392 733430789 789701874
473288043 314083186 631797922 723155580
891852178 487318731 88677125 156326992
536534671 993240560 631270595 651827712
791436715 722580485 46188633 68827433
718430273 474439807 746175827 803391207
530205318 259099408 187362156 245842819
761429500 2386827 253857485 276087741
222948324 423544291 610433231 651145646
973463782 24082410 647479956 729871244
535007416 566569663 664929283 717985134
357507017 413410729 852548241 908474160
47453332 4522945 336172466 357637562
377770785 183470224 531782324 609582848
403817808 741247746 17264462 74203071
791561967 463804208 543597150 583996963
478446626 65774494 799138704 859583971
112536748 417806268 351686885 370779630
108691156 123445834 322954910 412366722
43193284 591832534 925312241 1000000000
682304661 846377541 962713087 1000000000
546496245 512138180 948466885 1000000000
531290230 785752428 406565832 454657069
820389078 288046524 808807546 822611001
836344660 513915614 322594938 390333672
55130971 433830814 816695067 890750769
205114292 566917348 435630683 447340478
887261499 862906908 62557800 63431432
454902842 941805752 502600161 523876635
305637931 269005628 294353784 310209896
445703217 199176922 425249913 500945523
784100413 678655815 699360046 747219366
467477531 969174488 576427300 606666582
810449970 17304880 632223281 676179318
318003975 590969669 973659396 1000000000
168156024 964571348 275423210 291181283
139230114 401372594 135368335 192896968
997131023 728052197 593034785 593541977
852121917 635594412 8911116 71386943
112787773 414795004 402881129 434910711
327598405 832519985 722142867 761415503
650705773 595072216 620146233 706630633
697345441 20984308 744517227 758462469
588338157 382583250 40763605 54640767
109265656 338576047 294443869 383285402
633160168 628874621 265393454 363962766
513583939 856294728 640793940 710141273
693188914 608251648 262199347 360201354
66677342 530453816 360804795 396198254
716390986 735044105 979716682 1000000000
5701901 232624583 403938019 452910121
618307703 223932392 521217021 521295199
990978226 113959071 413912986 459604257
397248012 613083644 78828653 178688409
203039356 460537433 581739466 604462653
401305457 414439839 455498008 549999397
702491693 203215955 258596734 264475100
850532461 615034711 281105854 355519288
183767008 145939033 60942525 69431270
255951203 482394672 706823349 748432079
281001829 723098300 118569792 216956922
374723909 192400079 804320672 886118431
390008855 125600875 859529309 883365831
879647437 565182380 269001824 308091716
782343115 543983298 111674290 132644349
310750647 294392459 217044524 258499489
537613976 66955034 547934409 622479791
242435858 709893360 406314933 411320792
674871769 411664749 300032256 357546296
565984360 892430009 43939829 83946329
447188292 255261054 452862427 515807097
427779445 367734365 518113429 609472756
569116013 381565625 5725757 67199650
445234870 160263078 842324310 876083518
935569248 796788579 112382357 206767064
838498320 307846450 866296983 907571199
112871943 648950902 200352807 283401063
278141103 26131885 302353610 380284726
426838608 58856000 771072766 797300412
204958515 111941663 524399942 608794236
348131108 49572734 387324439 403682649
801378957 156165008 543828416 625227809
535767365 912421738 776293122 777712487
841481004 762096355 475681098 524201537
257631514 597912848 367848745 374328787
624802360 890513211 201237499 254163335
598184344 446190654 781897139 827212940
810135751 826054467 719301512 749832189
377353771 598547116 901108114 924378288
882008559 638251408 698466681 739307411
636642006 282050098 600590480 698962281
919075751 340993516 9218136 18504113
400152531 276674181 631495013 646490509
93470724 255475062 993391037 1000000000
861366479 714834696 340738304 349473118
987454103 122866512 924128167 971105096
742549626 784872114 371598794 418558146
97637571 153969711 628238242 676454855
441511689 431555716 225550523 312801462
328947625 689336253 934817092 942142847
296227788 627551386 886018997 904568389
51371358 780988958 278773051 298663585
496529005 537098696 650882835 721073601
718212523 898272627 250208277 315815630
908111945 239111372 871525071 949633597
832569220 737872637 175146709 257723054
862680937 515391812 797317952 839310795
203384906 288880916 897296073 939639836
953708754 797736713 209639229 230278953
381874743 739833411 276702883 321818746
578061865 342878582 132194862 133413425
746254750 924609004 60387385 105550325
335495049 366912880 40193356 134050193
272659082 257895801 970142147 1000000000
95151714 957359140 30238274 54046909
412419922 1350350 218740253 226043444
597179024 851117344 452163188 512596828
946178155 11872939 703790708 743850565
631862418 410271574 625046088 703785814
687248721 126594043 646883204 707954071
659742208 556755755 354684905 394511519
653886267 414395465 817827674 841219295
471154378 392052086 952465681 1000000000
522605160 380122387 251718138 326021991
296926196 461721153 611822514 658915780
800852973 841346443 361805946 439057774
500953521 396997754 201552578 203791898
84760585 691788589 711881716 725423366
322228767 524923407 645579404 716359488
217816736 100506041 824214319 844846747
252614544 829416174 48797210 125333844
846857530 913005205 348048640 353267900
684618396 684814721 599127952 632125891
700182612 727410898 710298030 738783726
527030585 311672006 628128667 632889648
926854235 829566163 686090409 718729945
406115243 834272477 417179669 440173942
122075942 619890834 755911716 817562800
608905066 189354700 341385252 422300329
584193863 21464802 144251508 235883803
247470299 888829094 396369035 434870265
104516811 451105723 169036706 258976445
892928759 207174713 153462145 191770571
672712340 128519836 337356437 397910145
172146741 632933280 608627550 663857747
655690056 222192724 435525720 503101268
457826515 822171077 29061089 53599930
600437279 569172418 678114857 732331132
694368039 950214991 728674614 797919970
346846569 788244001 50888319 119181895
872145930 30635569 203324432 228945819
68902835 948791554 743856869 755324710
787181992 104548639 290480657 385419793
