278 1794
552765256 847630936 103267501 139052333
188239051 535643432 700233816 748696970
705841946 776136115 333261531 371589543
647909436 163947723 307016062 359239174
112838433 642238210 192988836 228400341
935477431 258657926 515450023 530491918
990413853 816590631 571077046 589354252
644721844 125638427 930970589 967948443
249527241 545200286 930707724 1000000000
947747024 856938151 802770919 893516193
810114899 161458435 124411218 135330628
888077149 250729138 543551643 600500478
129913700 298718658 748030338 755929044
10222070 163884380 467546500 511110421
450861133 512315995 232216168 296657072
151730026 822329877 250850344 290334300
552695715 830595695 241718211 334109022
653574867 491896461 463947872 536243226
748081241 191652382 867772472 872980080
600615808 85066914 568032235 603109562
157344339 266463740 72822892 135661013
147419891 906870156 311964591 376450936
545410922 300995846 668805669 700013014
646021598 208908703 847928131 933413408
677886658 431999217 164793306 197580049
940738805 870940286 786849616 862269214
346956114 43615579 758842447 783688437
252710563 869877073 164215720 215943603
416127650 195506215 643134291 662017329
887024412 381735702 588748347 606734585
322120978 794513644 516572971 538586781
670158250 624312872 329890875 331599777
174186136 639448523 596448605 692408020
294306793 967385961 991626073 1000000000
988854549 777085005 817562844 867114088
894521567 565973953 898717341 932505908
341843744 565182365 798177059 805121483
39959679 960598258 259896073 290557877
894713367 790168891 875511797 954894981
996702633 459186106 730183819 810542946
292285440 7343028 726009065 729591418
62025593 844806561 226300159 252896912
762087748 471993832 582387857 589936490
291302241 728025886 945050163 1000000000
536676630 340940608 880547196 910265410
841698229 498324161 658721463 719066652
428119879 73645933 581012658 600226223
212679741 218536488 723925737 815906092
532948628 546223696 601351962 602376932
147214978 845717660 86046516 139115110
677152110 230978776 13537166 50058216
391925277 233857768 669127958 697385222
838004683 795705572 669685775 723815906
756085413 310435078 208892057 252645542
109960318 389761946 55539134 155101112
236452037 814169585 91138485 116538113
208761755 528114353 90971283 180931148
631554158 997756379 653968169 722084570
390269107 126998254 908456453 987211832
932142200 637385860 506574638 553607469
860980908 127463613 847829046 852868296
851027310 940683971 801065034 860396448
812616382 229307850 146808115 185923096
431725581 650024713 706540845 728766289
133528207 994537736 781336903 808372149
965926914 763662494 182236852 277672986
328391206 368539042 339226791 411673030
333337278 931041524 408114346 459629535
447203143 892134842 969257167 1000000000
73585238 183801742 778152886 797824546
666071406 321700656 408419485 504121486
160668131 973975063 978803548 1000000000
133820576 605569481 409188349 505199355
478151016 401867570 590689655 608183663
513112201 832054449 126513406 142288444
232284613 934240334 550201015 615315438
279814102 20919965 971624830 1000000000
801341699 410931973 612337252 619516229
669089536 630291983 670671494 745845984
330472822 973436106 887578766 958610156
63095766 587931457 127507472 178612511
916401199 810568661 992147227 1000000000
931237323 553531887 986851260 1000000000
233571861 716104242 194328204 260019865
491287998 386328581 702676046 800727627
107517679 315092525 331879531 427534579
182015179 654660544 859576795 944133387
254056966 257713702 325614967 371255684
758296869 419423450 720734960 739473933
255270834 701577792 618114834 628844622
698567237 921499562 958426216 1000000000
825822082 333942432 164043130 261851377
988940980 270690744 403096990 479221072
767181583 219195025 61696926 81823287
201679648 140101836 370434570 454121730
968800677 528009590 192094523 283095737
142533232 464205672 395453322 434008418
209491106 361165977 348623382 403087171
492637142 462903188 485873678 500346766
690925484 294472416 34438223 63250631
974717288 160592659 524357243 563752282
445825054 59509598 137479033 183662486
404315313 596126293 43991143 104402292
19901850 45403900 830776385 887943522
294181859 192452647 212390808 241743989
620155789 972009184 899633767 928853537
493877263 287668292 89882992 166111533
610937853 731756986 844216051 870386747
477586795 493880822 921079966 944320147
170345376 212470543 695153671 701987742
332712732 894679125 269948151 314557836
247341499 497877881 363431615 404967269
220477081 31205966 949403772 1000000000
565003480 343259453 289865732 365444711
602761974 981736956 126380491 219053542
843883071 470466822 131000320 135298698
942589693 402505917 719112806 794913403
261914909 306064270 548721984 647300547
280635425 208967591 519066857 577480979
341136668 924295415 591281002 627114355
354078481 930860232 107510439 182503353
22725252 222127188 591345199 652980218
291514133 905306612 821208928 917996033
860177467 557586831 978896813 1000000000
135295008 39024828 440958654 441868197
595265505 636234995 784361490 813945128
593853866 809590969 935309672 986523202
263750391 966382537 10641498 65768490
785131790 821438635 421509710 489841915
976788777 818412442 791588825 877302276
844324081 181189332 704354556 752077840
806359885 71044426 875936156 909024864
218611017 598785019 54746162 80407658
485930438 561919096 156164295 159384424
584407750 659734278 205976053 305573002
102187511 506435189 995571427 1000000000
981028767 422548260 544195966 569007055
82217344 52672388 768487629 790421721
523231007 635063180 617971100 641172798
966406718 86370054 959896392 1000000000
464206456 203991807 960650028 1000000000
819655280 629016406 966238969 1000000000
944476737 387988404 954797461 1000000000
349260775 435157067 267249688 339834768
4987447 322048691 934808173 939366198
250125007 972060632 967994731 1000000000
340892633 822513083 273433633 348495936
173740973 925056269 490153438 567858556
743619162 897957710 384620788 419501400
972994090 708787995 725756269 822113594
577602165 253625448 977173342 1000000000
354682902 826974274 996889491 1000000000
129218884 866071812 129222737 183718341
498716268 349440806 991683716 1000000000
288268856 314366831 495632909 547463017
153256238 224180614 379594296 469938938
453366713 173105463 847114093 905033991
366275804 294037626 92225300 96468959
373742344 923709845 767272842 783670165
946775859 165978290 912460799 920013507
363964789 335634813 581944489 641932346
189112361 661372839 625441076 694100645
958509091 735213459 199662354 271075959
911294746 324697102 360342638 383900387
291967679 184261171 556674296 564174381
361581926 14489263 499851397 517901309
500634571 720243502 296316907 317453770
136462659 274977150 846575351 866245198
176198027 343638570 297505199 346848351
179399841 138697031 942602206 982305827
236982031 349776008 129215590 134750044
564402956 617501825 667998887 707428492
497744855 743551749 25950431 48284150
238919624 7154483 870023775 922949914
558275466 451045712 754355456 798772724
394720421 623250416 152321511 154153605
880746602 701497246 919840358 995900387
548915675 783881846 42538209 116230893
985125084 249632561 564368620 660955683
502956081 37079175 829337368 899152165
571893493 791461790 455928254 542059739
482288414 674963124 283345040 309194599
333243417 317445622 741414363 819661695
39985513 332580200 34756822 113494644
914852119 628512483 937580935 947058513
13949943 443337905 259852672 302426688
438828070 31913286 453096177 478391951
132016095 535647519 469752069 513188442
498262572 664260083 980331709 1000000000
721411389 958637937 19424190 26767278
1433747 441387554 296728319 387157353
755783301 171908484 452729129 496456087
599744023 380658184 898259188 935783795
825777948 887275502 189534930 267220645
196556061 802674169 405504196 502851941
632207237 827072333 178353009 216302407
695258382 285472853 169256741 264635276
575336498 475449863 858803635 936628275
754066645 221447256 44927999 92410387
392287466 485328591 861333415 955472280
765533924 199204151 711936408 755992806
815014898 131292739 210182038 228578921
526333794 432289271 615597500 685548068
848037837 146175224 33313981 120207680
388373390 621900217 15504559 92871244
609977134 605070104 719334999 782002709
221267425 362464455 730278217 806544652
279617365 74456374 95313287 135766952
287907011 526697005 64999331 69603757
792786398 208573348 653785617 693114040
531189787 28700036 186791909 255492874
602061274 986015393 528614907 592266475
419589337 655203474 120493500 196736603
817223468 985525758 819345323 862412331
643245765 295443478 49377573 110965969
707393654 904894010 72587541 152914411
398435482 628008780 487577606 535036813
939075324 773747785 805747001 856476587
351791715 725541375 643181460 736432757
162756848 966829277 805056687 829157028
293053526 505977749 927810322 981451539
132024754 107822723 141579049 232142259
4241675 902924375 360830229 375723263
435730394 543340207 533533940 612386444
871212887 825389147 709868762 781967097
682969057 692458032 50464073 83810639
365290564 522227125 84096162 115342656
191389521 218030139 627016098 724457228
532525711 467147755 817711325 900875543
851585718 829148463 616652073 624850281
606506084 512797613 868658998 878326899
848774040 921252759 336941561 399621014
345404747 4426021 617096543 648482800
948380860 399594955 462335189 464258042
198965175 937944897 173314163 246224615
26781403 504698839 288065447 386863625
925775652 213778638 705329769 725311478
631045985 797265589 811461743 872514369
738840146 819638877 984892728 985904821
740676986 648091910 688050544 694895999
682613779 247833325 443493500 520115227
180593993 760990723 152337341 155951457
351369903 894498881 184250412 202667093
312380521 323617448 568121643 601771120
848368742 928156528 28365738 50325139
722484046 590998740 9652186 88407889
892519614 586836857 647927928 664470921
980217240 542964354 20884403 77189103
322210869 250630617 105291547 170548245
79601242 339799404 780338430 857306774
19706685 178713414 581894347 595430832
316107281 64930605 958651911 1000000000
406678556 848031279 546567517 614883509
258068868 202492314 172845165 176340441
962510922 495107213 458538865 537983552
877191962 374193913 6975081 106500870
491881462 461880640 585966520 639688335
353237041 758194941 192936091 267585520
5572841 766287788 415295445 481542775
798701407 413880729 858541375 928828754
772998515 991240053 539561157 604089777
553719834 122067802 292041795 353479258
954414814 61076236 815139130 859392104
285234920 941423509 310140989 326102476
306942835 297408332 118534306 139266455
553187026 460099833 291034422 321461594
725650211 936640978 83839074 103073491
614252238 632408259 606091545 687428336
5870731 39635051 621453115 654515475
305518822 321062904 557129441 569491954
224138351 808799020 598854761 635590732
128041741 33998499 882218100 890561197
670653575 268085213 415421005 503803057
288426707 116227224 69713794 160053537
446445030 614852609 474093702 493710737
692041396 846703167 552373172 583978194
215649182 413059072 872754324 936538863
137778237 523442168 121680940 172921604
776995699 888398454 586675041 673808736
528067845 154508098 965241789 1000000000
79327772 1254873 269064363 280695396
238204913 175950865 592164659 597101072
695799058 650733612 247762675 335133540
288821440 399302445 564945624 576098433
727530543 460148716 932297950 1000000000
274727312 657597531 103605502 187330602
760152692 805345701 813567608 853941961
970310004 303212541 918170636 918749637
493231566 777978276 269933174 305258538
718627286 165203462 136230482 181057306
19534492 584872545 834539500 908209005
521187686 996245424 551447441 618639353
418456705 863194281 857596304 868783890
877605011 266228252 683308320 740498475
509791920 303041801 884947151 981655062
806621520 996215560 363113663 394439772
963286085 825756805 565092092 610964210
476610439 676838637 306126779 338925202
654889328 478233450 676481920 696594419
232003834 493759664 4907101 64975675
58119014 189134934 243412260 282627881
30737785 659956177 529597810 571806298
822916890 29578592 965231197 1000000000
140668397 841820577 761265175 860047514
276102586 375330824 774749139 780591472
733714174 257019007 663588656 724933709
810994477 812679754 213844484 237977774
883098498 414285948 865888180 898181023
332684669 64032875 222128467 316723517
969352676 674919575 710705475 724510587
366755018 286239707 500029481 566357030
8558922 968012296 339314063 406729391
134051879 473608155 482694571 569519472
189131910 215822512 641245504 731773705
398156245 159579916 556316808 567511540
163870013 181669736 919485469 976994746
328615234 690792135 887814234 941929506
857021426 135158803 685396230 729120898
968495545 918010337 172418351 176096551
141544451 618936329 362702955 436426261
971778254 386112954 831277610 923508944
523813090 409225710 870028288 871556729
186326 86320352 543855048 560119324
599257753 385322745 680596748 744212469
632552664 654968397 585040789 593812082
59528829 391036254 285641733 358187557
544688235 885296834 681849061 746440105
620198160 345648529 287330881 367668659
655168775 540562200 959497226 1000000000
422114503 276537439 44231766 51032507
614089490 517212326 657508215 666649482
834394279 136091964 367902446 400691991
439959816 181954635 176404733 183473837
760618967 909209398 728599890 763251903
758091143 730067037 471306890 542874428
143531933 686465932 189084323 233937936
586882880 28090522 407007307 424346637
904647739 188744646 385650188 452641371
519288940 561308404 467717487 489173884
143091107 405507939 396232571 429990028
528569607 109599709 50318572 118229600
963600316 549852654 611422876 619861483
682319895 72778675 1130461 17265255
723599654 828959021 614704759 615493318
825232224 369900246 595716541 606800491
373093832 633931255 803164268 840737743
395345209 189680653 734363840 777632014
803747237 397641582 478919125 561463149
325484253 438665548 827241221 889340879
196571729 942239925 399161812 432723999
70244272 322039467 68375664 152873277
658250521 4705821 40674358 102781297
555405902 580231285 794257134 864623731
966167502 939083469 596356379 618066027
409761475 470794956 793499688 865677501
10348123 406689840 939844891 988691866
471307761 77757256 607725443 609233165
345305314 796884507 223729839 309477220
821394259 456598398 997605522 1000000000
217765032 243970286 529655924 598512307
569462804 376188993 377607837 414809549
320134508 611522634 11456270 27511931
228877063 608073345 845514609 851145185
715550464 956946335 68972753 131772872
108049115 463316622 399057451 418643333
773330480 382087745 345469665 414377813
763012428 328605021 836066090 847481487
944498553 803792374 822861326 898823204
935121042 442827734 455852816 461197526
394529382 118776987 538037083 541583965
347738343 425348518 192639940 274440768
420652105 630314545 979758633 1000000000
303794594 981435614 900116631 943433930
761936653 67803694 350809197 388677090
412673344 908555385 927212307 1000000000
13983176 305068515 313668083 329582868
950464364 89167575 893499390 948977544
607206415 840557780 551130947 560292883
92397829 858888518 309107178 339983044
82314804 884760333 832544902 921050022
842197311 843187762 542033392 627382819
521045776 492939136 765692256 864871810
159356518 633336355 85366197 169665582
332021087 451503069 344738838 384397445
367154638 809525117 41753668 77918820
716444234 912977591 317939908 320906318
399791430 98605732 526127624 610188501
162410649 999063530 591678342 626978026
126818475 431556750 965899010 1000000000
325902634 267213747 398255351 491787731
153587875 9792500 411765801 497291863
373441755 303193824 818152438 858314387
879884300 864442714 888400478 976944779
260694172 355042443 616807303 692096906
10749428 21813863 655973892 675873564
279558278 582334601 67902413 139253605
5191594 664502922 810947316 882228901
973514002 936734899 753263994 766101690
414165425 657425388 699856017 706067015
808055773 437789198 692170734 748488860
778627253 375851298 303037319 359625784
627594362 197776068 441988828 453434871
639755336 399302347 266084765 282952994
514248671 653019296 921841620 1000000000
414037330 761407464 609036208 649754599
251967396 120414635 272764787 314962119
385102656 648113752 296507591 327927978
470192390 895692492 747577600 818495494
513427674 773375268 433904278 494019892
555093597 811478877 672244505 685730010
239128543 856418791 423571478 430852341
910972842 637934056 515834923 595187045
990790461 622933954 992482299 1000000000
567411715 922055918 14505845 83272573
350570552 182684159 415827466 487739236
814792311 885759538 527023073 574876177
952360718 862090364 847122622 860341619
798200069 123218064 546100351 607876642
909479001 823938838 457580791 497310899
973363111 1911551 161718281 210301846
400277988 40888077 385430609 445401871
586956542 320376531 659225976 701954026
390637689 153889748 736414830 792248964
325605978 554777521 73213803 153351123
809561341 573852708 526084207 535128115
313641774 818902561 849855470 916520811
640842930 303220270 403471628 473918033
826863074 290954194 215262950 283157891
35013596 334051900 814377993 824284776
188534109 284809847 485766428 566048048
46174983 662193980 99127358 134883912
492341453 923504066 50932850 63295920
749665968 534491866 513081682 551322793
923099097 700602003 490757271 501139534
934332631 424572637 409340427 492646216
806181208 827075451 527074744 570398756
866660108 532450761 451570342 521072725
496271379 757361437 92221898 134444618
270224278 882172307 225131648 244804839
898602957 660166922 231055763 327077412
358168172 718165139 22288467 80450143
162229032 197326081 541686558 558529407
809470519 961448432 138817659 216917229
462707794 750370850 828853393 904145518
241450883 820780825 63571301 161585920
589018111 339651038 870021039 910069463
563459202 361244167 967241680 994527945
92227059 41493262 217352806 234475614
68079543 538763139 477218126 546066644
298666338 741906882 807366946 812758716
135497549 235864168 360594674 375297175
254708027 697014130 975100030 986008583
401505140 273740072 970673967 975430068
31658140 911990730 516688451 541985063
148713535 24647809 954493169 995807482
228620459 80243464 738721857 779366033
59015171 765516752 465033866 504698007
548941943 816708876 275320593 339024988
33797794 603588643 69870354 164036696
915439002 755485378 49809921 127366358
310454620 391733071 701404649 783307637
499235461 246374083 422295356 469818808
540484609 165216309 44846079 87022950
647308964 98164728 736165571 752672350
832050454 754592552 771750157 851893874
710734569 389061564 929535147 1000000000
26149294 543237189 259563753 298511357
676335267 397206042 457976988 536686558
825729469 661013939 654570487 681647793
685854621 23887919 757391661 777320534
744067582 571339741 248398688 277884658
638387299 556133726 806497909 873010775
163388075 596402430 967842708 996348832
13186998 956439022 465956305 542476387
739591027 610269947 346968433 394961321
500754407 650380176 971649858 1000000000
376326452 941344877 606743466 669992532
200132869 120573596 593503421 625472446
806653727 201160117 165158028 250165817
256905171 161285799 131742472 211542233
832559526 514359276 51964998 62934468
105977668 693296995 308691415 405930298
658263996 845041578 13736986 86425750
305510917 122579763 761960733 767188805
989091681 675838779 47880136 139281551
946187478 753612713 144420212 176918779
306484423 487327836 571161776 629124247
122539840 883210570 860687788 891930479
458121578 79463453 156099827 228519647
498915755 554825172 764721877 853935983
682318076 534205110 616114573 652541702
620483474 196218269 152304313 252179742
371033515 460826847 970883104 1000000000
303150545 392076750 85719022 157202131
876824394 402182624 484808960 558485257
714190897 298207212 685169223 717679408
296962834 338403575 735785951 741268618
951480678 182963638 9448337 95870882
131802331 471098743 461354999 556941258
716207763 971693865 441453174 497273019
366661290 972218843 309125869 346596396
845388669 735301703 434503414 447450678
741743948 95816456 541506536 594533682
171354947 612330166 77376868 127624103
65996328 209756809 493280302 570959243
533205743 988656223 150387247 172196991
126384776 878317132 515376248 549736932
773476216 181815943 966609346 971747685
789758177 212723418 243106707 251463611
663514322 950959533 133530535 191828891
681642208 659388505 431682267 458773750
924066663 604990557 263293824 300783218
218173875 145721487 82854415 173529475
474728564 98779633 736891717 820465631
352316094 95108067 93200446 161067607
11907880 291810187 992499496 1000000000
510990644 671022637 341584577 371163977
146009336 481210865 645786790 729925259
712889715 80812019 405223002 432929612
417670856 446060497 464807457 492576870
952025467 865417432 832229218 931722198
409017790 105651078 625375002 704093501
720495619 687293117 390373494 397901807
645030916 835017932 255057425 346443202
829918797 363023570 420321334 493771607
721917368 748820151 439588247 496736200
776547037 653673805 970744639 972031925
624328036 987678894 811025746 906732550
998576411 989353023 77107633 159415144
6910831 268957399 419908935 434560737
169602321 972298934 225298118 271127637
141283741 966684421 636318806 670580860
400633851 670968065 382708227 408553668
399348111 576351840 617734665 627933362
330412728 71307051 781743289 785861731
162319765 853857211 997218195 1000000000
916007305 17927022 598439420 654083456
471904106 800900964 296635585 356690728
353176076 948676127 724528458 783560809
515400194 357390327 28639277 82170990
477341631 217729600 891815624 940065733
665632914 122857304 383985648 444285991
206834616 178448413 634155973 671911495
348168304 473022983 779311162 808545825
879201760 317935787 147839843 166113092
955576117 178235125 78846890 100532333
723806506 586510835 676193149 714361915
151599476 415490693 104639260 179898502
736161431 567959575 57769672 109772096
667434178 988036600 931467295 980813717
555898187 178824139 192211903 241243185
829556586 82194661 161560610 164311186
186757372 77001092 620880532 696998601
329889482 943860375 621532697 700698138
348607176 679963560 216032125 248514792
666698226 379368656 85442681 92566855
848624151 233488971 592225978 680191095
912802197 464035385 822298793 832176576
966473639 855904084 456268250 490321698
515719691 606729848 198430652 228291851
84674700 340397347 70398582 74592873
645563687 903687158 858051142 949840142
280758881 383461442 451741954 479285869
540248928 32531443 469399380 524126222
180395165 288639856 708070417 761340078
491478070 992351910 624726786 704463352
383482862 788671157 849284629 921813338
897384689 743880513 874101347 946780025
352317457 97448230 951652047 1000000000
140367864 594313237 958586182 988924219
437535756 67430758 473272003 522362920
692918578 892340662 293550966 316285274
528800767 602552401 340195444 372220872
560581840 666883871 206221909 283421468
416304519 315780164 54586148 112692729
676786586 805975502 91158651 154086268
574549443 875269558 545033659 559923270
227804643 79863811 42797119 120029701
389322979 137263842 794552467 834290227
570762019 810227281 320533644 365588683
763356708 724860908 524892687 606105932
587946645 482728233 795813845 841862968
125764261 749874003 555038511 652911081
648200382 856864465 979606170 1000000000
35428169 763143991 440054920 473265834
975261606 436248085 558771441 579535856
432449278 956819439 428160335 488238751
11481548 195007248 370829623 380629016
685666920 986205322 292872022 358455357
6892891 42471527 944996621 1000000000
289036589 403498909 642249961 710734969
855586628 937748985 22017894 85602836
135518152 201100232 222712001 237765865
169858264 750412184 31122792 67771752
857505552 357827053 301778495 396373160
320364644 940751177 842605066 862511702
258707388 238537119 309214392 324205428
780042807 943037916 645081102 719920605
664431943 947414553 128563777 177269920
675816480 384552314 749161072 778074914
492466963 859942830 463598708 514021091
136286266 169607272 137588710 166537455
679999342 641113997 586782049 675933377
432831943 241471463 809806672 834280024
333312013 453237532 760092679 828903682
345887088 863882061 156834724 247462133
538478148 143766742 92367038 142926204
759443708 164220267 6646423 97999665
164626112 256387614 493131938 572747109
46894364 105248884 449230090 482637801
201938333 501483807 435077567 515269673
961975224 124172440 554285324 639880116
652326498 654049196 557150961 640700573
179415585 569819662 555167585 646270146
995337207 530221229 607941375 679759875
836119427 985917598 2769455 51776474
452201122 742886647 872128112 922447924
527769057 268487416 776081207 821039890
849196053 415147077 474841512 536451931
575331320 540934111 463684087 557583898
131173242 441072245 435183907 508665713
72284045 928475034 946516008 994550746
628412573 886229416 795636335 856519781
222445535 490680830 371698391 433959158
797619624 553379211 455896153 484587425
497784768 41605313 479020711 524800177
511942948 701403160 29264128 94007189
109939550 919822335 650279398 700414399
450040924 473729441 436878593 467579780
654430353 134290937 671162352 673932534
782809589 790202487 720013514 806048516
679504257 437715965 120477114 201167852
644363428 255049097 745969478 759404369
310221985 783263618 206223451 231498120
364995457 110855604 938464650 990917711
525739428 821310975 683623502 706404192
302798318 827418702 116165884 125833172
907843743 651368325 872277229 903754275
354763288 359578799 329098700 369367007
457785691 432284828 594760664 651603677
548554717 129512475 478692733 501152080
481355671 30920021 96308356 183148050
95919168 440312039 911117045 934393396
228392106 642658346 881928715 967158116
111741601 873312694 298143952 366458318
700336071 452748364 411437132 427140144
635055103 628300492 53195219 97506584
782848267 427241009 193448313 260841076
864334621 344317505 53827479 62342457
655269443 184514272 172916038 220590369
255001525 787971394 458100997 522327595
853932488 824828742 358805359 372423066
645273681 145744576 227042631 263659194
574580770 66803687 242930288 327335950
293758093 88753646 225561643 304928993
895548348 71195029 637872204 717299037
606858744 34654896 467963887 525070357
297269016 398269634 606301522 684949091
695721682 222771037 609442716 664097092
623789247 996938315 790924379 805959144
793356740 908974540 289465137 346270615
241205095 120074107 952208300 953839561
831377045 689916931 834489306 852932491
205536501 971637562 938742835 1000000000
973021045 604039628 395325980 418131712
39748030 963236274 191140038 265122416
64178182 214625669 913806877 926405965
543459887 727067486 791529627 854157556
302665200 662400614 371159907 380593415
600797328 821385897 915908504 985007034
393241127 668349350 233875635 304773812
120316960 867476004 629083569 664469794
7293894 372135536 318629755 385832252
364918593 247062842 401687369 476890385
619480088 793156882 937078738 1000000000
56062223 146908465 210171528 213534079
277271383 776032726 285200807 367986392
33878476 806989292 915354157 986002952
85509574 867371763 385659953 439274587
668292565 377301130 553147119 613487295
285966951 450200311 848356699 898191122
983052467 363053052 475435774 515055854
991126409 421265920 951653681 1000000000
986403018 317673764 170737204 250030769
381557740 127925976 69567695 80726302
102386550 780910883 697232388 751267273
568948933 626408153 267745303 351071475
799267969 723933822 550601142 604417787
859691205 34392692 268887610 329931460
317569510 319015746 147860188 158281847
468230912 738384514 563011426 641209151
836602341 736109650 616949776 621863298
348896829 403843581 781399731 851576960
770324177 376108222 388104132 431450811
921906049 75311107 169932970 268571065
294725514 683899222 388540739 468192101
900675541 524382809 188156582 235518655
752564877 67627159 773380666 781290149
69879260 797959767 92169114 181507697
848521330 62479879 23445105 29604968
730243955 31005720 721752920 746203648
497251016 56837067 397643802 495073040
941632171 186750600 22238350 53335582
335138955 519566384 550842797 592230214
657757784 883586443 449220172 486397181
126991972 424324106 541443662 545798693
355830972 188623013 387157869 408526406
482619289 157397626 877426128 948051272
253867545 192253075 464984354 467783400
55697682 934200127 908260188 999725019
250352349 74426102 77510220 146431775
802152633 837218399 1906332 34417961
643683159 110198190 716269980 748670576
383750231 920497267 278859732 315606774
326360936 660522914 243800146 324015898
288455513 670470931 604868353 694886099
483881077 7438560 851862678 900481237
452606031 763908408 650498639 684499831
995654618 590261889 321918604 380053126
367251097 600521567 932208783 989203858
324337278 348091285 965197991 1000000000
387946412 372849502 702457895 733440755
7178173 584420545 530180681 531372529
183372026 869174468 830664109 920351775
143500756 337977437 39741409 100940124
250782249 300979226 389237356 486663716
48835290 3170749 93936725 165135561
28651688 69421419 385171644 386318238
877055236 150259985 49546274 107670114
511001504 280311418 851089007 869045963
448681754 526770770 950591853 1000000000
169112597 154287421 734526803 803572571
334816429 55720642 818686037 878533510
9616143 428976276 914043780 959683131
342405864 682294264 334152875 357937036
567507612 604745118 909871034 937283023
162871314 797509714 383389145 404616715
211975127 329977372 477179197 481026017
455092746 923562028 709259201 722625237
461856154 734936844 266063995 276429575
454013634 583042090 439477958 534108569
212270165 996873339 462330046 486547408
612850095 127527155 67489362 137554540
889180582 475284182 766403625 839423534
316682194 916973458 667237227 673584827
567874747 503153492 674051237 710440548
46231798 352752638 983033207 1000000000
655348259 130964750 180719508 247673023
202307876 655739574 489761707 510995754
697139880 394078892 192613258 263254592
883160351 762368441 728124248 786765402
733674587 853103788 978736135 1000000000
448003620 678435956 392096343 444732619
899671131 183662131 642283386 699575190
84811790 358301558 163710786 179584016
295822858 824708945 953018946 964216817
392110001 522109231 845469232 846121158
868317117 764796728 749530096 787009063
517562121 142817630 51591929 138655133
625603135 610955816 951049407 985660022
692494480 506162393 188550019 249523633
914829373 96339456 691976470 747187900
404321728 460874621 615590412 687554986
496836846 545041191 723887329 724641911
236573461 851702191 570131616 591729053
508860224 265586651 637259053 660959173
919599507 902688993 399258976 462048100
658889353 408719699 966457992 1000000000
95293774 749487934 721552734 790687762
267172986 804956517 234752241 281739387
652939763 679588468 148496697 233324516
810273602 580714782 111519930 199691627
814125620 692484775 776260593 794996152
268176669 179939708 20012310 95055193
752933149 276907370 62493009 112241548
542173656 941976871 309633519 360666936
392807105 753153708 569612780 660503334
566810576 947217038 483156410 551716113
743027099 13937711 971660581 1000000000
458771873 827135169 413174731 425861144
162162927 798726484 422775864 520015494
301625861 658877176 27135563 99717955
462006000 688620762 390585384 397738829
742789728 565064980 540502114 573677349
884227305 744493185 499850015 563055556
449889445 127983258 899815093 905044053
595113139 440685705 448423632 498300554
115713661 779229965 532356074 599138934
639680156 138581100 696862046 745772881
486308583 564639422 303104414 342022977
548052097 214598196 79549070 121501318
635453657 907233307 567974835 662360325
541888808 937908917 189004377 228034458
963357403 928152760 361636219 435125812
457019217 907599644 317803606 382285562
120026396 578373814 201376039 218219629
840178711 766702673 856184186 930735942
984482856 414164736 268962026 331056368
212273687 792898581 643398655 670319723
263349010 207155733 78799945 155645475
678426636 577397585 58489246 82881980
912381908 496316546 597896743 629850805
338294373 950400057 199835994 220187135
637759206 999855242 622847900 654169097
833798235 36951728 456855506 462180330
193396358 170507898 489800620 569399545
33728719 657333910 898797150 901442153
77062140 248110717 744735324 774730079
350420550 179199697 964406364 1000000000
289643520 195695760 932796818 947800627
122535581 809237366 312348713 404973581
666844393 921966453 240073215 282655235
183994893 618075584 561114001 589921616
193117602 818432570 15678555 73168333
391956946 943041143 699341326 710774198
545763280 395218376 609604798 703931851
583282689 619101046 138254101 177444403
14629693 549227210 155485471 246700277
43865316 890694408 31527519 42283497
53304669 353427066 195626258 277783416
240345509 870584937 84240646 115066463
166793705 275801723 479781447 497205715
692375610 654913836 804051203 873002552
464700029 64906268 322002302 364205719
36455004 464979689 272659534 297507295
194734996 408623305 932536230 1000000000
671843449 987609058 632723952 691793399
566559416 177107265 797611094 812769219
288292657 707181508 501203836 520638338
405812508 713692881 917331143 943044734
851050657 906873633 936880274 950963919
881992510 757807293 89371730 167037333
199824938 926306264 267406705 303849642
722131110 437693665 771559652 846898799
976596880 269034941 387608176 450226046
287136543 231477450 373997703 424169493
106262853 317316178 761937683 819533697
27944866 955477152 603029197 687757291
853088898 303566769 338023223 375879704
517464682 737715389 967254546 1000000000
399141969 651906299 994067484 1000000000
152452860 791388002 9799292 37196676
783604934 867751111 213092049 303940549
681285385 624435598 448418140 512363283
571836079 109478048 851950556 946918295
109584045 617515610 540969578 557939286
804512299 513208046 330724142 346165344
373439696 934109459 432236615 531398807
367318989 324428846 59900041 117660552
8921336 891112236 849288193 909108524
568751398 393065299 45433353 72530903
504851242 30195043 61769732 156116941
593285445 884177054 17155162 60306748
307477302 580519102 336047470 381096239
901616561 801739787 271482323 276314506
521933674 419787060 709337179 765196681
535902859 346563546 553782123 567849260
987596527 631993758 823195317 846604559
533178892 268927467 806008361 835585068
358755316 942652501 842499917 864479359
162037499 270339409 903749308 981694638
602040254 622994505 382877297 405441225
580650936 766592635 815387276 896227262
98271544 176962553 432715113 531992435
361833000 76398673 722074042 725135863
570766441 810158194 51995821 73588137
338281494 7653929 62364616 125643455
454109093 187817498 367757014 458278469
913687797 470265132 390858987 433638985
488160686 992893242 997939745 1000000000
964185020 970361773 637170498 700226715
265590114 445077429 918315812 967582284
154533974 616846710 217382466 239807773
723892678 253699934 374214834 430492787
722723029 200525733 359987664 414582802
148219032 389138417 611790428 645059386
38796670 402077479 511711506 535391767
409997167 606166766 176402514 255511060
236356743 57787238 855176136 948339600
372397119 182647957 746622842 819125061
467461069 601833446 898366532 965548532
164475202 51160651 936593165 969866104
392676636 786458475 414285834 483847551
261430962 234637270 530042345 544526763
955364921 697544530 745262931 757030307
86785683 324620359 180585677 227035305
457430539 820942496 846847840 869080709
478123831 821474016 96387744 134761056
140154967 134986197 585139888 662208418
980964837 140659769 308024015 313474461
483041644 720246012 611106949 647089076
794936869 618740388 583877508 628515388
742298712 251985349 831165507 908488085
476021861 682238069 21402582 58211505
274727628 640473969 757578154 856939072
829416892 982222209 716379811 778728400
304726387 698465508 178552285 188473487
976732591 287824486 534325772 537500111
295351089 833507056 661997743 729151673
578120938 700814693 400199419 417233449
406900506 716571228 689714356 714886640
323040002 824118902 683091447 703666396
551580356 890975482 14400849 110604922
709947270 75050934 252420532 271891106
908767865 913595246 471821330 487785703
685425566 856781015 155254963 162176948
224816841 497953763 418309657 517630047
691203447 265994951 60271062 151983596
497011591 174469265 819580760 846960387
312381361 948105561 546972047 562674421
30883019 465282576 367565924 369663079
311206850 613388212 710484228 721971274
764273689 982044258 525079048 530511718
804616776 136631209 38188901 98057083
475116644 116540088 966214297 1000000000
348982732 526987368 167004493 200448810
879046136 659726694 753167618 754405168
62045290 126632585 172721705 216833452
11308067 977606975 845710164 850796629
884893729 144897022 118658907 147096179
17682469 809867033 419974285 433042240
935984156 174518426 856545129 913552974
792641359 36974148 567845902 605601581
412323283 427348268 352213898 443422378
702115561 731653064 961640624 1000000000
413119730 106186463 300586379 383947562
364606809 358795475 643253059 646779650
191493490 155417904 184533292 225387953
349017445 816721279 41365080 98970153
969849922 980825081 94148809 115518788
66849891 897511413 342178263 399789747
361079227 997755799 401097701 436560434
273241992 400591466 199250453 284501499
390846099 568080309 102867114 149436828
82582996 986438879 293092144 342219506
463135683 796256557 400367243 496377561
865172094 495361684 5567925 49340896
714667446 451288203 350402690 431333871
373562805 150958628 50102663 114012544
187220194 934122937 44435102 83931651
891695234 931985921 766068284 860248073
225071411 330841349 377335041 462723266
22377347 979332398 162642239 206402853
324886539 541500719 65550210 84905688
338620163 535217150 871856109 922429730
50554635 961071315 433756407 440219142
887972178 326322528 282348489 354753918
707640696 607880141 952605785 1000000000
510156771 572055524 43168090 112898209
576802706 827542319 574698801 604948955
864405961 571732402 570850988 636670939
987299705 923212483 460980423 522879400
961650801 804042347 742687587 831155168
791134663 566761447 911022899 986744153
110424967 372193303 411151364 499864598
476167128 7341863 633040220 697403246
79355254 45494532 503762259 523667314
548714381 966345570 615765018 696795382
141363132 186970047 355816270 390794659
165728821 461581784 754925012 769167041
589766949 771557671 543619715 640778125
700930210 170647607 702621686 740351957
507498838 468893986 394185883 458468828
525372521 448645919 133283881 226002623
49370357 370293212 442988922 502718854
788209637 727191318 748609738 791655492
473414508 587730967 567760866 587710306
807415464 328582716 718879434 721128848
375498210 26568811 158376060 224472960
949491056 199711886 780895211 795314085
380969940 53337085 852621833 931150492
740722266 379327017 115424097 202224589
254073701 246695776 561697573 618824544
629763606 987582668 162014832 221747613
22051865 735743590 50721092 85830924
432960715 452441465 40769705 94305279
55365298 81193491 956295607 1000000000
889319300 923521294 25917972 65214977
659224920 438864683 285323122 299805221
714016603 119626411 157230014 205744705
832631921 91306669 591446282 678689669
489482447 30398687 237979346 320227214
784119003 237179285 112609535 114314286
881920441 254297746 618127650 691607398
284736250 72861012 658340739 701541340
392472231 64719817 943801400 1000000000
758308115 50066763 563426959 575280059
851079712 718208683 709315514 803472796
840228865 278430761 687000975 687338044
473765111 970337218 901344331 925513405
270789715 841390187 381714519 385153820
315166808 633422514 489525628 553125674
866958534 545003964 580879715 626032315
904263247 951545119 640271471 687837745
441258609 969073173 827591306 883612493
550518327 748248637 437579174 519178586
211708476 546047169 793063329 841291564
33659823 669537773 948049445 1000000000
316808479 334549969 150334275 189591343
112916973 904164478 684263017 693256084
456124754 199526704 482189386 537497087
897775005 781155516 430511145 434257130
326699403 647192551 77559411 147982644
635408264 147818802 88801006 107850421
474570161 702675884 540726950 558670176
68267009 188188565 874494781 900504777
766107356 10949158 113047118 136932256
921144637 881755780 557564175 606626286
752388439 607785807 444351484 475911341
713646076 840283416 742773291 798214669
639261980 950076025 789157752 831597016
133348214 587599973 658112065 745518712
194982203 265652778 732518101 832221472
891963885 684195934 969307809 1000000000
568784698 652439670 678443642 715754734
356540101 278752301 240806725 277852220
166437495 645421171 770286494 870077691
415513175 157727449 16169776 21670760
144749829 131734623 599873916 622677296
885503296 744739091 645543567 707836984
978467426 251548378 618497388 669354000
94347208 943111430 450953047 543410455
95679081 295754322 105409241 136885618
989100471 157656122 101230361 171421896
976100531 883024372 107067618 165037452
294813513 3611424 81363753 87190559
238104138 313511531 372560288 413338477
634252 872378999 488593697 585156797
77248172 773974837 844562760 870154565
635231801 365362154 882699830 958975707
470950294 369510482 109075440 112840253
797756772 387085752 185743396 232637859
236945329 395700112 691464948 710683835
565093641 708420611 115515353 130772377
164048034 882494805 595166398 614111211
759437772 11926085 604828163 642280521
961528807 144114437 63201641 118038185
434633278 146672053 130583509 145109735
799123095 992702889 411379995 444837159
551926257 61560581 626302224 723780595
938937628 122276963 586864866 673974459
213226893 110258799 424540808 508226161
645828829 500514161 51455283 76135451
978070824 858916638 445610270 540863701
383658955 505304669 617950678 681333084
24856096 251353622 689837556 722412037
11789779 849197789 394875883 409553103
243464320 275689208 463230619 490726860
59258146 408482052 563125004 648458153
748645951 686908681 860018118 908514762
341046176 189417946 880673011 887827867
449820039 518868157 846048760 909614365
722008775 352380925 40621091 99454677
913445728 336535719 610540282 638383624
65589191 410607975 901631980 924198520
149551409 885934106 972680596 1000000000
718710671 926805126 748569270 751908942
955165151 366524083 137975784 216539790
30827195 296206180 142031013 200039056
880269170 403618315 362452204 372640950
943239950 180618396 527321036 592120337
475323029 804369487 876609590 877456560
452604546 731989991 203836368 215763630
807008034 385797354 426756503 517253158
724403838 796975681 531669071 533310617
67705052 821642077 991060213 1000000000
270910252 913514596 593409096 645012478
498418686 471002769 424453306 519129341
46958285 608138547 860500815 870364560
168387964 865535105 956656886 994929173
880531475 814904221 293761646 301111003
189927738 914569929 612065257 703933914
846072436 778571106 223380719 314760722
136880367 325773358 255316604 342091120
66702196 376320335 624069097 626159323
16814807 902412842 922168132 986774294
588851533 945325811 892583359 991413581
721584653 83347335 424652618 489274183
601753417 762406853 987048817 1000000000
309362553 314742986 146747347 221969821
179786309 785394676 568565365 595639186
173196979 788272894 696595673 732879626
549150638 164141758 661326951 746205139
381309371 592592673 853317752 915132747
967366346 207285375 541433893 559917714
889142026 144488890 39711331 132885578
407280782 436282439 889145664 981037846
367403404 714823266 460949963 522832713
513071829 462058054 2295686 65083496
101502734 801972114 942047018 1000000000
608383901 154428823 592375556 599673803
562792411 154403553 948147540 971384882
559311589 176353115 513881333 602672732
260382321 959677797 497779669 541583473
10385008 680454365 3603603 73420171
538129685 68275666 927140788 989751055
227431543 887311342 235718280 331347643
502829318 97214474 136543949 146076470
351500072 559508828 876719785 949354314
676347868 221502851 792615239 806773875
854016087 838090681 108318303 169761835
431273616 977129459 905106675 974340885
642683198 703125339 47512166 77563820
691041129 882187216 178991639 231019870
644119962 606871669 646069706 670644664
582063001 288435052 570540126 630164797
482277055 38959376 215352058 275250377
876650988 104017520 508310901 530721505
627326191 802011995 413748944 470411417
191942730 575214124 476664980 574128371
362888297 863347368 415769150 442126380
465670137 2768155 296886614 370591673
136596936 8530009 559739828 621266640
824032637 599296377 143050180 224868528
450283538 560719930 163981652 184726180
412584683 68924163 983771363 992970715
716856322 863137538 804042447 846927188
16499170 393811663 763471684 766167473
224447662 746390990 215769170 241474256
967863899 668078929 234580100 274311098
560979157 956704916 367629865 414348497
789912813 35501344 112634149 161903511
427598088 207443756 912701919 957063426
60198196 641105189 502864999 575795104
685781897 758204352 396108692 479585539
746199271 636640449 786760442 816384041
296277572 405223007 262155138 304481742
5095993 352425983 835583240 869260407
174384102 263316259 447593258 483341420
734695257 992184788 578459793 664468704
31490553 467853390 767699013 787741146
487545747 741322706 571284020 571813995
376222235 697286723 207048351 233086657
779372915 399478565 741214318 798966551
590304745 549637999 17335895 56610911
114443169 516658745 604600322 637259580
359322421 432029644 665165304 725217520
689148542 360519134 70646804 105703023
220938599 65476014 174297306 201094797
535129555 506195393 879909616 889869890
772180062 445932790 274994355 353343794
795017216 708555938 913030508 945906461
884256680 138076133 773059088 804417140
216463837 385178547 248100347 280197543
147382851 792740021 699569754 714474132
636472817 594519168 112234433 119506500
317020019 935965856 576954797 639505977
810400383 492707515 937989950 942282373
35365456 364008793 964499566 1000000000
925458389 530172836 856350285 934848903
906619400 741752515 327535166 370068864
851758334 710737838 15544850 82143784
857604401 175181825 651845635 664381900
391227693 351013039 44046686 93841655
805790621 477372042 590714689 622415486
19343263 297433745 403802971 455335790
584407486 579939167 483021683 573914566
161690382 9199226 568022313 650183332
71315334 486328597 410667718 463952010
613751760 617690943 640202893 682817445
992059030 263303675 419969163 487683882
103147290 801158983 141236570 197948627
166946251 655852162 278653974 298262193
341928255 313450689 58388298 85993856
867606363 318623730 865555170 950509949
274237872 460325067 89208187 176360498
751018720 508745706 757792734 821332330
234738502 117981663 476658416 574555102
273392199 849346705 368715736 450704552
476023276 506062524 746171204 781505121
287326453 645474423 621710281 693842203
308470512 343596789 498507673 585663601
395122882 624104822 434189913 468492048
559227398 199095761 51021054 66401373
946560153 908663136 78330020 155830207
65018074 859177429 576879942 644669792
573158033 761205667 877508867 975688900
309521836 763287857 637120521 642427303
546525317 952169108 807585279 827498211
361824923 376413761 144644047 188390012
141193102 210324003 484713895 543582543
269778538 758307536 932537721 1000000000
467355767 788525338 535507873 553168005
399760535 302930794 484711362 508109814
304868512 218681055 629682152 656283438
596209945 106158236 899794936 948748583
930991279 661730890 529221885 534269786
432031063 57473576 956273511 965739759
884280461 735872207 88412832 113437350
933527340 449605726 967661021 1000000000
466323679 717594363 894280532 908178315
27149585 597339797 981834644 1000000000
805478109 815158406 143608571 209027351
829150728 521135227 900954108 919934576
933863414 45625221 108595905 182231186
678290937 583821776 557305355 603649624
172326590 13828198 168830395 242783239
701906606 826108783 663344307 732160113
636872802 986129059 809751104 861694715
363174233 573897826 176527707 213607907
241279597 790334643 170073326 207835016
516849772 953362802 507318967 541172666
731578378 365734977 499576491 523228864
831257228 619192172 592133414 635163724
432885259 868396400 94750607 114806142
738970743 913076980 266752886 274792728
382127059 534551570 689230153 763739415
614895463 490483273 300287613 332689714
9159880 668500427 397030487 491881659
560675131 456999832 161393874 173682246
148994557 516361641 359898652 429841541
831563803 299043954 690329096 745313785
504350479 882301270 481602648 540571679
86985442 327100746 181095765 230877472
603189702 231754357 774191030 815153332
194443720 897367882 430277128 458891547
595258055 909510827 477193833 559279390
41762670 198626342 971115907 1000000000
853821547 907772308 160413950 226360021
594145103 861452209 193457153 225516478
894538817 236350751 10612451 25916550
318986653 826365760 913279688 960250431
482290981 967721257 820705982 871540298
88642762 360534932 814125472 890301436
383395422 805379321 457801879 492974137
213997415 732681957 384296927 434681982
67762240 941651492 640306866 662370987
635157438 706874035 270723007 337812026
638803579 255786467 128573507 166335090
587597253 879554419 171704962 220356361
60263073 371413871 619496722 713076685
8972941 566893671 711955574 753233524
116776418 532675826 187348392 276083067
101419464 19405460 330459041 360202377
282377387 294286894 487584694 538631639
700691312 214271723 546389348 613648032
885337399 47983413 879530662 937308491
305617175 330318678 421247388 493888337
453835958 824891855 775917367 804139192
27865566 741736289 76715713 109816700
994959705 87535321 605593944 651887427
936258658 176521302 195873665 245730849
438233806 908445581 957175194 991327803
582199416 953306503 912983943 949806779
248846787 577875077 796165195 809946317
757687632 34705662 812808136 883411172
677176886 817530906 907069135 948748911
135492308 854260392 643536974 661978594
587791176 5537736 979711146 1000000000
664751282 218988481 757830749 791517513
534873681 996382719 451341402 524316229
983566072 600117609 584370959 605170634
346420318 240404203 17031063 41244682
853046702 762284310 746012514 838441297
635764084 491360422 516325868 557430590
672870624 249731748 474523553 485269489
331328521 17322733 818997837 833914509
732955938 207936843 519193271 566276877
599615676 940976060 733912644 757906340
661757250 878669314 611435253 642102572
651956128 56346727 849728112 937071838
204461853 108065501 36869940 110111400
350450323 702366435 641796562 689414682
664747608 975730235 880131869 896995778
590344870 563787365 316891536 353106498
386548763 228549072 904292423 908675929
120769175 997772932 636637325 732820003
122366566 564787565 109678874 198451843
295321811 79800306 850114448 913150131
984982318 973478589 981812822 1000000000
930442371 538771407 336261552 373166832
748464345 178992548 143010902 147537105
716585391 386616259 875304832 893064657
523968917 539388878 707674328 738348874
781148586 408733676 136654277 202937064
445116217 247739419 955856760 1000000000
955931114 733800529 225958684 278655362
976302385 758507295 444212340 541506755
121639869 928030159 94523303 134943441
653516210 312665968 901755675 971896186
299003477 815605743 871279062 880018661
698428310 564066818 501538492 519916324
798615309 831296017 696239710 759092606
120836267 110979639 971627397 1000000000
493292957 90305660 324234462 394614211
331880084 55656531 823412186 910402135
304643164 27976299 734978764 833217718
968344067 711323407 833123808 890507337
217573849 76254918 228664794 298963621
632023507 671801587 590600932 622839814
990994033 36586672 236017666 265542900
830777253 199577567 298673699 314569994
361025682 108060587 778437396 780179479
989213303 10440142 244613976 323038703
747789634 976408732 369957684 413107530
438848483 506274712 54051406 143126698
804183972 696699032 762935222 844342627
88308253 504968741 192238443 264833158
824384491 988226152 395715786 484243727
987203576 275520903 239122769 322606970
291712997 37408353 243039051 275285530
298798272 910469553 148601305 223646730
484594729 914471024 945851670 1000000000
114606844 43836252 225340362 301331593
481964474 726711539 262074450 297964770
296799887 345756809 632103462 644840347
71304956 92395305 276977727 283506018
694667130 560187765 923718365 982967026
336548321 566185683 200051746 295182919
472851770 259684274 907185658 996629029
650325867 238664871 842939509 867630417
256312471 261845238 63666335 118651842
558341411 805102745 336131937 340664573
222234300 510403361 925644583 984390908
58465350 129375917 738197764 756484700
475727159 903140226 898209666 926288048
706438868 274194469 702147550 739969286
33122571 156407087 389796744 482588052
834909328 813948028 98322468 174370014
56772567 957625413 772382876 814149636
938662231 948644092 538579022 624680539
364623381 121517618 918192772 1000000000
397923931 423317356 881671815 916196346
332950104 443686827 522024308 551040464
769119577 722885634 808651786 895500171
88452177 331602777 322045043 392709693
455289878 177627842 602792983 677019263
441764977 424962550 739166859 762670765
439944000 316380162 279082208 335081017
372040592 846414483 839607140 907868129
364161765 172603478 680039509 697942857
511270062 413936038 214847658 297271200
11946710 278463335 707644341 745507688
725125497 861643327 349224817 412316761
114858847 945360289 735055699 754092141
539718011 607082627 298450766 395450131
812662841 563413315 479896727 501863408
997099250 531936529 597996398 619485580
19886598 281026982 306709703 368602089
524633839 917247869 556877695 610904974
265967239 965847770 510318998 609744162
376653577 121117351 131199511 155730035
756471678 379206975 419432083 438643920
812493368 910304700 32291872 74863889
266529738 391047424 56634763 110437116
913733450 476872758 189290597 194399556
523305648 495042767 142460427 225138185
525747751 783300888 928023379 943777684
584627906 335684826 159044753 159549647
607724556 18627103 404138416 450152946
799013044 339259408 958946150 973893148
425003493 149160180 152857862 212355730
950691898 789918639 391123257 398017065
187033268 853954456 54301561 137703201
255102548 280791309 68639512 69035109
228952800 28048853 75201824 154715167
211421757 865096104 16496993 86969363
695222687 638561982 366484449 447414441
154375796 565853495 322636341 401649594
970420369 278292717 97380806 168267947
454424881 239413348 500301358 556755775
746966340 961589098 869374017 920212072
402451798 930112667 277628981 288217535
301551747 51303388 299390891 300288405
949236508 851557571 454799761 528069475
715115179 986958883 500477400 516422664
207200338 349291248 956770340 962882734
900740465 195463119 613924262 642062376
475835891 688092955 29359438 73017653
570228266 846130165 101902721 156106593
471232699 151462569 634973463 647113600
405464428 777350496 762237059 858458119
674535575 581769599 323249103 363102187
645151438 474934891 415047177 458419955
238552813 28960895 529849691 613603338
443535595 654400268 102423744 174898002
84768544 966726371 178024967 261387288
474212238 218801514 819460993 845285010
423762543 645532926 984751478 1000000000
679071956 799125453 806672452 809772936
219116917 831693129 837045581 899071461
949730062 607246534 649849096 718422237
975890402 738628457 621344072 627749933
129070542 927624375 755382807 841075935
831142447 200807270 954933654 1000000000
857691010 131212636 455935911 473321441
539587916 465665896 240844245 328471827
508425509 639474433 265271515 331628739
166526913 622207474 606090221 688992355
206051601 900462173 313752265 409874671
488904508 584687723 412956876 492840584
760756721 355154906 827875012 899643457
898797713 942174405 56797106 81957551
485443554 951956925 462301229 557445313
645653848 726656690 968779480 1000000000
636402130 775052625 967021322 1000000000
105908805 846058691 476570003 561500000
604168466 401868775 549480371 603085157
848573216 268609837 115508047 128373272
455449980 873912984 72600725 141277530
450481403 176367207 734278351 751853983
841214624 776808466 349247824 384346946
873097170 60361393 203968408 248699754
686087438 416145909 175231557 244214353
622720282 881907504 513429792 546196814
526194224 445658211 818508141 867070037
926588983 417981885 459306509 483638725
923908718 599728449 917238584 944059056
745717242 880648679 67870155 133822511
215024434 586101751 888707653 968675089
144344104 431030594 34352598 55920330
717792290 454098662 64229114 73710664
962175326 725211097 198752321 201229904
277454448 81188493 437625468 525997021
137726756 535903120 427728201 475946166
488952361 700787562 167522100 171910985
901855987 357447037 143875198 147678427
146657801 901809233 415914338 486303687
220363445 140164819 767927618 773521031
997319945 665505367 624382860 714939844
45544698 901686020 329502051 423799396
974555029 509075927 100108708 113597357
370543220 595327919 932270451 999996799
47056367 360773203 617309416 647291321
197201222 604326084 303063365 375668781
286668686 762267845 184910009 189689314
850225121 712859566 505014179 573954901
783191027 373109936 808210039 901220378
246153149 733494217 530721868 591596839
172302621 184672707 292214594 365397300
68128290 437475101 841134016 871120622
911553647 82206489 567240384 572112469
850185925 688375810 406590386 408459101
861643591 790839941 138441247 152544284
538980470 211230577 154943982 209716088
806313088 664440754 191512415 212600203
477202155 188032124 433934082 470976236
73246439 780037862 545406601 546601345
69118856 962964498 16980428 115553696
398995502 890345667 222267264 265784444
488249769 414075844 502591066 545853140
942080345 177334030 34473750 90113709
40260895 991981968 457214527 502891278
301020229 17922853 87837973 101203588
673951945 659227971 100235520 160846474
457512241 347663585 14514951 111245227
208213055 187027476 810463253 902199222
502107434 920699393 304197236 342866681
48271726 237382561 755206875 809155840
493525682 360698566 26428550 28549780
355236165 546970716 963124851 1000000000
616471533 515161494 602345139 640414092
473911857 63800076 55348466 65273878
189523031 812336301 581541436 603491333
696288620 457200287 639556585 686971661
886182307 99882764 689419532 771760399
327390908 720445444 375439319 456886500
489473819 761810448 754597112 814711899
679438765 604067411 987701121 1000000000
480406236 486464379 635164571 685933719
157814193 294915781 599697267 693505007
525168087 751474450 739216103 836177742
967675849 69209517 950645826 1000000000
26333797 909465820 341723460 351406408
292932297 136661346 621593106 666444022
911993674 694015877 817308726 902023661
495551777 704640069 921420361 982393489
295573888 772412871 783822169 815617565
611877770 883740536 250353023 304362130
434747150 78149480 4440653 21636466
785748906 883575936 129198469 167575064
662672276 785977121 308470100 370237474
899171130 155771565 171545184 236388314
113632463 99492516 773182908 780594872
678087874 449690986 837184701 870202650
290974727 26384180 480417502 564191331
196759288 120172778 191242450 242440449
480671800 957556327 878474521 914449165
401201117 45635585 754274584 794900858
13629128 182458972 916467862 1000000000
971034621 559353742 108834499 152767763
197733055 981937162 938850745 961534989
834649608 717941464 477373393 480365774
350798977 746429227 885618511 975454614
398078253 96751752 151250554 172572262
717855626 234919990 346224669 416781475
700448925 82233675 777572132 803649872
318647865 282137950 65197076 87463440
216839881 399809409 321587092 353983991
801892780 183601027 172358909 182313520
511365248 970606741 195189685 251346977
493335232 430765425 112136649 189801453
277895049 681539188 444024066 488661312
311014429 910809 852701190 900009577
421901711 592215638 683288480 760292553
470393119 34683772 975303810 1000000000
20247138 553803644 190728023 281591164
600978767 217316833 86992737 149182394
861742278 55335483 853313282 863147220
673140943 866009036 235295217 276795832
606400866 100018252 940956935 972878985
797828671 300686350 685553437 698180823
379970856 180311065 247619799 258094541
285230362 427002813 8355799 92609375
904021454 711011345 703725823 749781955
57572521 152191002 939687396 964579018
806438358 742349768 623742648 716775844
684326858 511273546 649947029 734821522
233667369 144573294 310343992 371291604
230649215 244799578 214841284 269258652
786149633 46005432 244714196 286347986
377786858 632624964 458205816 556861322
709515902 839860446 762979208 828300385
304575720 624124725 799954623 837254459
45206516 164545133 78323284 79967463
963343713 253858162 971508592 1000000000
941772914 373851491 344550341 378134232
823395428 477790307 574588426 620029176
358607097 630450791 22175756 100473758
165820778 177293955 873220140 952093236
479094073 837408258 726349430 757180672
108313693 116139009 93460561 178674595
653187112 13359494 405006372 443193822
431721972 126219057 652120617 656729300
826699845 932059330 444925629 484224022
340750827 759166657 812116404 816023179
951405457 624341254 804540731 862771538
837700428 843974962 787104623 801727473
568664375 871369431 768845436 776033928
877289239 453741467 811747788 888235916
293334463 900140654 525031977 577173294
946672257 324632482 493074546 561160024
61366743 652276315 703330305 740934455
546607089 658231921 763843295 863163770
644026769 538354640 158163542 179533859
647042551 232514191 167640505 207746212
987157281 804768685 740786299 747699720
356352079 869369732 101771140 166437250
44725095 192871342 146182160 227713517
703488018 575924256 654220974 667758266
58034088 28285315 413050103 441480454
132064255 292137814 936793833 961449191
625346272 210987583 883811543 935840401
790468521 348793035 948512285 1000000000
24321011 467230357 889149791 981998225
290168957 448754366 822039894 913595307
38445042 130013259 246992279 343248383
249555283 319683752 915964598 981757550
519848094 213856100 228096104 274138638
783328867 387259530 266892370 320093694
716813931 181930605 268552308 294955658
826368549 730257761 753491380 839730384
387005426 439306803 335803853 394830205
600655173 448437257 716593001 725583339
596777312 131651325 633786443 652461178
191465660 609796663 198551238 272420151
85490917 838432301 76081135 79961597
212221135 24629408 807519424 836091847
587395074 385761446 117794079 150211630
843162235 187861415 814557370 847812798
153525847 217219833 760586405 797565355
758790390 547754831 202488032 219463079
196323701 869565817 615819505 707646718
630837986 635523606 931478673 995939231
888528872 767588292 899599485 976409300
613824017 334619075 998826359 1000000000
947012618 232004258 763116161 829873563
90831271 798776681 134884550 141039550
393766046 678072432 544976674 545405382
251764328 268696767 514362234 609227288
545407885 964081917 274136192 344762942
367068110 66702377 601100117 669590682
564687930 347056217 644247878 700029033
73762039 644438859 836786390 858179128
435560057 766257105 754613820 789606959
751766523 753485299 110323341 120736477
78155774 819553702 887586094 981909795
530732796 463385021 353461496 434026313
797400179 912962331 696991406 731699215
816006261 939269119 860641230 875110157
423791208 226705449 370120174 387302170
408248857 984009216 698721871 725581192
56878295 86939471 839448714 884236967
947082222 56742797 265090821 267897111
695935658 15231436 364380301 378809226
144246443 406449212 987919237 1000000000
904378054 135057910 703678312 711209482
631751946 380099021 557896727 558320816
133748055 308105195 583002616 586881118
425724312 518665524 643591081 669974310
564161108 284844109 578600058 642446094
323459099 338785274 494954814 553293061
308636798 479902018 88923148 119349884
294486514 809851237 143028017 184943399
168388167 850822356 248053744 282778219
835498404 13795938 359530261 416995088
326748717 718585990 373065158 397008985
490300930 464850892 382859293 414268803
182232096 811165417 240944920 288916573
696321969 891448123 579380300 603587805
928629159 264212300 714939175 751429868
93326042 598254463 454937096 497328502
851720234 229745234 805449755 868207406
431467607 296745072 696849747 728213167
914174224 42404810 67560713 116971468
675889321 82295207 189762705 220986121
161328263 775872898 178105159 248545591
107784798 679708131 730070827 773550959
311345796 417236000 125436020 187369523
480877581 268282908 812997078 854555678
409607041 335137306 828904576 919347502
799426665 920168144 774572799 819789839
188471039 795100942 127422134 169503617
541679046 429583207 299444585 387615495
383605072 489315333 452373543 462147630
756871994 262932627 291545315 367463739
46091477 160792460 286317558 301760832
36176038 956570273 199888621 210207575
785688147 881741904 967249062 972942035
400644503 808912702 88112843 187410829
388721206 988019241 378109689 472853482
479873913 465762761 896387584 940303970
833847882 489215745 808338126 869632536
943596487 956531224 198683002 199437870
510956552 724486653 769874147 774340392
430755440 941558330 430072851 454430902
570621467 326724839 155988649 221538804
164217411 740379486 977228375 1000000000
202045481 181589446 56823639 86509745
898073269 674140114 852660935 866942077
68127897 302810595 82737481 131453599
326006234 114057179 407226825 412878228
232201773 636144662 643721471 692948804
238625300 101034056 748887643 841250225
544557000 527749421 397544323 482619338
120301362 830409384 38284044 72256770
514234778 4988729 383291661 408160244
552292526 527252082 441940971 519970614
143086454 234529547 481762684 524880149
998758487 309433811 67644990 78007684
453200184 154434886 846554193 858973975
781037322 740562975 359874859 363642627
160708370 127116093 266443548 336950350
39217151 475727478 664176697 696017406
583198868 646997215 653120681 705814625
206391354 857168011 750287027 796219600
971152144 382137233 619299578 678904404
196180900 374874213 319508528 365092945
939776123 295737708 154801235 233760730
454033362 792556594 886434550 933962993
601046671 66489146 567487092 595383158
495937035 317990161 250401914 330949107
179294956 136579378 539330745 608852642
571647741 909631715 340045252 363661608
152475353 257101788 806481602 858433177
377088623 360461960 740252304 789266928
780971083 290016414 826106032 865572814
56972777 73287439 217920925 276526306
828316704 33973997 871515535 934989860
119401321 683958732 65896453 76426062
178726689 319147642 456596738 483220428
543424661 873505404 317200690 402521452
776332413 232759460 752371335 825054973
104806110 239083515 566803477 618672856
287880483 197939477 156499180 217106941
340232122 984188476 488954889 579996096
736197846 134252961 975131610 1000000000
342516684 476145963 522716940 591701035
838941114 948622431 316968683 393760696
529884682 801320781 162067885 252597610
430942671 310182175 120595582 171932568
406155533 952665271 374678537 398983136
112593657 591521964 539479998 631721444
433101309 374837520 729677983 813628446
821084045 365599585 378554907 427020565
928443053 146923456 758469570 823816665
494180093 751881257 165301369 198578854
162874814 391190904 210930423 279392883
395043104 286841562 989401839 1000000000
53603344 719094105 919164629 963784053
234549899 492238930 629556802 717276134
701742308 388413183 682929006 699652725
193645776 779616723 179199145 255446662
312780933 34085098 161924097 204393610
617382200 171266321 488343737 547566936
52287004 790345249 1388983 41000865
88180673 166605502 786563908 805224193
370251264 29870252 803066874 803511868
245119350 811251341 165856740 170397931
59885227 57195549 789721570 818557183
452671329 180106124 334790855 395518450
35431131 563520414 794144398 796874631
654190405 849745393 869098935 888947896
952043698 983466126 682354355 745100450
472854209 857402196 280076217 327156753
69020273 660155306 209967402 289019166
723073343 653164407 294846289 352193200
795462661 605270816 602211428 697746931
969213768 826502347 915118641 940312762
685999081 430992944 602899130 659382331
283259955 413183509 50577004 84022117
735636717 302659001 307623005 329225999
551267901 767187602 227105519 314999449
891228284 478996750 364647519 417157424
412803631 628951825 356495353 386333850
769363956 143538790 218494452 307532303
750249415 808602554 872893894 922402583
960685645 868442756 460348325 488101498
634712932 76744316 809051835 866017469
444212451 678562239 717862846 762570702
509273703 984803961 337499585 376944307
189546470 407827665 198440868 286903820
618232310 189354076 788386516 869300389
987183738 984340735 279834357 288866148
632765937 672837427 53633427 99272913
967536847 661477798 400620257 416936292
141899854 651656296 669608646 695026011
496155847 528404162 589834762 647196071
4435461 561388537 136952848 213361224
896042477 658699762 405658250 439264756
887332059 756687235 290067168 332451486
727844139 164610552 145605740 212160092
98346413 411206094 309691042 375152947
912824576 209270443 561921294 618316744
391002798 16371666 343516647 388482605
227565156 547490244 111253567 122195344
876111519 4054062 533628313 537147392
371099411 607573939 576743895 623088776
484978684 970807702 865016617 905359087
538858203 36941897 669390490 747654771
891567568 797159013 330187127 342597269
485373502 198538265 205835883 300188042
821089833 584561979 427218479 490371362
52703466 704188889 388396517 449892172
782062644 31052329 17247430 39559083
70833056 118870610 577364873 632080967
569707743 315229705 139551134 151680279
525467042 746519800 453134074 487175794
532414692 794520411 936106878 985629678
379392604 309477687 496395350 517766052
36881160 677818930 297972814 314055162
178905511 223152199 327485023 368661405
903564391 645508144 632783542 724201927
970258292 60882622 876741367 905788018
39740259 918327466 350853130 398539429
869903316 623781155 150859490 201330825
354895581 675366819 694933471 759035652
192475396 560699476 133467688 143709699
362219412 957455308 817461759 844554766
513543789 336521462 530722232 588325758
33251339 393679036 876389854 913839977
139496600 235983328 830006870 904047956
704838845 142963110 23190538 88523491
33190617 561135990 543131759 623979492
435419839 614533230 876562847 915735216
844517822 737038423 853769401 855408463
241566935 640940597 319037734 407765732
374051756 210969689 93770660 191205984
476978351 484900525 369714506 432094696
56742943 795341681 793920997 865020019
104353904 413065624 611370191 664374429
544862981 756812412 995180352 1000000000
511088342 348597390 295340418 361008492
886362613 127439189 172585090 260011908
335699896 165192398 533674577 572330496
200072120 94436299 772108363 840867905
593212430 628363453 170127013 248622972
398210476 371120106 643177561 649171873
61980617 434481685 691433512 702515326
609314608 16268791 82098770 145427334
890880367 654911798 129701532 218551615
677117203 881966645 473033876 520983842
145440605 459260534 235174368 253448099
302661183 199362551 952767708 1000000000
915382093 237820630 197036774 270556902
545733319 906133656 818139655 850993159
12847451 51456195 938818631 1000000000
138701584 539519842 364333133 394105385
906465705 681793527 833867824 899026693
650632473 778282487 531549312 579478084
154128859 441227022 313168006 347933065
128799579 421803943 500908731 516621184
147750792 116557965 689911358 716368684
891487654 932513916 630105536 676720809
35571433 517385910 459005380 528035785
233702731 235948164 168838406 232194592
336846850 310156277 176150978 216609147
167478037 592556638 981018437 1000000000
621880990 760180303 787326243 795571957
935350074 17413536 663080356 700886903
563032356 336581591 690239019 729912968
830263767 72659517 318278196 339126404
172959257 373647144 911893683 976992080
644086895 100525562 104057676 200152742
