203 1098
161391390 664222301 542014016 548296788
734823880 383351946 530882905 573915866
955020136 61035648 155149777 183952701
900374122 968305640 863845586 867456762
20586839 396623966 348695668 359382293
719181934 126422433 923671212 938845930
434458981 583958150 206003681 229250195
417654014 401662108 455599998 545248965
952006388 49615794 254533936 278862606
125767415 667782940 215581039 281769094
347992499 909596132 701884488 775747501
441721768 100675280 382121121 471610184
548085554 412297463 310601615 347382690
209946354 780146151 728595702 819281240
820582429 462177416 243413649 323565336
798934201 752452164 84576413 92928216
952611776 136070112 722105572 787365360
927077257 522229891 754694735 786768212
553837239 665725246 484902634 536462064
269757775 865546042 542032116 590739959
319136378 238812131 959404105 1000000000
827394541 191908015 531580394 610858004
869239440 78949868 568589857 635485152
751920322 530491071 759512600 808749816
52150782 657808131 279045142 335447806
786877166 625755754 72703694 135902421
125595105 740630198 950352478 1000000000
63000691 13884163 288369411 291704736
928657167 849473563 164592679 239984834
823006859 828365003 399102823 461625541
835049812 745395622 782804659 868657969
482381730 862412533 520854164 558751928
804338657 990884480 122874046 138692025
592124864 291727182 4756859 21289035
799146159 596302862 745657154 761393918
326679318 522625678 810911596 909314548
2478379 595704580 190812089 285822925
321479916 478603393 137079196 202135118
631128983 151693115 795398108 810480313
765660185 678435194 91960973 173949111
941759073 793637122 988347291 1000000000
586263200 930196079 365165945 462625892
724164186 125949642 782957146 832489902
206348050 799835377 93869688 127241942
32763552 522596942 692006134 704569567
471738202 416715120 930841829 1000000000
818917487 170600006 376863464 389675411
977391213 665445274 937423238 969134392
390708578 210889057 676837048 772976793
357211508 14629077 513179259 593560287
468439531 761423009 315742358 406858740
346808441 83745385 913494663 935791548
282900431 893430218 461493703 538380940
555527548 395668708 421045688 431838240
949301338 435983066 715029381 750263409
527479966 954419645 463922997 483430619
89605265 569880451 429246491 481798635
32421375 763892360 352283742 366329614
789254604 95244576 564786036 608385541
74713838 197844662 418386416 447898646
215461380 983627971 858494260 933504849
135970167 578985757 307635782 397230278
427076206 204872733 350153154 397909440
410899717 54307141 657498000 676669237
403875939 534111617 151894684 222450674
315393952 766924197 532531400 614891030
278249517 469403623 281874131 346417046
41271112 532794992 100821763 193365715
407279631 624939646 739378717 780018796
944995436 579148659 407886903 411643952
958340677 558251412 118772077 130714413
179982714 335345521 747524890 837745140
577099816 404367278 803339896 900716381
906347065 579288261 589280072 677071754
866775997 606210530 897666425 938389307
761293108 194832258 292279741 350613885
416640432 63973345 978772713 978827369
12732736 153665686 343298344 430983782
135595385 763895590 518677819 593475944
253934155 509778142 803228996 854029087
925358240 662927000 773334481 868418963
103506931 875174714 382173977 422411582
669550891 425129903 669872857 705307814
466797869 415103955 286242273 304859186
129680400 778441858 409790204 461042951
832850730 354737528 161818259 234557342
211158292 7726888 296795549 390364907
284674025 824383785 335316108 404789266
700726041 715495175 570287585 616914672
357714494 174851200 539944999 599826252
49311045 800054 399234009 443159000
942324660 19243380 130200812 160353963
257069271 490449768 130188274 192855382
696552173 447439400 220141810 221365896
474144052 401480197 575595766 661937105
744662425 568755835 895353496 960157105
864327655 233902130 51673343 120591263
377581715 418252321 72805461 141711133
971472889 653539143 132385303 175559515
878521697 82948138 847651247 910939084
8478919 291838322 275286213 288444066
338746009 753356716 257928264 291003608
814574149 494746970 563903083 594562284
649477718 172796940 887204877 946978298
840644965 94312858 569410633 640362826
85325082 527039729 748175287 748290229
966561305 166872207 966621906 1000000000
260321765 461808043 519586182 546254683
311744209 844196350 987911930 1000000000
656826777 328460961 96592984 185094029
58380640 723983082 444686031 454518761
186340389 552610503 827133813 920018038
593409298 505759740 35910335 81559045
470992158 779361707 655075772 658763513
661345252 966180103 72891523 100341387
144863632 139212955 690818961 711637103
902975092 337623500 19433616 62806128
411677074 920757884 748985820 785871437
610165962 924935198 17670735 42250796
159300528 33068624 518922414 570792043
162415686 207234045 432757822 435147339
365199903 5043134 712174000 721115643
314990306 119289955 388509949 441043378
24089807 505522465 679589509 753032881
782493813 239035458 523438216 530474778
309394266 867640166 162884582 210266221
962349661 419812759 523981173 572243054
764046339 896881164 988952134 993171211
342214418 769066855 543855212 545707141
49286290 269083394 261290755 331741971
874389442 897568744 485657760 556087710
897527875 188293889 209270749 256227677
142289339 405212028 749746402 813721720
858352397 368386714 914139586 967088488
216194469 791512909 296539795 392555089
103053796 502718464 263896843 332644429
770936512 452423745 137991290 145219889
925578379 486554364 946954819 961001535
31852584 495849248 118876689 191417429
10821161 318035592 340546146 366161456
441478122 695012133 44174642 83066205
564549525 292919056 160702722 205052052
279026151 292001717 153543185 210797975
604571322 995871583 762106401 783346257
584526892 930105970 812645258 890022273
110900254 86816460 861507855 958241590
647354986 980789933 117644231 119639690
796004754 466086909 628220344 698357789
777526597 67180822 865225703 921064070
328602333 764696674 726782940 765666563
172155650 324576331 849759759 913162455
688815714 391604653 386227681 441301639
591294905 914915427 72551304 148356456
733415113 549749096 710525433 735401016
547378712 890407338 850587406 876416831
639547084 156001085 670315483 681810840
214424432 292067302 605403468 636813798
891954479 798881116 852447725 932725739
676345477 52894830 822616973 869339214
207188860 354049748 426776756 457984940
184733360 247962068 625253196 674717124
90863372 264804772 870449871 893046357
809257289 928598251 993859187 1000000000
245694952 15693143 661544240 743189789
131479159 551030353 721015079 754434905
221547889 982856276 862813742 894650716
954276429 809944448 513008244 537810364
238604361 252618173 970626215 983063127
596649362 565666433 991051432 1000000000
754460324 398259005 676398962 692265494
915417051 680461221 70077081 108496663
665847491 27383570 501191547 528748308
817549416 669138456 502693193 573376538
621776860 433835803 718241474 756347016
699540612 841714698 860243310 940278854
951529177 248413671 518868632 542614093
109452716 458701283 906155596 948679064
947208371 909237161 30537630 67246993
657552926 548553561 382213280 391313059
640400466 486868790 283640591 369673816
936151289 487969794 443908645 448402619
724495378 860280225 481571811 542524282
231893529 785143696 154295992 230957417
212411417 79727411 968839997 969818764
365271548 390765675 212440253 297377420
583861779 428889583 162112747 191879927
815501374 805869811 241965895 321009606
786224885 234613831 119757852 148509107
617674516 823552597 541098256 567020040
289453714 574779847 439560453 537039564
946709637 24249250 711572186 752654888
266718571 97101287 677143815 697204813
255704228 490632605 620943063 659809865
673444511 284876701 568453906 591015982
528609197 310179285 10019697 33274620
490405984 572156591 233308219 289796036
205170670 225939524 647323045 653503452
26693953 678017788 307038763 356230222
828975031 514851138 197215600 255031626
819561630 639003237 147709682 204269183
794871524 254209748 345016588 420069173
297703113 882140745 237435470 334756161
371129932 605495856 386562664 439957119
13203806 889416297 629470804 708056309
335420450 926596454 475842666 573885248
356592635 403652489 120053924 165303956
792711643 526588609 191966581 232431443
724155120 481657808 596319706 676119121
250735452 517435549 981409058 982426111
789066228 693702129 779234914 848516499
51935488 376227554 732661522 752892680
856683666 89598247 81312580 129158607
751070087 293562916 978961591 1000000000
55466802 899646515 281414120 353753786
857879901 32247935 659318705 676279844
959372488 864185366 310563927 332333164
84818892 475699951 784842400 876046609
876277463 600365290 889727391 920571944
841059842 829560251 281030867 363839615
373918669 775765131 757849900 779715835
710564412 594834555 921645143 976553657
500429365 495447893 337586527 384902373
616535085 964642852 542729930 565081796
267041423 532484954 385296418 451354987
2522420 60793819 20396876 114350920
9063292 695535030 920397073 924613487
746970239 56992832 443669227 534366455
676045737 88802352 755843231 775563297
532196931 367273114 429900072 475014106
846245842 698563965 109086600 171587977
793045019 197695323 687040611 747363537
144160295 733359864 191167568 233178366
840682673 257405235 471570792 527899669
638475692 336261950 524433843 609498987
411599216 796792286 791278901 886850821
65293799 195233185 385058142 426640149
499672772 35967871 652690565 722023016
62654412 759578506 578697909 623886799
598802610 222323058 320644624 415970360
276501243 656948846 250755526 347735087
201227512 595943609 356966656 418635443
826566659 532276356 466801275 529099344
219498356 112694743 41290448 51917933
891787911 685731207 514648015 541113778
149221844 467079212 683822117 766840497
440907972 238299761 120307074 209098060
940901235 780216933 4222465 56276118
475633672 196342720 134019785 218422193
979042662 643462635 316543867 364227080
307251098 686329716 122767761 194199210
902755692 426316832 317982789 339025992
888514004 418342372 554020113 630416331
314246549 81715016 319707428 351033612
16956614 324814838 90492316 145133604
906286020 264526212 94919481 162173159
22448545 120887783 285456470 287310370
63900181 744698706 250647930 325703745
784356822 225951043 452331210 489893960
581664082 849074031 92527981 138469043
83089505 367006618 712989449 764048272
291525931 196676291 706616634 805005076
55200277 789555296 322004053 402683017
924827925 92524241 532271885 589749007
14085953 3235269 109422064 114482377
614492956 372081325 282499670 352808320
310988429 498956765 254536424 330529041
10610014 408632798 908481180 942541884
182507067 63324724 732940569 770768348
184941509 948966521 907446222 940196258
63395724 334524773 931437042 971079772
678717341 337106031 145675699 187349345
331919746 328183572 382304760 474245856
841340943 546545657 783044802 813770067
598799704 363296010 299289224 352710983
408980941 543863448 674881996 733395344
689830526 286138616 539412839 637350229
302734006 229155305 498369800 500519636
622725577 450185116 855276733 927113383
843513559 944754430 773896818 789766844
732380471 292821528 805311338 845134931
191728472 226582638 518581819 594491268
271865660 352439435 923670417 936748662
180656667 11726371 834372733 931196968
518845218 617687998 58142321 125180837
949890287 978197680 870766436 931294995
739064926 397139277 138421696 147680173
556034010 340922919 285883220 381975145
561322012 385230515 276532061 337137160
468758954 708613756 961305183 993292831
6497628 768804491 847968063 935071401
625667623 139635494 802956327 853451020
693009764 828141415 90614363 141527120
577606646 686254305 146707148 223216542
304649734 593064752 804654314 899761901
47357891 599650757 643660039 721010606
590318051 627706393 343271065 438789281
222452339 846661745 101477973 111152445
96901623 89610671 715789886 795522003
460187813 829520372 299012907 322326560
322144096 934099616 308882391 316368542
476994173 707391241 446410267 446462335
17958301 870062146 127414052 156028285
876028137 354664215 630989216 674013707
43484572 656135000 798473524 802666932
53448072 287681854 622341208 701917953
949677384 519606862 51778937 132734364
488180655 777271074 63901915 137461474
598306439 234942102 63578108 118946072
728976183 686790280 243215515 301971982
584267386 458818276 835299181 864030725
20292255 133718557 524879076 580830483
27168910 409389945 326090704 415084721
795057856 90640886 5784494 30205354
933760576 995182759 152612642 247729853
640228478 749776280 155888203 238013520
637871222 425124810 602528770 652738246
152933256 257589031 517304017 572030730
710473850 37005656 342642947 357835987
278368057 200812467 29933476 52912235
700328173 871447682 942573162 1000000000
369558120 203654905 38541930 101631967
815470974 652583106 474724094 559470910
397640807 158010523 238975962 279413085
576715143 288744906 642400380 730648019
854720028 856889231 454162568 459247250
976300117 22317905 766737196 790557759
674392542 298381276 194328955 196618119
297919009 619771504 834427188 875185044
108689476 843403037 303080769 327000899
117370637 361568577 589049728 688883157
136588022 436443877 521769993 557086469
294226793 346762927 609983630 661067729
709567504 287696316 62750455 79247950
301413166 337609134 813188318 877363900
781958517 69959038 109233178 181424965
918764664 808558164 549150628 649069881
893968832 323007872 908089570 909801086
756079572 178080975 234654786 249883494
796607277 373675351 746558997 770578456
121981261 511822572 74057006 117243410
774628061 817562892 486444334 570774525
919506750 985637173 169936236 220134066
799041495 663088109 432470394 462007015
804183889 561729751 381942989 479071216
675352180 595565479 15070905 41870511
774817509 382892541 650934982 720700157
323662298 29391656 6441382 17457506
117297365 42877807 795981437 866612809
444547013 751880687 190843245 265050942
699084537 794030714 508226355 557992832
100937475 915690511 341587145 420673562
373206456 449611774 294787091 317014445
914340220 777681311 744988199 806274411
478582040 969936530 699285786 704608787
319922147 650720499 946647226 971362680
975560579 180268827 247628052 306835929
160209239 720323873 707623570 765058049
564821123 14604018 884827980 959379312
185644967 812275603 554303193 571142451
493141275 943021233 790232685 799423992
544604680 793998692 669632763 696343201
333173074 130308295 667323016 748053500
903606023 298714058 457793234 492203738
799045662 404464257 324353782 370512529
974188615 530983511 328761226 388955948
771175504 756810117 652934287 663928464
835363909 940352437 301865118 302879110
915994076 796491402 721747316 755271211
445732678 740086567 199510300 275451682
574405373 347335998 837145641 850742007
900408377 656238530 925765420 986445335
532741691 986544086 601024489 697975495
14239424 723873317 759198466 853253598
54869318 523005524 817213047 878460445
726881888 529759039 204662712 219072280
942018173 283337963 123974936 200913488
8799273 532077176 137963049 185166997
290754050 745608964 675672840 729999769
62497022 28149645 23145833 96974943
269202266 210041114 971369015 1000000000
529765969 913605606 184803811 250485137
460551119 248941188 968315758 1000000000
395350377 634530082 417325579 493430971
731180008 315494022 316058258 377020620
389281196 33529808 799805298 874973013
504290324 931919697 255568567 297253782
423260566 967495945 981544085 1000000000
15422059 455678472 39242954 103770329
223405379 253208440 426688189 491768481
786746094 602217031 767246755 786238361
475527573 966574659 122389151 175789488
865086843 74374332 453406294 469021665
393834829 120295131 602120203 643233436
233286235 801029644 632940277 705533088
845832372 21683826 461501470 548517116
752036194 440349494 621479090 636339816
760552877 381318055 455162409 490424593
199910921 491792945 675973302 692837095
678709646 848404028 122482600 193864812
191489943 647377543 526729407 576505899
29978341 271290792 190093359 197102378
408169682 555399973 968013047 1000000000
615958990 46307645 827547983 917527865
826725691 372423579 492271322 527867604
361455076 41763026 411603911 417717031
407519542 662929642 401863227 430215809
351925118 253972939 923144753 1000000000
670273794 590695700 77697927 98379966
36591881 584291121 996345679 998590930
632962155 915957482 690199454 724642613
63273707 646976657 411166100 448761255
837967598 34473874 609467908 620276433
481919790 734938934 769758537 799461898
949620127 253420201 528643154 568104684
83311283 137992584 375269665 402974523
792248204 393211179 509330535 548542544
141950002 487528644 886021142 903308213
843103693 616921613 481427769 553384398
861313006 553666130 387508391 445342038
115163356 955010636 52941967 56817433
748449222 860715150 121370521 159687162
143407194 856972951 695432226 738049466
486978702 128078869 404846283 419025371
224383290 583720447 247399838 288090124
775417947 361782041 358185322 434315474
952340446 395160659 962210526 1000000000
291668596 421616306 153701343 156429634
968796422 607669695 752464339 786641143
782898930 753771103 85059734 180341872
522520844 545655900 941136172 998101924
743085205 801056431 403825259 432550878
480085133 147437927 240227620 275431315
296965472 494911287 571911624 657106801
831770308 218553757 755311674 794792047
274637830 373202142 410529933 504553398
850762765 965364235 157838375 222752086
728738881 772948154 848135230 929933691
306024456 937186903 343797994 388143336
742606491 774803000 938632637 1000000000
660085677 548208534 792667246 839695679
900367893 194759857 425068536 501673412
696716613 448829782 487630356 544153727
886773523 440082580 342766029 380747901
383382341 130017699 694491363 707536346
525593246 817230484 686228150 720769328
837229109 476674334 35743671 106554181
363049987 308008409 37177523 72059084
721614635 636232303 979845403 1000000000
780070365 197011367 669115795 722701312
978327079 928272766 465088464 539913345
895198494 105679587 430963539 519169669
447967074 703266657 233407535 298063766
301683843 610240433 388437092 445731191
212544671 328505572 590016025 606534223
382558295 9958373 618578160 695294655
613840354 883884456 359098028 453529375
262757240 835496711 627701001 655235008
525925707 306677523 764070822 861581680
161825417 989736739 568375577 590423446
875702518 799009026 386903795 475911494
361376514 29993060 298590602 350710456
486784924 910168307 343563037 408848233
27111755 118331787 775289680 848979992
690310119 415052816 472714528 553213545
544068457 16935465 774853758 832430661
105368537 471216171 182904332 250166771
107607799 277967766 966842142 1000000000
365047196 552239866 27341036 53810814
494912918 490876279 606965057 660271920
843821700 602987472 467399958 496204772
68151573 961709584 547943302 594265979
511474891 592095469 364655994 435039905
513914677 27921684 971528641 988203590
279954094 876154635 172987049 180188727
997468516 231424931 229120321 250998417
483627554 760669404 924054067 1000000000
374824684 648845515 445509514 519289382
382042372 447941649 471672823 522570113
53226900 590143733 366257474 444998442
327348852 296954492 256532469 273804423
70107309 765339185 176223047 242410577
75861402 623611355 977405407 1000000000
779184157 572259404 4529125 52620365
837206318 75916555 855394326 954524842
572199754 817008018 894268300 994022346
723168924 68377318 418889680 501244040
768990767 453683111 390490485 419030943
855867289 52124964 526525195 553263399
781713867 981762288 766964960 845569946
720450057 458757414 852118974 855998834
116383718 561765505 22073585 41968829
619265447 439724576 213435568 282266906
292136452 506178532 304843721 379584104
343037099 783362489 766374650 767325687
922810574 839916351 170692043 190260979
271400835 222550259 225786201 257745997
557308589 659271303 594470795 609585560
294671050 60763552 664628176 691501653
440036420 899049606 613303105 696561970
67351794 512166894 205749714 234155640
452398976 18317626 67826818 127325226
595423010 546678489 593700850 606126361
333086175 919131371 110704181 157814845
592479516 411829557 219883186 268400043
913528778 168120073 30459565 40497373
334309613 127784146 235956502 313807312
368643238 32742305 6178664 102439373
89903168 316875000 86893598 106105461
55291381 188297160 377701001 391423226
785325039 971592573 851283061 894793878
843415839 602250504 507380924 572289587
949577557 991139216 47959755 104223843
671055746 466771108 558475717 640773687
356953624 803229293 282017768 333313954
638231579 566526385 925561685 927496947
677610187 362607665 527541596 589968951
986794839 261643952 133788973 231007310
87000580 895048544 982272015 1000000000
822235308 76244610 631576660 709267462
33063205 314323985 295062871 367076753
657138427 641367453 410587320 452463584
735357388 882929411 790390067 863618197
915853451 327686853 266110085 328373097
902341098 801735337 486706676 541535086
392077834 763269279 129758120 143600047
310029143 588370509 146424547 174355483
764265384 514491328 948003580 999453565
783279052 26094784 739913763 794159814
241116746 175049989 866779322 883733010
66998045 217509619 916519096 987889925
891060947 213238483 33258115 52676063
348468869 723280885 532376085 598264955
399358238 642832880 358669660 400879203
728705131 773679524 375422106 431060300
356827170 541400068 913385558 989376039
169324074 531992793 95477537 157260225
596780007 100905658 439596401 486070458
676706537 848000504 624321867 658040745
478310622 995584421 198139543 270159150
609242380 57396420 740820845 776138151
556368267 870479697 812167056 821655187
127848679 208293741 225179446 275073763
694765164 665682198 310876880 375676571
369989578 610915032 17077879 55987144
47843037 8198522 560489127 631876449
983648790 303567970 859290556 898951980
322634409 239265568 833226720 840602982
483509096 927798481 534824287 595229041
780813305 797882844 91268126 93194109
221287497 159856700 97071255 149040012
775766476 549842581 790073304 841561330
265964101 182604845 651276412 720644559
858423651 337994156 380181459 408402255
339024850 539507096 781957536 828612416
792489935 386494003 894701988 916043767
9833448 134552166 183897230 210344616
264867956 116112512 166798131 189600752
851459680 628978057 326776110 341281981
330576175 477769841 15128661 96542693
267390434 261272493 719299622 804923659
501722415 29404095 481474870 494182891
713261882 292504287 136911817 182445381
987286713 37296628 964073450 1000000000
981212472 719893909 807051892 839445121
114614352 582194011 693361230 792655692
535915033 178348615 904907973 969360177
284034295 450738763 40474009 50476922
633675352 323449598 528379196 550196699
344974000 159881999 170757586 259283706
775756854 245553085 462225400 545046493
314592092 605846358 579242727 599664954
759403893 498620911 87305230 112406542
736254715 106502828 18737908 112146402
113239965 659720671 280960040 375613509
389678384 123569249 2813162 89514050
514317169 29677029 791744821 812644240
606235548 43376906 703845195 764773477
287443725 110003335 413247928 481738134
623997653 973898715 572559909 588824010
760667369 255941248 591243871 681115737
578166230 629930711 484259420 550532140
420238429 473898794 767209149 792462358
581621669 599717430 520837270 575332206
398761421 329914585 71379158 139568692
915195266 273958382 127574240 168252842
741146348 556903531 749694653 834014379
796633445 133156822 997074109 1000000000
348224090 958803998 770126301 861311086
531963871 419109273 770913137 863704899
622129802 247693493 374379345 397542371
368267131 815363045 844354694 887680883
455938018 672691740 366831731 411935680
307207481 389777417 332639960 400300239
858992481 459264018 915658319 943935498
239751422 375575248 234915737 264024887
475386356 84315372 119182532 205902587
624894222 117635547 22213244 79996483
429841817 166608263 903923242 907386659
766523571 816605997 778211568 812518029
597616185 11102881 327374472 416275580
979735708 153319355 551453513 646746396
26041042 169818279 840151536 856451464
787327915 162748802 433130851 529846608
256411524 123534211 156920593 215933809
476932176 530037438 876616199 921876158
243875202 474340875 739869567 770815360
251592457 595087641 132980076 201591001
793191408 361175025 159522918 254315295
666010448 713085132 89024905 149808356
481704305 381739025 747352796 810533677
703785122 392088660 122707244 209080694
120492095 419799714 202145501 280428164
577779976 626222283 280274379 346030962
326685190 604569323 970422254 972401461
662321131 853895751 347815807 446873555
539347417 910669415 308933217 397205964
164244582 111120313 589937271 633793753
703000773 989742063 561834453 586799253
32775429 337704303 425976522 487212733
47972534 567710552 212090255 243303718
669680202 358004965 873129872 927216879
289534706 889049535 323840505 337863816
13742138 416118304 599879556 684278534
34726878 306852793 660047146 683963162
326627565 334898149 175093124 259077435
16705647 139975360 112007782 211854384
327774370 783553559 909382860 918458124
322547612 222958336 515510702 524221990
554447253 881586253 796947143 860185059
102100439 493458868 250080955 289055964
426043964 801604153 122702407 147205328
667983651 521953263 533446096 605794838
856692314 106687965 431613941 460309072
462950994 358836027 598159908 608193266
487075331 585826874 716165837 737832703
656633722 819042068 116440058 181679716
251392624 678150050 292136823 322824514
683009486 588370412 562432262 587452031
963925229 990142880 313441603 389711100
389727877 924487757 240575317 302632763
8674982 21064218 180050739 202063297
548971140 71556202 920699352 1000000000
942082070 333297087 675924256 720449625
826241658 669615905 225922884 311896296
885867538 945668518 447677366 469000802
673539416 411079504 18061843 26457673
476397975 843411322 769395758 770031936
498922257 396526386 383753429 469663226
68317163 984678049 197774516 276323269
56578686 216867813 807711714 880643356
751988100 939639374 506588450 507012905
362399534 665885070 599541828 654160841
104622554 297265507 80729343 129999190
750709164 347685474 185176613 280263255
416579774 711864096 452816460 454021740
503002233 605858279 497832545 587570276
181993419 934962976 970217307 1000000000
328040895 390388898 491718356 546422669
672352413 511813929 673094063 703118484
958952435 658890851 802677110 803657530
457822347 884502868 849333376 864079126
784345815 545367992 747340914 812765338
136829331 34206017 91273109 130756731
771762746 881939518 846139180 940706876
866506006 434978801 719732436 806005427
122453047 569560683 93229566 159878011
791188221 454447641 993064653 1000000000
644000920 402984835 569950368 590154338
325829379 740335318 49057002 109513490
844968958 146922448 371046062 395349353
761912671 5299279 377247552 411581157
873540790 376401454 218796360 253702967
189127455 3102875 581056577 636652547
167119280 676819824 857483925 951027437
259258174 388322598 452918093 511547842
221388844 927339250 476705779 556888669
382801755 180440847 720469188 780967498
772621626 26512837 625372218 668023475
533477167 446145923 798891180 800853719
41480712 112254495 66967172 115632381
885232786 450133543 511944440 539282708
891861362 398806361 256001262 288629329
40688704 882282304 478831804 504416946
657101279 278737685 466465730 553486959
413931422 214225737 875162611 933281323
545683509 580833125 919789504 1000000000
404127688 949303011 222997828 274063178
593097665 250768098 379939927 463819723
777480851 987556317 455065906 542983215
764130189 940963299 497555960 551372469
593398494 157852442 490917814 582889432
427759484 636709376 775295180 849061203
145686922 905933820 682898842 689048155
362372631 213310078 352071964 375891218
812790436 159659923 755343875 816701461
621736909 288330753 393190897 394295462
600205140 499900520 72490667 146173123
726680982 193078479 323561889 354229517
203400682 232171224 205922792 271995689
318592757 167551942 857178598 880219389
348160109 155374606 281469922 331182126
415020143 461647718 699926237 721403626
863752403 894404540 766587295 811403226
128166115 462855240 841208412 917788756
73176003 815181416 330739006 381923497
440886436 472290904 184494048 254675166
366152894 144101257 615652786 621098140
314319329 223068483 165075702 195528754
184587618 890369555 439528873 508459780
187828291 835555983 329962857 409378848
213477919 797329373 182065940 260045015
342666088 95288395 916766278 922022487
528407892 921407733 746104388 758250025
951873282 775351175 435053635 475286002
517505743 720789768 932283543 936627638
104746678 196613432 704622637 770350979
72908133 719236244 963876609 996541515
317653138 86850236 769984614 837632259
131804319 535212840 897137020 965555364
344599940 441558229 787151627 791519158
482410295 576924156 390766856 467840703
385928103 410977261 92869738 134888166
608810733 994057449 813623879 882801059
328064570 341183777 733664858 753218071
659185061 682918421 989212948 992810133
227843167 141051154 213439448 273774342
253660147 197387511 562356132 600781872
719317256 252594884 322710596 347995070
113610114 715978568 233708044 299476948
626079538 699642942 13481540 55496470
525864223 182761061 807567890 849268881
826118708 544232061 705616526 776301655
298383380 287751157 103470542 127507062
73787370 676797559 864124638 912207115
302371668 681536544 923878234 971026159
982084354 526061211 108417953 193275459
73248590 134660766 296634898 319326090
59820231 616157139 204893857 289191742
793393164 318645641 908405278 955914108
260977964 658751924 313185798 397316333
831663874 165335885 169740686 251670196
557411905 944023963 831062763 883465898
452777945 977090199 796632356 824699552
667531397 902443293 663497033 699467482
664009847 541738790 601196693 665446819
282093193 618788181 738110937 822351570
475138397 987718019 444607423 452607895
530666375 427487618 677686803 775453152
71339965 225878949 183196656 277353277
727694996 884046224 58667042 121976663
145459065 858028835 43444361 65945122
97599762 323947132 236790635 242541470
829740841 129684585 163460377 166138229
979116009 205049213 229300712 299594234
982909164 871376209 456502204 551778411
490365140 54634299 379942656 444460789
981118925 827132143 749432286 823483368
599167669 410704577 438787160 531564717
994182457 972847462 445475012 504972942
174968494 796816898 420528451 435089489
456476037 762194219 146943994 235511577
403957078 543433608 286885699 358276768
126815072 937211202 705140475 719116599
94046547 538973256 949864130 984046836
187582657 178841983 936683141 977169137
631058645 848788281 908849851 956211409
712461391 449494179 575353441 583083727
358575711 72251042 247384229 337124185
497562189 654268086 132760371 220291103
978316293 610174194 788838563 839060359
694971208 698392065 177142367 255124296
147228045 512134692 939636216 993425923
826261988 86630044 18927571 96131013
206421584 496472404 255819307 326005746
15189432 441061448 890984742 935927914
798263463 522875411 999711081 1000000000
816761511 117665112 806142714 891840249
340556973 315112253 799431543 883258454
64858199 419026254 130399514 146876420
985896384 419508247 66938353 86579348
70867576 512950152 154561818 176281128
169308316 906267653 310763343 384537534
859864147 824310247 270696809 311324092
351390691 735677038 475838902 562305612
847327879 942558578 86197051 156136513
643463647 555400654 365728356 442557107
934915109 384023000 288470951 302869332
704105245 988591686 88023537 89548240
340742306 803179911 379545034 454700132
533142769 419546690 282164093 318591565
942190592 368120287 388083630 446902143
434880643 17411537 697106899 796663599
4089585 927051649 328617531 358820329
920135019 641933117 977756734 1000000000
449627480 623775850 311880965 327442183
974342247 158985194 559120681 651641231
515709414 911751621 315053893 357738848
901042356 230663289 727004955 817771210
989242115 220317413 878663802 924934781
356674544 494930870 373284433 444260611
737319850 639729970 42195484 131208840
410262084 70581497 740629674 806856512
175237279 793088941 367309429 456350814
472848172 576124532 291506318 338882161
473253177 633643632 39041575 82424291
182361718 242391428 687327091 746085754
962252587 257684160 808950479 869628647
197780291 993421966 669513900 720679041
387190479 753481013 797008083 837478546
183485634 445344884 229679475 295351377
177887733 42431213 123496596 169197124
315972239 744823916 964296656 979786736
102809109 468140382 555664859 648424532
462463130 597848072 483246638 537486587
459078624 917822826 682423141 746979751
755295123 901320367 650942645 699721186
847330854 415321910 801985333 887526991
717726004 836160140 402036596 489350458
673490885 284376432 693671330 751460242
156439972 581113596 715420587 768762167
738798168 136518492 737760762 786050347
831611630 74059464 496315642 555671143
770376424 565793202 284243895 376315349
136198865 825939385 131893906 170397968
900261935 482997911 834002523 931846545
66115714 563323989 494509795 495268552
134340878 860384865 470307498 516209221
923193019 580334148 318659690 332798801
971767504 573390974 877499163 957956012
425043859 147537757 932500463 1000000000
849923792 408673675 98371789 197866784
775352038 192525149 372302790 396049911
334949951 269724578 763402864 831202488
112423865 696139529 188130850 228766940
443700737 383879679 807945456 834972630
472324168 412476051 39497950 45478944
626211817 591293649 51999218 74275990
276597444 270122515 375788113 437634048
5581151 96139366 369705255 466525353
632345782 702017656 60516105 63710372
925324929 614214567 895522953 945166041
951730944 775704845 330845947 414857355
536353619 423311085 670079654 678901451
120721078 457818663 883181944 973028192
310252197 925084006 108339989 186592838
768191639 643809798 754393744 836459939
159347234 274829060 858228458 906773267
598079707 843373087 853225842 946691498
786976321 678561579 639930412 720702569
71123561 509742088 750451379 849501120
890374231 7830856 936556183 967021140
748800698 675651510 33134650 124644612
188945809 631663301 423632669 472844001
320731305 545292934 622188932 712785752
949996877 32085802 927379822 965906893
884017267 650553883 15489936 52494417
493389712 917016037 887523678 952374157
672486467 78093852 360513603 368363736
624963121 304151727 441335909 450765069
366016431 240019112 493923437 510068763
646805046 480289911 998482899 1000000000
723142121 792814750 699933637 725459021
813618249 309704226 810775497 814316212
830678055 964915617 250894398 323207559
95018041 624341274 791201249 876861414
830434892 342659746 548743946 598549158
705573844 24509302 51518740 72062826
212415850 928270863 107384410 131781510
552042984 180653545 785687246 824793620
903748350 118737527 870255326 957276502
739413751 730963616 608716337 614154558
281997528 147226456 142982079 167926697
115803757 703348186 502146752 573448434
685725526 440700971 283073646 322754039
483946739 479156214 215089997 270711817
615738944 432461120 563907337 616286090
832982645 960951267 987553508 1000000000
998254394 475109154 105623993 166247822
326133078 772398119 925154400 978991039
843832964 626162301 721803106 802238366
554413525 713457520 159491422 211164127
380062854 829161377 940044985 962353455
346539422 109973889 792506028 842971881
868124638 418457434 413933539 465362684
901425668 880535740 914893206 961700393
948808158 6778627 509427697 527174136
648024922 755439895 163560199 239272619
910667302 175302427 525440487 557152295
407039038 221912813 31041597 84742903
534686585 987218472 893755943 896051004
688630419 166404821 376752244 447849343
535312083 495522240 736179094 810222531
135978315 443510247 350356956 381914580
664301092 546112259 589358212 634092369
432117649 446058049 603183452 660657670
678683983 161194259 248181433 314203860
329428156 201423239 217785154 293858632
302996295 721953276 638119443 678704917
922231954 45377408 997420440 1000000000
462103610 919315681 405383725 446953573
542470477 130564886 225818768 266556615
19778086 47606784 905161294 930142296
619694171 838513536 342300701 415703429
999538725 842229929 958803149 1000000000
73328720 259275091 738973418 769855650
605655809 69332440 103297493 187614662
202622586 363883694 348155293 425888541
250560313 687173675 576004415 638936254
682309046 605434760 886162204 973808134
875507633 727502359 711794272 772509583
428828558 959372866 867264441 887660107
224453944 272841173 758960936 837378210
152806592 6713488 933818779 960318851
194438480 54437627 350655414 392112193
444970291 987105506 881085707 948707725
944080650 354371408 26096483 55252737
687054795 37301130 543194290 631031867
421594044 417623 813802685 818934545
142644720 868208399 546752209 634202943
771671666 931621248 222723087 282288161
282928960 503446267 328278323 397131667
249883742 378977810 127601284 128172708
645970511 772915651 237433975 285920705
155622718 622028685 130358564 190815140
94080524 523941858 712678107 804714799
540945936 477762079 587855892 610129093
526431543 932740466 432744709 510664122
343820548 240323493 242001319 269670363
510825996 267614007 323001435 335836550
919096071 458591083 997677385 1000000000
43465203 783701944 978022856 1000000000
732932077 709255907 499632791 562306684
495092165 153630859 784368123 872152179
10921909 491646969 87896881 121521185
884840120 706674599 316800983 382587537
440121187 860736950 49971476 91188730
327797269 503239659 677675998 721104365
67695272 1931911 485408431 565256358
167614784 522504505 790795943 847783560
365900957 398618247 239556773 295467794
101378599 535758695 451311373 505963711
838108894 159750809 993528043 1000000000
323898855 644252937 114475416 197951046
959916966 275928929 521321147 613968461
72804691 988108098 401420733 428088942
204395564 33236404 749603402 783608209
928723242 808359214 655720026 678737492
820711476 2246751 881982332 914127998
80876372 373641208 116349243 207261569
599434998 806734513 623422936 687033482
657372316 747595143 202395139 274420940
864352159 401601242 251024325 329996848
182694742 53579788 107608007 183415592
540714691 628122142 189979538 239333814
19276990 436119382 637253844 667017469
782335261 935006335 574735336 664426536
523529831 549707636 713760304 800504511
602246824 404100101 582599131 638194021
110815490 71001911 802115629 857612629
145308403 244000450 977791323 1000000000
48681674 741530075 206166669 234962821
354895472 126976475 303870507 365352661
632615436 209090713 488181495 562525489
941664995 188471617 329962839 418358782
637924755 669664664 405910975 406906867
799608467 228525993 774376507 865930467
827605733 757068608 138114267 147489933
149423384 673598787 926037824 987266730
199453851 40176443 578849481 626706604
516341969 642815756 750496816 755608433
510023655 271581389 304509944 319993201
946424958 895266387 492308756 530070273
556172616 788597380 680510029 755642277
731153632 286111671 856410380 939906706
720255337 749081872 800874180 843476582
774838077 693735462 886936025 942065238
40978154 689658089 386388295 398444713
765754213 740119135 605550778 663418973
336144225 411666317 60167574 74124302
419923834 925781886 811288240 859845013
986651524 504873615 216343524 269295411
666164562 185472378 263788365 351334998
62784576 389000497 436588892 484870151
273704684 484503252 925434222 940649508
468661931 287546917 830891644 832930189
312985731 638351443 680417118 775327330
62334044 421672341 221823063 237506134
917990203 131809943 585444454 640168683
291699467 231181096 298415729 365290165
494918319 940384026 875241458 967404796
695268088 803473761 351284352 381164123
576408145 846395074 321387561 367041238
761420644 131722130 15865657 108479084
843800476 795901039 159493972 162197507
261369931 941261025 653486414 726928542
591081381 869810211 155487104 238595983
622243728 866044497 135076672 162493332
670197805 322858019 307385410 336374050
750846364 118080300 95061998 150318931
57950166 505602043 861359666 920302975
917870187 315384341 393647349 422954062
538078829 333925969 170749651 234254068
796299439 411245919 179160742 273252345
447503335 836937650 286620187 342444831
834952242 983040893 300788826 335756469
655437664 165631978 704862283 745748309
444476402 452412937 935065522 988614519
532518137 52270109 610548086 640249601
653879777 185678513 492381123 539546954
513154442 932532603 188539918 263466466
263214771 772863883 643135588 702225821
662254115 280061436 137905092 186800604
484331985 562238173 9177309 78385961
665279899 545345762 908421266 940342653
188259118 950048122 77389050 139932877
771687800 229484522 136852480 208008572
216566658 209663819 410798926 415356866
219601601 90843949 338647606 414148950
776947429 54155677 822906603 910862951
204684623 517591771 512491578 558181868
609720125 828931113 810431113 821304960
345546129 38558862 627471027 656342782
767213685 542732350 534009980 625170298
653159883 982879904 15844853 89214651
114877284 833258594 826315982 845957477
877722591 875164318 316587218 413760355
585362602 73857785 202791351 224723720
887441547 349396259 38874951 79189267
197511328 755264138 307672304 373711297
268744495 12199068 45562530 70838013
106255609 19774742 443172234 449954087
775456178 937925930 951439038 981378394
849968577 712090401 917872027 993311163
655629596 292778405 851915502 899623574
827520749 667368466 275814803 301878148
623545182 45858869 857096805 953522072
252222196 706608613 391538239 485617989
708691532 865692581 789276535 815402601
856659616 324287660 305702428 383092764
520110913 797177176 390587849 455091370
155276910 301939785 488177495 516235135
512339762 621327791 798997428 879744226
415864246 625868615 395706239 463116197
847536064 95078946 992035223 1000000000
921531614 834574214 135163746 232175495
562905285 970568853 270989719 334430950
449966818 691389597 638655308 702630744
592854372 241640030 667310431 743018480
779560341 178876994 833591495 928823640
541428868 300883282 337186087 357952118
414093770 563544151 794561910 826512666
129925794 995656259 429690291 520438359
80607731 963968027 238415111 246970308
341313323 383081214 54898870 148958810
427356238 239907918 555964164 603040048
767812361 709453332 469125579 517165263
476121961 410452646 951880772 1000000000
697314188 785725351 374662543 388453626
741100764 623699967 204729764 297264110
249982676 21210606 766614066 850247284
936852171 854983668 785986192 884745231
262761171 256666642 835421168 856067047
657905196 749620284 94366863 128472256
947086626 404294611 386101786 463084939
352389909 23582397 975293365 1000000000
343320432 731141598 345772378 359594533
517032117 824210083 777300944 866224193
42586785 53501626 793104725 835351197
978708893 309170630 231254164 304949528
435840653 532747695 613014336 617351662
796702572 775680183 778300435 819854586
602768166 483812860 371992496 383981193
472696056 11500130 528800660 572254488
955224970 393919994 757928221 809230357
709740781 354976431 668407561 759015617
698561514 674219646 655059756 691819325
289165514 83147857 349032782 447605797
74772126 408863576 616629480 637922934
381317488 517256559 427018793 436655182
114376119 536065132 649332041 651361158
563162982 155378133 980927298 1000000000
105465300 504942882 98030497 186183533
642231494 141562275 491062215 573103385
816885745 847319726 867744179 960595201
983221114 707289885 202262857 218738932
269306587 810646353 56499920 150955703
61817324 488385579 45580957 115313736
305713309 460049436 342978812 348187880
754744657 431972740 106039925 174487957
139755771 106509074 919941686 950931468
8553587 535976636 328160384 348243641
559856646 302719631 935521619 1000000000
466842492 779466964 180790395 257237980
611225901 441908042 457637211 484020838
523213923 928232481 829813124 917872407
564112136 277143972 558354860 649971813
737620419 910652997 11921746 78794015
648435970 308516762 197066251 241925653
