82 326
104787510 778826750 962839485 965857607
405676473 260196857 325347920 364756428
816733393 455740383 983697836 1000000000
859477770 351641867 92438683 121369980
972461876 327876177 602537472 663817680
560326818 188808483 760805079 858625657
465084204 159556695 120638644 143191451
817463637 69098829 122465008 201824488
351606049 765842504 379117854 410862438
969638955 94987249 874672446 915418004
292675757 407365632 823512586 886060003
300372000 836022485 314398688 379386232
24276960 90917376 965543194 1000000000
427675092 622613394 168622543 231522073
23003567 899230298 985938018 989082275
470432261 85539584 485539194 568865208
95589000 809339209 871545393 872437101
956121212 827048206 349008052 447369227
249213622 637092270 477865823 537009569
773875128 139954574 342728401 435011912
811308862 109313638 847299039 938746361
527391610 547847813 836675567 849348458
767517488 654459803 881801347 889551516
164422372 919055720 738616569 807546300
761648719 164065347 530782755 565086849
712256462 61748301 421545242 455688640
29354376 811962620 68872685 112606441
913741101 454075931 80164649 139515463
639007767 193443617 560522799 616450614
557339550 803173941 357678841 388253081
906169955 175310552 256826471 308643090
838034584 898098083 94678752 115282168
460986165 390129300 628727677 691933449
111927625 39346571 800871629 898509946
797701160 447769893 513880855 583168807
250124369 195461292 570351325 643683676
761128557 491899006 277075090 293065254
56929349 770453778 776687947 777364047
32254941 272453864 483351456 484985632
711371514 871434468 828035880 888192403
794366431 508222959 426608029 517816386
472939115 794964157 187579293 211843910
399336173 100452182 418264696 424651091
401424455 343923499 295019775 387683599
168916299 210751202 730374161 824738117
249269347 163704098 720650705 730933124
966189479 213828797 198478814 252070342
20220605 613263559 562679210 572981946
434576265 120525229 672611728 717949566
356311142 5919526 251855601 293883172
475307899 744338389 858165108 943667923
752295260 899971202 173044125 250240864
337107041 483998017 990382824 1000000000
559890125 383677094 430549126 490638724
494586890 707651335 370251040 430941168
549548445 887064638 189909022 269830936
361682479 85476460 334884326 414399082
956505835 664027911 210748108 260403192
825754912 16798533 104139533 155212792
140279284 333933884 830741640 903708517
314260610 130157830 411709600 452835616
247159691 749693504 547109073 617806284
401155507 57276812 65510931 156226151
596082518 825097335 737916842 737934908
888177877 413862072 731020848 785628024
261930801 742356524 302445424 342104791
400582432 779259583 14719958 78567271
16972175 190487283 609576382 639383366
546786848 959876539 420276158 462926260
250541546 57823975 148695490 184250877
868354146 135780708 50872188 126936342
336462338 324840010 377091381 456718288
724618739 652074780 798139823 814827727
560572061 235178780 684857015 755868282
573252284 488415753 731112467 787968717
319082931 785907630 826053280 869281964
638589340 929985039 546786322 599252401
59104528 229829691 98336746 170585810
195116373 630522034 705725278 779354380
859279073 506823718 772177977 825373112
753274726 847431292 493036543 553093853
219658897 717464350 407787423 408693500
579331253 792732100 73924689 97645112
583532853 69659710 708099927 780514384
602064850 59902373 410016658 506377653
927146774 31061184 247815883 273498296
727893822 361344909 625796258 700025131
441284936 581825374 631201137 687603344
260832486 53641374 45984803 135298616
171863854 122555455 33083119 40853645
950005531 340908466 514485129 583588388
382981363 400796566 994189818 1000000000
616834837 100511790 4495065 66015065
852704180 830152513 300272296 339942593
773900938 21473692 10774855 54673217
128723184 865939753 423536384 507242293
76438529 660875958 520282057 588435912
263273570 741609535 468217080 559721656
176261935 840458136 834688669 907207758
704792448 684039420 35567430 82546832
831433451 757001115 202407735 231197612
777938874 38150021 496102333 593772168
433746713 993271583 664183054 752939939
507717191 330190595 484569464 570465843
888188453 468595763 622517491 665912676
405346407 375350667 26714533 62585715
115223485 402813689 297557592 322632276
114334683 378241066 425735633 429595962
13210137 509940803 754436581 843913044
295896777 458935470 300348940 347487985
289373026 579151105 772140910 799295169
588975130 499029101 938475252 946008023
393735611 604518951 1467573 38196254
779680823 37981176 828942530 922627159
631373478 279357254 253547125 284097708
231423827 934736349 85461899 145001401
413019930 47420663 721295039 730689732
667677071 36547477 421666932 485555246
436368002 578060281 218638330 306858281
330904929 467762451 36339926 123309783
962422294 40493968 170818571 247346661
323722296 367083857 238642918 314477539
405795903 720754833 64760989 73173526
306938743 721909609 246065462 310532736
618915420 144656494 211761519 266119656
236907863 622368312 677836905 703920806
620662905 373203221 762398866 787409880
275615599 283715015 968193799 1000000000
459812855 785029232 878667185 893168566
191567794 915548715 419203451 435021337
183082559 685886298 859123130 934025702
855256533 959690683 882689252 918929687
688673527 304854795 814661620 816833559
848399124 890044291 911476358 934170509
219650871 705972135 768949020 778742402
19526782 251883346 401599806 462946382
955707949 14124312 485287939 554209085
5160191 661510456 557360023 599290121
107816054 961052487 438693633 488732822
38060786 190273824 398265002 491356706
155624845 129101101 876552758 921220101
447265152 548450054 290180818 362032553
633912882 691752732 153710477 181525718
923939018 84119597 24361297 106067927
181082860 412661532 287933329 322606229
21345013 296023074 558298487 632656345
4751927 948485174 982038605 1000000000
26598410 627108868 307967241 388381960
674374955 175291405 733068326 819165654
133958544 586799442 812354416 824505106
30773083 802797459 397853706 411694077
895399934 968643534 608595264 682709519
232200653 487384878 404154476 472652849
670150935 886843692 360400183 428756045
25530408 527922607 872076221 876471145
293356750 823059602 435110094 469825996
456664581 237434284 66042974 66646741
666312810 178428617 296949477 360065207
138950702 130813952 302554319 397089834
721940282 980846493 750087685 835465752
147197014 43814459 781637850 805589736
758604774 898323837 688507327 695170215
435618798 452742574 671644205 694246228
712465655 94806877 67066775 136982188
238301503 953217520 636180689 712700175
709952857 406339201 9592711 107409360
84775074 2275646 833985413 837060760
635684304 253518086 672874244 762883178
506529372 475178292 685466968 763885163
49068252 24604120 725652019 813045812
836526780 275261502 742122545 813381481
432908956 728093347 350927664 439224972
421114480 918798262 754875827 795593348
113934334 641932960 801559513 873033797
203532704 713892934 417881865 433199947
318432275 471063232 546526424 644245228
524484037 209413247 897359235 927824198
96545786 352861863 436092172 462383095
4306082 287385148 616127550 690912263
602907526 15982926 85754688 144671305
666913775 177401855 123341994 195740445
497681742 561658765 50459888 53153647
891434706 543649085 328304266 426880945
426484388 821647622 997165332 1000000000
351419741 873839945 220438412 234800658
604508616 977816502 192917376 215248233
83413471 291091122 543615841 589679658
199142910 664450336 154551541 249800775
366512561 777325088 822649658 872865248
266174508 796661747 764370321 849413859
25744126 722581249 771091760 806135011
652092756 95718970 732766502 740678905
851891916 366159853 4223407 91886590
24246147 723541584 292936066 321238314
69672471 779070036 123379630 158970829
645987793 670795303 698777282 787943360
462196729 455746994 810240822 883708628
355789296 543052672 97932393 187447263
387831184 892260745 292371720 336058108
599007355 516379201 646473529 726410147
326193533 635593821 962822460 1000000000
40620557 392970389 357407446 431835661
162184682 89431568 139071230 235627543
841715546 389011978 222307704 223779467
616987946 861971607 626458705 645370141
99540792 990455099 591850502 599669560
657089380 458124849 691551402 769730751
479435883 959162288 41579249 132008174
790904775 200805949 537068149 570026572
86443268 198444573 827486501 885986468
996330265 794456264 889439254 911128035
922344033 622274612 386609332 419824806
715251642 749100580 847516547 862914704
926692349 361646644 324472985 332738247
45917472 210412905 279312744 334521236
609198790 256776227 128744071 197143482
89854812 126060775 749459711 753419135
78996454 704566833 130215141 227368591
873025102 687308404 955146033 975794447
255956841 503513803 115150992 130226683
310478378 111713108 177069999 267916143
586564919 13628413 862113449 926924598
113003958 120649562 827207429 877065804
279948748 561014540 899681223 904829734
36147847 432486982 816086037 898482077
46612426 990090079 525636680 556005221
296393690 225327807 533267275 616870453
707178231 577796182 564083276 576675666
354987694 184019717 313276433 348823733
945614753 999019148 546669393 640449587
267573053 240010415 218244654 257195409
257304688 230403885 438879162 491462775
35596024 412667833 467381214 510792628
636761578 787990592 616720654 653879768
145127227 720503666 768062299 804258459
661180158 907281777 854129583 877179578
512138648 957083600 574341002 588338614
777939509 810349461 346584181 374905021
971290248 497327871 986872452 1000000000
537987862 53972628 473148784 506855141
503429697 793142321 634434315 669594183
441072900 946635983 832693712 858715044
399197192 682510475 916427537 993398884
756698594 573697015 654232121 751527798
137011201 805759364 156440865 224803568
270635902 817606139 890872519 968026414
717834149 368862901 111768703 179754660
230042499 979145804 357830929 382751678
32803020 423126185 632948928 658446182
677944380 248502372 877094082 888239844
399658667 590134760 613428065 634120716
58770947 113281649 990450143 1000000000
957107288 286290031 293875228 353671831
147581061 599268384 356368565 395268932
115861492 711242568 99715421 160043016
20988007 891456899 604278715 698163924
430554180 157595584 148666201 231062973
849122277 653096108 793131173 869846450
124144156 647028516 666300685 727151544
696043939 701527086 966324634 1000000000
382328012 687161838 801196764 886945529
277444494 469988725 84655402 87473032
171245950 258222567 247724971 261323297
465879736 141244055 686915121 735931001
468025488 64942553 285998558 370713010
907631781 408264800 695828000 765826440
926724287 732888126 539409712 611020464
972858804 328356816 902456575 935424231
967552360 128626394 959474681 976860940
833635458 346277887 142106962 144677561
437922471 79822021 450003357 489031800
130169328 627859007 925084605 970104501
698906722 913599852 488158313 511023818
388821896 781584567 136293585 141547874
61648071 39344139 265301452 344615053
10044394 279117999 233344765 242117941
117514122 211463310 39463546 124255504
180631169 91117373 662595879 761577853
620388766 838152165 364092393 452848539
610930790 978088130 982333086 1000000000
920862247 938499107 819653357 901400258
261835554 121402225 597724092 634978390
195614287 367088188 892910861 906229365
569405686 100830208 729341660 742358162
252376656 994353014 879237568 962108556
389877537 214239947 693723772 787508581
832993522 273091739 277885339 377267914
738359093 209153811 611382639 676207512
526082375 753427500 629518194 629809797
276511677 833835275 296198308 381520889
40460782 678552309 604554550 699650837
324489018 953885135 789925260 830103003
953783455 607945965 719773862 814518106
420880141 93903234 775783357 851986634
782566886 444390598 228166693 245862340
980343155 947515717 15082929 65112003
425176256 995199619 791938845 841746067
39382132 8353355 963044488 992636776
750970828 341723662 560314498 637870524
696947550 66183121 467749461 474893042
583582424 762575574 283584134 334972320
281580500 449876975 787064185 827413559
915758867 248789127 872295111 908016367
156140174 511731345 86341150 129365293
390845543 540501011 950189906 1000000000
105085716 467509044 68887795 147177206
301128482 627799943 379392254 405601111
480996870 754867719 888285077 916692329
816406212 459241105 654023614 727310814
472380042 332925664 768991605 786614852
283108268 66562282 817227164 908046955
817387373 496419662 136947626 214908543
284093866 420437615 563794385 635083972
738570420 743827140 311185438 386839244
921202117 569645567 480664992 500066200
726782953 160283999 43019443 107649640
588162086 75219998 306281851 346848275
187722427 790238403 437318343 474423797
219002432 171725522 357971004 385251320
937107339 178228924 774332934 857096983
911227135 867664696 340399528 385973711
183484645 995352090 675160513 708623699
45323826 637756745 963943845 1000000000
390723645 635934630 513854611 576927809
624070465 373681645 557552613 600938348
255178794 396507547 117939437 167242669
