179 875
795003513 816297727 155513735 251051249
261962123 461138752 294568702 370037485
65371922 359988453 514415572 517557968
857634989 365333055 642177750 719527940
703537505 211947761 933145470 1000000000
396362557 912527502 868891762 924563096
344039097 934408390 927973951 969510356
619270065 605462594 993481283 1000000000
962132827 728360376 187289404 261921570
569219462 461560880 871220492 899062663
169014104 538306571 319131281 379163605
587227 60987545 106452134 131392261
4850251 819405469 918217115 982283299
387537809 193297991 71729274 166263188
176049605 907746096 728611968 816924132
260277482 292965993 615891968 626958474
586516338 904393995 961001878 981009147
608269358 355731159 999488155 1000000000
172589391 465079523 185882170 195969599
226502258 96724868 408237818 481547038
127229073 156137891 490021521 585788250
979409737 107140294 282594919 301415066
698924293 681746804 604094688 663813844
438233770 682340234 941817923 995595842
398680887 703548855 165724498 216894912
171394415 851116670 421250055 472821675
462947449 254316996 339143187 426745977
373043538 764857004 230115617 324956703
576482463 534385360 388242461 388701486
378910858 966837440 856941291 947869949
845161033 522537431 624603900 716441549
323064419 882778824 299677182 373132079
261052452 901352720 106730122 152473330
772966378 994344417 366032142 436105868
223469712 517631759 133059277 136927688
653942103 19631924 652229287 691163932
162122417 691389566 407647222 435744679
654071179 227344163 860389200 865968020
434105759 964020602 839822992 895699620
476452948 439236778 556960444 626448718
773876349 160562549 659154602 710526117
478928983 400172920 770792829 771857884
981196105 297596818 118659560 179806777
606910683 199811394 831108055 866598860
102739009 726135694 97276658 177749323
767268261 236396913 951458421 1000000000
862648235 316508853 513527241 589050942
322366773 907127829 552933813 615523086
478646817 356959767 15236208 39133037
635931652 662258882 16339527 25881566
314515383 817097113 177074002 240131622
256727916 144540878 59967049 131616826
717243692 230835727 676626753 765637362
758408027 855909970 327696842 407896675
229248867 727853514 783291971 847739560
308012641 43453336 643901027 738294074
741978503 896811595 559669602 582559645
16163978 495861177 93770022 192240704
483765966 365401059 962877247 1000000000
317635943 299598243 956173247 1000000000
137940308 915093752 430943709 505626587
924775244 188515502 291508625 321778169
918386173 737913211 56616540 155147665
889176767 846119610 459557653 547035539
829661412 988244222 465913848 473678811
29207365 913213249 644366817 667601876
296134998 990250645 184844109 230900449
886431379 806887744 786975159 882027295
216832136 381689512 45214657 91508282
604604062 378891846 313225666 363175321
299434919 219931451 168184758 231899266
626222214 4997567 718817532 812801528
906285907 42950333 393311196 464918658
183063113 368317429 877761564 929463633
529611664 614427987 301178641 360709678
27167663 243269529 103166322 200219072
767603768 697367304 194732478 247113839
649745606 459153661 458672582 464453782
44280341 992101409 694274927 747034955
800697792 985048676 866064515 883307771
71807358 61259054 521133410 524739852
609606392 783073036 818324949 906617436
682170629 777587664 140154750 162460435
207305633 921671537 665581006 731063018
9404329 512474614 913110827 921472213
786829112 49558574 941513226 994671865
640270108 349666590 43681567 45659117
113289737 480912584 575245944 612246914
174703372 492366621 92989214 131236505
396236982 3021693 392835601 428099996
462223944 694523351 447555599 545164545
998022423 965204987 759826057 793428291
189065597 975837142 193409646 255645806
620418709 123167677 746797424 753048573
68285297 934474313 720410555 807042515
555689816 747411314 632902248 701995212
543355019 624416290 522271355 597121463
834749876 425473367 105313284 120279003
890166036 536283066 176083549 188110142
774574404 212420791 312058505 411638800
113479688 200517285 151517491 234527748
117597458 308748271 423573262 514936348
642776739 886299919 752521105 809184070
533364060 32633175 244146461 333354119
554820023 121246079 444027761 449644055
606633739 250425634 674737858 760299980
338565840 362817619 242306969 318939892
441060120 28098201 650299543 676165965
24214564 846745472 126714518 128472789
938305391 975691558 3897525 91212804
497275429 130363207 397615223 420669333
308588988 493596157 607422507 642467743
529494054 200016419 257360571 284081519
226253390 338457534 187808247 221347766
38381827 268717890 86098476 146542970
852245013 847778588 209661563 247284496
825573618 104817220 6258800 13656585
70019254 69489920 239627322 268569081
968718389 732343499 444177123 490760754
911286307 948933520 346718984 365519724
588979522 727839189 936814087 1000000000
910537598 676348840 682809255 775425273
646930180 747349657 86551353 152012435
217418010 171957020 814884474 831153291
395905337 223527579 603473301 689145550
295341968 524530616 842728986 926378980
622085294 26990211 445415568 500730085
692729506 918935351 484099314 519150829
563883841 60507939 654666966 726453133
956697742 230757957 818751577 901001872
315774901 57867291 149277218 205537696
977325174 355640701 401748862 459610761
204437992 74538208 727355383 756108966
246881561 12218960 756516864 829717046
127813109 93954145 517055198 567488853
228623697 649104597 261118618 346723676
690736081 836681972 21524978 103092407
438162878 663867160 386308835 460516228
210880055 1229963 145867764 213356300
116003975 983488645 86591728 144960577
838835592 358151309 714096031 755903431
411406835 558091366 300371183 301720030
834923280 778069518 908536854 985147412
956394567 544805440 804202328 805172340
556871612 997257364 843095350 924770819
772304388 168328623 514338074 574799099
749578968 559608682 202890222 244918259
966843694 827419560 560945928 597182338
450007994 74151298 515703405 551381170
634804864 658344312 727505223 742037140
830502757 474813543 852284877 885883159
564947318 788170172 626259694 638636456
493643469 236175443 430275313 521476265
46946705 122474410 135484165 200829974
632524250 251224962 430113406 510864291
475295040 859705047 942554311 1000000000
121020873 964460539 194067370 290648006
177325788 440917416 507649171 579682627
117113742 790229390 826359536 889519005
158069171 10192196 718963656 763197787
41705217 14046607 996797170 1000000000
250845719 80086550 575762289 667373333
673094028 891500509 223855669 272588821
840187434 417980782 572723775 597293266
809648616 518004228 984791162 1000000000
130761300 870113368 894992835 936608610
364918071 761031734 614616991 706428264
536677585 620894346 293911794 336891143
174943007 504410553 482353963 496436019
910975312 701856062 854949374 921240886
829859867 679233683 904070548 974970185
12688648 565741628 514426573 598432605
977233641 403366164 741923187 814434087
894994498 213994596 459965061 486577892
133725812 471852896 410740440 473625923
914874145 490444510 881669724 956869012
953284936 696568055 490300337 585905907
756687032 528786293 398513170 481082148
399685279 911552171 276429825 356073383
868081367 42836266 791548036 815414907
899084687 938077671 365703953 375393733
240184995 340651744 229164479 262619778
506917913 895926248 665546916 744836146
694832650 841623346 601599919 620641467
984124024 104509544 185857899 278066188
242390109 236953543 802820880 815815706
533764913 370643152 582231045 617523377
37812709 951506746 788104555 879585176
544700041 65441281 203192600 256165200
176221215 199201224 398551962 406295169
467205857 340267147 205012525 261545465
145787808 171325204 668238336 755171691
340792984 789078862 701241667 727548211
506451990 341136007 11466910 44324009
46444529 347683754 106451975 146644703
751774047 647076614 416535162 433953986
155207203 969749991 9376350 43837605
710962150 199157119 633643634 727905049
128953792 848651625 64660095 76338418
141875361 956822893 546913228 625905910
487394370 126939656 669751759 704699723
313307226 578611480 749029999 793053092
694459557 434224921 83171374 134314903
719319209 821201989 783649421 873226295
706962117 944945761 785514071 875697473
464181384 957172305 350932471 368803950
282217248 616985712 679702418 759464866
901462403 285071537 224232853 266860560
154170332 816070551 899783926 908372046
674121376 791775576 956338393 1000000000
142281759 236566235 49753584 99747791
153565729 531657570 938185766 1000000000
281600205 746958507 777684699 815839920
870849630 458714550 779722400 848322750
769712833 465164749 401859966 446323279
107354767 982961623 649137867 672131283
620149529 423660496 909909937 930194881
508020027 374247181 771375052 776044267
17203897 160332296 188909769 238055442
764306732 79466404 705654023 789582284
156980243 251030485 347419020 398809208
493495657 982930571 121768000 169739213
563858279 837699208 343299823 394731720
594818274 231576250 744366417 800421958
20362086 218930066 746541016 831853113
698516768 565498232 164174739 222181775
329319340 450858338 378325808 419231905
793907733 313601068 883774925 982829666
437691375 453874431 45619029 106091588
35795546 907798941 741973731 807236818
243143022 813310192 589148896 601057894
535079892 317930215 554955941 583309923
58610506 38071441 535255111 611304237
557145590 649223265 750221172 791087106
902552923 759217018 336134438 417689053
241816525 945622144 462834210 520531106
303364923 776679566 82529564 82855120
507838363 607460173 251113492 299926401
195597512 275428450 106102354 151760346
335838151 456128073 568252260 660367900
264922606 253033593 26312633 53155873
882898076 755675339 969183718 1000000000
660176316 379897244 500912222 515813826
906990956 122867803 990573326 1000000000
206076782 684199790 234111771 326017820
427069498 280433466 508851801 530907879
1132980 201828822 739207684 759816296
13326604 31735097 352915631 361586439
69153036 453449753 932293400 1000000000
549973806 500138056 824212898 881748735
657355504 619920769 282866073 289841968
20144298 243755015 456849778 535063764
11407610 588440612 989418352 1000000000
658530478 309799778 727071799 792505464
261566324 56957353 557324188 590208060
331307110 563964221 937855241 1000000000
148351124 247487506 690685714 784986044
840145812 485093957 913004594 934672521
127168884 955961921 829298624 922018993
205086940 303492902 161047279 233797405
1486242 843806561 657630484 733871424
299241170 50029601 373536931 412356493
338106760 921614841 530860704 624786485
59366657 288799722 650963495 738057569
77856290 341739741 753515228 787924020
495321771 33945604 136572917 169283124
211281326 354513027 636880760 659155644
976438167 738562693 548948223 611165584
742251887 452580122 987973732 1000000000
331551391 967347764 504732951 564634924
43761490 401039506 204025064 296474123
399508646 815683948 571815779 658370838
801010506 453797523 443484057 531284408
934277789 493085795 12518706 89138364
447175170 183851579 657391512 680210867
394311694 428906121 436922803 532703772
510168007 565404332 565211837 571604159
440655683 800501849 862713710 938782002
397723666 26855784 53801454 70846590
887741362 655352697 374191095 417448167
128515630 997549262 988681180 1000000000
42420663 127812726 437744639 509126908
887482562 627719392 12490687 41194266
122693798 8571231 780526375 837568686
560774361 97730418 357637567 390255564
543540449 340267377 729675334 791283165
630353632 675873062 175239362 199356526
348715474 141227632 761831299 836947743
234661732 715192961 218541556 301237842
941476278 297936888 404106877 498720002
227684771 641708702 205422950 293456636
189338882 392292185 395204122 447880351
569618165 824852439 627392727 654634570
944962772 399125752 796304681 829863642
274754051 764772765 670965804 741371981
735005703 188059858 156184214 226157138
313144730 769951978 974314910 995864830
293562480 944418254 831779264 931514046
1244972 74561320 925835867 933187120
233206157 900958670 637973421 716701399
500971136 714203100 871478871 963009341
858290977 485025770 767959036 843951878
140871351 181494178 828627042 834932638
115879793 904315311 401788107 451688712
446333880 329363989 872635055 877063637
6358851 611523435 755150138 850723881
455696303 658593724 732204241 745359496
478433336 770847984 455627248 473170294
927458368 102127699 616951015 669010957
985642333 388078586 212446769 248915936
402026205 41627358 606571218 683580003
777475363 155522715 654518497 724498726
926045074 346305328 383027316 412575112
367932611 623729619 39783830 89288743
156805686 244251680 59373556 149863950
687952491 991970623 366483339 415271020
546805235 360789276 797170350 823657698
139840575 935349288 42300711 92562694
357118533 458606311 646427543 716111152
864754801 178022552 315967192 411330101
4404018 307718788 882680798 897724590
485590087 604167927 608940870 686065343
89590685 942871386 121843073 190091777
356773669 673428461 193802400 243548328
754362868 920261491 973481205 1000000000
787223814 27867419 855064967 860662611
745325406 94307636 804372455 854906589
475989856 531017239 57195137 99310059
344486329 498146543 241196348 327158141
331902826 318616646 651874168 674472552
6345423 598184593 858458982 864485809
595642809 82474374 944912214 1000000000
44488843 617690520 315022036 384275095
506905172 301501515 97014414 107706047
762669039 550929370 424972325 464252306
287318750 174743663 938998401 955297416
576671792 140272022 123889780 167162191
736030794 998450782 810519035 881196577
142531595 166063116 360816167 381973894
773508968 194784741 397105388 493968914
886977955 942215986 516794201 575277906
925136121 999532494 678058830 745569302
724322581 442918501 676914328 720550169
211851893 293898934 803812415 861917036
928118828 447553736 515426870 530598606
928911429 955170072 657363318 691495956
352473110 830240718 116993247 121155330
964425748 50910007 404427083 501499163
398874852 314233887 656120839 732498854
25200635 949870831 758790725 760832475
818998116 603407916 981236720 1000000000
753823069 650687582 652275352 747881762
166082516 391277757 652032591 748834246
269290122 334005377 151797248 226446738
821157403 597500750 257982669 294553174
449259288 305907386 509047119 581459884
333467808 847184950 753867518 847072635
849032055 462785280 510561238 525468273
73977440 560737468 318573097 343602653
884037987 588893127 164860011 218485103
435079858 622843241 180666005 186696120
895232356 655357454 785341900 832935811
242476243 60112296 684312317 694142601
1407743 831240811 667550913 678651681
998800422 939428970 220445810 295905117
429685105 582348340 672713601 686558951
935879714 717119565 668158147 696099767
709629756 70179425 659192859 716620440
282647641 830651844 118247842 204419629
961587432 923231462 219737685 297253034
692901283 768813295 827198841 876305968
235426571 235546894 633183271 667120011
87346929 766979947 50235145 63207194
831494709 98546830 841334219 938154559
138250251 947262883 23106272 108317949
95394459 298103374 983192367 1000000000
238024815 687156225 362579851 422923063
106833911 558540815 962066761 1000000000
290838858 597641947 825662199 855562821
428686900 295648539 780118289 806649280
29738852 510729512 124114308 158287493
345477457 497602868 656100979 701687086
698200330 286271486 179724273 265470393
63333786 332488014 156599641 162527932
547236940 410408983 788328734 830468952
610952196 727445927 39500836 113159494
518669251 133868816 934623311 1000000000
64458441 593033266 638078303 722574327
629718889 563519004 592547209 675968124
533390922 43725381 203590823 248786664
627893304 538756049 588048841 661496168
670681616 750982507 535476022 549275606
836010864 230186610 517581285 583467445
363619707 318866408 252730219 290182813
217557806 687620904 411685708 448795118
727325332 353018176 218894310 243078304
27850365 689783643 927622474 977832505
67898610 505810878 457510113 474721807
99649645 367558775 221681712 223187604
373331212 10050168 529569025 612963534
622394005 52352038 155175233 224222597
267889654 851979760 577947818 606901207
264311445 496901722 962262285 1000000000
710787041 484658185 227968505 231487877
916484594 370202994 55886856 103133668
440759042 522135977 486887851 570406248
225469004 306090642 284146811 341392448
928209107 984365881 915540772 935518741
835280991 479828698 756576181 829549924
316915298 106816458 27694225 73860356
419386412 869619867 706658496 774706533
189155127 417656856 767955804 837794063
114260645 506673309 155572542 179080864
107752362 896782460 819049315 869364530
326490803 68691444 983249794 1000000000
94840348 779640957 785629381 813578537
639627001 866354379 260534486 313131381
966942935 889403023 345536964 442533176
194273294 205326531 575312974 641867485
232234921 908626194 275389235 284478829
591439893 38898971 249092992 255895267
541170500 486521274 934573206 954364034
2531013 86583262 367299482 394772820
318342283 773611725 50075413 113526168
854987120 964227798 910955351 1000000000
187888436 793639397 870718868 935412397
30736017 406565674 405210629 450239047
600426238 947757125 299612464 398066657
771132541 404487492 131556199 190959738
93347347 814362137 352658638 439135359
851609629 490141932 29444112 38030370
226616969 968039388 576537570 661279173
383430177 910485284 642556011 655826613
817564201 830372605 806700772 840021384
192508574 628145948 500608733 540279418
239733867 278310893 393119031 410716157
572798197 876897918 150943649 243631224
674897208 522142567 41736435 51570738
358134294 989101564 548693131 561912191
375673949 13186396 440621045 481329827
296307094 853239401 613079127 692172356
251904142 172742077 871861359 920293963
147220680 152880061 267711825 292825135
198202869 328601291 512375373 609322447
634722280 628039225 316555850 342107780
773788214 667810259 136211541 173807726
4130207 678611783 609747874 644892305
161872599 2322644 471935798 513053595
755819453 598531974 298475764 362144915
595625967 372081737 668862169 739601292
749223825 550834368 276504881 314655436
133817779 926660027 962879868 1000000000
393489213 784513332 236765474 303081392
130947580 929979984 674623356 729819810
871334638 123842408 35173030 89236194
930351910 758227982 60009228 80869793
87547049 786559938 592536633 635214720
546657102 214862334 944990438 1000000000
356365444 857512423 444595476 486448188
984947057 958049043 654847625 737020282
433291903 911447334 62123415 103190400
831483734 308930909 437560266 529717245
194723569 315031527 380900068 424982929
752601196 364924477 950897493 952756008
469925018 467023403 626533158 657740637
346592856 891690915 493650188 514231101
791542870 286672057 773897667 783062658
554691075 157066736 74066712 93426961
972510799 900471810 863074498 876548367
674458521 95897751 51414867 93840583
718885152 918586731 900279777 958320082
472144405 521413293 190827352 269169131
388388152 30937020 982095631 1000000000
954764986 572821394 975517535 993264620
857559410 990852044 615331623 622012580
170243674 468960437 664984695 698795706
385750330 752381052 225814820 260834297
751638237 639693057 238940438 255318524
855609053 21543929 785083843 841447251
220245074 470989154 807733757 898305079
644629633 262794541 844008475 908395026
31042111 848206015 18214458 82999885
897978697 980934892 70196876 94256669
200879326 108648901 898359012 925779569
678104346 323028687 29389538 68776419
834715025 909247399 25043777 117246456
90216640 819554031 442483729 493561290
347460538 735287012 458539104 480996147
704264988 177115945 452737294 494039334
303162611 694884095 917984828 935836436
917832079 663763656 49178931 50617867
815999655 26739896 491910373 575659313
185850117 796398433 917642330 979117390
507093230 569542399 687734871 760466511
70489232 801388367 295457331 327990343
405822354 139597629 745617968 779097146
178338553 30670395 61735671 112294003
440015691 940947287 683165462 782430300
76123619 148042671 121208507 136924895
487868558 842204861 505625025 551107284
370807521 840197422 951683070 1000000000
558974919 506080137 678651576 698049274
443402144 370832229 831893080 913219508
559028908 532057248 913030909 942659891
867666581 427290632 108768516 119823212
715639785 803147354 520082816 546436545
605912415 844753631 563552002 585027375
920246419 878692394 117665364 127262116
419914253 863854528 298342297 344958894
365080237 136014884 935641615 936835036
261344605 534180947 84631212 134308613
687493186 467595709 64163506 117413187
292629836 642327490 272352823 292179357
429687238 308796322 527738332 558164428
209481564 387844537 653806549 719922710
995142063 828795632 127904847 148921409
156579169 509116065 876196430 912779366
161583572 737470075 843332827 916565026
711315244 215464480 632641698 729715592
559185598 137311193 185469819 265837576
747282710 909441900 991775441 1000000000
289559072 743460081 707256917 772161930
406036601 963172261 659562010 727075625
302535579 93956988 4187394 90652255
506192355 329402384 664403235 676926047
176650491 752900387 780681266 801780797
247648285 948574838 11491731 68270753
733494442 516320626 598224244 670109211
391801567 36852762 601115752 678863401
386244564 585928929 944956753 1000000000
11466745 794268756 76625391 156878049
946263994 99740542 462342937 472768952
828490125 4356479 721073856 737715370
353066600 468005244 583180620 674696494
290854969 759107532 889729251 897326737
183306684 791269763 715785122 760122532
206870512 704379081 675514225 717148854
65860128 565444915 570011137 653250563
951055548 48604702 569016485 646960316
622831708 403142352 166282063 236572913
43893872 53305264 747963931 798827534
50935353 853453601 771185625 832284314
247010153 422959068 344029320 390703698
325339268 191306125 232778724 269009582
488995885 462839959 788711957 844017321
437669432 522922672 715497974 740788852
220144788 365475904 822793586 863466528
741336566 563936087 600309238 661577313
721996517 701833046 452180245 531523171
272807021 318836931 756975862 847079807
225520287 897057227 229809518 263355444
894091586 92152860 556656441 567462812
67175649 706676534 44527647 74266307
38270759 775134590 392328842 420657161
336399382 999220977 13059855 99625786
116381236 766975277 24576796 27208880
757569126 679298233 871848299 906329879
63064186 708311392 750772405 827887393
840692141 338284881 731936099 780069160
704784799 637886653 463764618 533657556
902332392 701487385 247161494 304304056
348327367 333271255 423058031 489545702
126116183 706039191 436461403 504955377
335994687 435926607 705524281 746054345
914002951 914818729 202335872 212271152
895568388 492220927 421607157 431647359
263523759 578914727 57463068 124439537
721399643 879801432 553759754 619473738
717438509 294348073 806174773 899330647
718193924 807476573 70550220 81424306
803561416 94724443 775745532 839093924
67708550 296851647 566591370 666441035
699818778 697192143 152249079 210398229
794540685 319079021 228119804 244310362
1076988 543070237 812695343 828811785
52127411 389242854 689990316 772920894
885258398 359915594 367376575 387951146
322597224 190068254 451023942 470864153
569469024 879323227 762936864 806114113
389783606 253632910 923292079 973909543
53763913 75622894 289372528 330007779
839682392 717054065 952911427 1000000000
400334437 427149816 81060255 132935391
108149698 670020624 908898771 1000000000
817430820 507940820 138581218 202327177
7525204 343613741 796145515 831271473
779736294 518092547 158428605 236122651
199064967 810840 252169568 329239781
519829013 34520900 125841059 220792152
997368800 395442055 697994936 755342151
485575023 226427308 694062623 767801698
721030676 91632230 96317053 145922540
249716141 4689063 339904847 431776954
650458206 897727000 425822656 440807509
801059243 848544921 9977662 46115680
713787445 740837547 705305274 717296536
9616407 690976781 981801605 985231850
763709352 115000621 503726921 586730947
417976615 647792995 294415510 317599576
893098000 45276598 118647235 218193260
951982912 812143150 375693418 450745894
727867199 465880314 381971548 392010498
308770593 881484734 3253894 96867817
178511364 47413460 227602150 231979297
7816128 406487757 934192181 1000000000
109274586 187111051 392501266 464927838
775373791 240367590 169111444 220154540
693577051 302644764 97624420 152407195
387674756 988355710 795367011 832997223
743233321 940305439 469596833 508437431
368097988 87315230 706267945 725776221
597367611 199128737 262535069 286711415
484206989 94629841 3098941 95816231
561631585 871002751 11964307 103179030
145840555 756166916 577901173 621059683
300577223 747607821 152688057 190955307
194296202 273172386 328477055 367074447
709037037 927134107 565634797 663917733
281868361 652928772 227527145 307017149
655875595 591624597 467148280 479108766
787243616 434819730 799315822 882901562
678456267 801011524 461001430 487576531
354167410 995665945 771148812 771596825
993550188 272420685 786932236 831338735
882349699 145878913 720224743 755643830
986390002 312042599 750215178 773964860
997562853 170274616 877470855 906567348
739017307 813542625 378414045 463294773
407580000 774115475 970304285 1000000000
38574793 470223810 867487736 934667183
516268949 723263693 464903435 516699828
543270560 871493438 645296148 710719494
22555476 853373381 595500059 691799379
420322633 768381877 507619327 543107723
212389503 732002216 788316844 788587721
196082344 810642298 740631342 774085134
114214796 580055774 356802459 446389362
635328829 641816476 649509430 726945388
928452803 425717442 416080099 459171332
644086809 352648172 608271338 611100860
685099406 229415053 278170036 353132201
957810958 357673126 693558473 775679551
123953831 594636568 81545495 116173834
463006543 150509159 885039525 952866178
16485246 792118002 48683714 87949605
603600774 525096089 948551315 959043779
111410607 164013853 275435624 339641710
293613049 384110351 459457642 465371201
51010056 868112905 863443371 949665087
729413177 845351069 193081394 195805084
598364129 209737110 877972785 970008609
681991096 721359936 170593631 224091265
679905141 879699752 44221010 129090552
522506859 889002643 316684342 345704937
274921015 635092809 509549856 572904879
722285370 25119651 277885647 291568474
662892613 316634369 147485133 185121549
553079256 743927285 440688525 493087545
802451277 59052582 781453919 847770300
206934664 881014931 138327394 180476872
674424080 607693446 59673839 149672569
905642465 456671625 727027707 746404493
960963926 594948553 174319718 270841467
438816741 838297399 426570311 478283088
903515336 700475765 747851461 807556055
830261745 187494972 317935907 373637035
613731484 35212706 394234201 464874859
898196413 22368918 366938599 405426934
698173768 663150763 633002080 688188497
383920613 587421345 161498479 212609491
186568989 524264327 374533827 429162835
374575349 571281268 495384962 541403013
650491073 676869226 740781779 834413006
462957269 116636454 904593839 906986066
712903450 147860642 478102565 515843357
933108503 66300156 392244194 432344296
104890074 390141262 978980694 1000000000
728275304 236687424 278908833 300215012
732819671 97378695 435145004 530032063
392109459 274552453 636704728 730526791
335194661 793614701 600592845 627051155
100996562 642928029 253908564 304921616
136460763 439442996 305502831 332080535
93109416 129706868 165345423 181111393
333973384 894736406 628259828 724091798
439361368 810217994 53676530 149788054
408058725 345826046 76728787 91251149
957998809 535039141 119196648 141328258
253380413 300460260 655735374 722081151
462258264 726568795 321443576 343840178
966248490 292690450 215121584 243808916
367418067 227888139 552413198 649160569
282084789 332634896 850685137 884060433
349778491 861916447 215751105 265661765
380377133 794385942 286591737 334429932
77427703 484252871 854458121 908897829
225882106 638849582 160918335 210589708
12399312 647714967 414159892 415010099
863112271 736531448 146133374 163049306
308458443 821252633 752936806 829107998
117882737 80063051 702588224 732485793
426335567 979967012 681282774 724667004
779680994 206030917 786314653 789313106
746955129 756997771 798159798 860444103
393216090 468051774 57232252 59924221
4429871 928749713 40822301 112825130
462619145 739212447 891934370 976924434
579726485 319450307 758063011 851399821
949796593 231342467 46027463 102160450
889623780 894722401 915772691 918622582
351829209 753315479 348577797 439507651
625787219 723043696 828587251 833456664
303088185 616008008 154466928 157506338
196051981 213928982 359557271 387244996
855857576 723337226 568281270 579077941
819397477 241507645 404449375 480475521
222451953 211701655 512268331 527353696
119301194 870692249 908371698 981569896
995286032 19657219 698769078 789970659
890702310 741238101 549381566 623234636
723087774 883857199 86873737 120322157
976309745 912413764 959042372 1000000000
469192090 609626864 307408920 325868295
445675309 263160370 242811721 310992050
469662428 862487261 709491667 752546706
55662880 745910660 924017788 981395655
70391143 755925110 75488125 139776924
190787546 639096919 67962888 159627712
219582534 830528693 244014951 263384050
757885109 175698142 841919851 880889004
23218282 312869242 932752148 1000000000
836302943 738796168 215468258 292577968
439080980 140501335 169040112 266747482
912727845 729331514 873435697 914932094
686364630 189074679 810723234 865555452
664213083 581312909 744387151 790390140
608193990 203360466 735086041 771079693
35687368 999917431 308082273 374883400
230253819 550955485 667555223 678847033
204244755 151360989 971306851 1000000000
442498831 986339151 478273766 483217736
153571381 878273525 44682092 132142420
495959850 863030302 713404341 801328967
833421838 612319000 514605593 598742084
79237314 162206346 983006552 1000000000
304162391 970382745 223972191 319320515
770127450 780738118 77415006 138718177
790327876 716623424 518536976 548121993
587052220 814552048 176128578 228934925
615771186 470913334 698636121 785867882
734351146 854385466 891626011 977302433
717039619 42235350 228686987 264756162
568687529 423942476 355454310 434821446
302257219 528615556 302847891 348806446
694898588 725060436 675468817 769559891
442693084 909100410 927790347 994703576
27658889 477496854 216177734 309483150
856686965 227119620 150405857 188857082
789981591 862300018 673488248 713062609
448799593 643437766 615864259 647882827
739460055 708638131 714907321 747199456
768076729 163863968 695295055 753870085
216070294 340888929 518005843 530723048
585221409 81451173 836298111 890372775
260626551 34348683 220428382 245987235
869581569 645607437 512047433 523088706
958902098 519844454 852631518 881595640
161839311 598049780 292038499 378381421
956521921 204489517 773466055 810457512
851607715 605659238 695420912 706300339
559604932 692086696 542385288 598288695
65812117 596714804 910484951 935079454
188849901 373374363 51500741 141069461
33010632 456656631 778229270 826064229
91947447 24338330 908075024 908626050
616007815 447406307 476192543 565187639
275839424 489944443 602221406 678168897
140882163 759212985 270329047 347417019
812705009 189669905 819578664 917896316
691084897 937069889 271088693 332646615
253405995 409054356 262557511 317342849
361416916 86523316 904857546 931102811
479356411 862369318 598197677 685008348
623783150 662746260 513478686 580578556
500155237 215964935 851504336 920704729
70506328 524565849 438455640 450041618
887615081 839781361 544701882 546632696
675568046 730483201 549122068 609465553
172221259 935748588 967753789 1000000000
931061342 146894286 76949343 118882812
153720201 203338686 755071128 833190012
737199527 382574309 305815521 400101569
568499754 553436790 49281952 136757446
621588428 493659295 127257713 152800852
64696948 730650256 912558275 951921447
532246486 768694404 565698453 567388244
877565621 462840888 189223303 263670403
819493988 200750783 375308229 437385954
837060589 819524174 333233240 423819386
149150436 788032054 521341311 609753142
366103578 573100092 854802858 901837103
256703067 872747053 253318222 281508509
825786139 489289140 24465955 123845828
213691450 473359510 11748505 23425090
728300337 73138642 290217056 375622797
518869984 103045841 454703373 508444797
51164242 226399971 450911529 550513777
935327397 258323424 236097442 290481891
953827855 499646104 699272742 783875288
863907490 521616667 891688935 943497946
435890507 582987940 270413037 323843183
548062210 460749273 401405390 450115806
427724869 190895837 461030794 551794798
739689440 801806707 537922110 580138853
134026626 665175981 147011079 167100384
569707322 112825972 438082949 467642002
984516074 355638556 121795719 211381687
787203490 13217664 683379433 686594626
762704275 944382310 543187864 621685665
752329364 842498736 533836739 588329481
76638889 551647968 356474576 384946462
413211498 821008413 265564979 268052689
709866523 237847382 365837764 409031239
190893876 93415792 666461020 685817821
370625994 203239428 738082965 751022706
519987290 656333458 11013267 36215001
235625163 256016664 77235676 107989795
193163846 992305050 78172166 86876276
309935393 513011333 824669646 892921773
891211859 844994906 740638017 811828714
799929498 861693942 770956837 816345891
758873984 397704872 845892952 851369545
181771521 41822144 910769010 950581755
25901775 807297234 18386737 23274471
732366318 287389552 647813717 648825489
148169067 684895524 73354392 131838016
67610995 452179343 371024364 438115267
430950609 284641913 761862071 816060321
153708452 770139308 188004463 191531198
92143664 180167652 689125221 749281441
64252353 667334028 420250268 446893823
296380471 943137058 548442845 642536968
17083182 369067616 706291254 748792385
237895827 917433698 244098759 293522720
597362301 655930679 333046815 395509972
854756032 511533253 383412017 462333052
24626830 544457272 494339683 541635027
187192368 527755228 843546852 846386857
465922672 383792723 804152625 877313946
687908067 999521476 629931209 705550860
336742951 165855772 762522878 775701801
525990872 853682584 148830317 199359857
22282428 126679371 294720470 383124572
180331570 16878625 456474487 522597377
776916267 904353985 997664741 1000000000
761816689 937687091 164454281 202140593
646753751 763849915 788137228 794181474
872856673 555507481 576857521 638486083
773826201 542599507 895875248 911542909
859801297 660369369 882211578 929481825
408268129 813808598 859085092 868250593
123637612 121478664 338905794 364953865
984862934 330525588 392835882 487750484
14738049 62264480 317208812 384804565
332806080 981327102 804058784 840302505
515530243 941760638 980682724 1000000000
944890037 441589257 54043030 60805241
743895866 452392170 234320814 252796360
165647823 913655405 583947503 640744546
145933990 326916141 406866400 461396355
568591392 532276760 335917394 400027887
993844540 317326866 779345111 866043054
729520112 120334764 413798184 480508726
531292877 865196043 265190656 343474174
251003899 273726781 109743087 151109162
