139 704
421829953 449323347 800910886 899820703
255883325 789818394 15529358 32463986
304755746 90295375 489275673 589162181
473025410 816369506 279576235 344067112
813718857 809726068 858842080 956245191
569653843 916012630 419585408 420632077
908928601 247125462 503207617 591761366
292427119 926927530 516237895 522437479
712754227 766514573 272034836 281418558
807321612 961021507 873548442 933512762
78703594 909367746 412853745 474262521
915930700 972039003 617060284 711434627
856508110 231007343 370158411 372600440
447854933 968149910 254470106 290549336
556527586 192048515 676551028 723408049
506413800 262500672 424534970 521096050
260229674 988942289 620923125 649385784
389773833 673913012 5380513 44278745
997406321 241084869 352672752 411892946
866770988 457372193 235002057 301299602
37816166 85782485 921367709 995070315
670140331 752772358 400139646 437961924
88478819 803305931 448634546 512652735
469001195 107869450 171485931 186605574
126840441 111214360 893925926 903210575
420315001 369763072 839458905 869786101
714661845 192081240 385965374 407868842
144704168 239247791 482852352 566591183
196190408 442350528 834511140 892150169
550378425 644501075 114025727 146659771
636330513 420259111 763054307 818935785
839592772 774894220 267176015 275828975
164887654 451985143 454731547 548970610
513519736 528744042 215156344 260704176
284067924 148004499 938737690 1000000000
644098832 297763486 846389972 901638315
331404716 336476888 461712968 485543522
148627261 356466102 725420943 821113613
597034582 516169937 989822931 1000000000
348779744 37921520 678365720 764918226
340421422 922278087 103590362 122695001
803373561 328237205 938556785 1000000000
937311908 409973173 916309153 933640375
451760517 500612810 374457128 428670242
238606156 992196995 694235705 744932573
282237506 706270436 876638577 972954463
451065990 191139737 616376088 636937130
408932127 363046194 281052146 287886298
513921349 805848495 115043988 133183301
683972535 363256605 640049653 643435410
823227730 604284964 771551008 792829199
952090634 512871546 469018852 540200839
711815880 105437713 327766374 372726385
489726321 675398913 963480020 979242001
6317373 236508867 790778828 806358453
159484812 283402769 12141784 26542462
82875473 960047694 71293410 140390146
307425337 11974463 857226002 941401587
722870684 420193864 292787494 356782266
585647344 733140795 703670028 787043143
738990155 209587168 952986067 1000000000
213837789 689113273 230083270 307902278
832179053 16644148 308932990 310941210
149947530 192637875 34842058 85241995
418678360 755220049 236803306 256519985
547296808 853786324 558002694 596293806
907092260 604971965 967661867 1000000000
1841275 4995238 535765322 631319572
377141192 736722901 842111227 920160564
139837773 432133070 549387079 618182134
123155692 876489968 263846826 301371091
397405886 714579769 463932911 520958455
9385114 457986349 960260734 1000000000
342757153 245739517 550193609 644704710
135069516 740583421 15173516 56095074
237740933 6844324 267645772 332628061
103485140 389142384 462806885 542173941
129022085 22102941 88077045 119665224
217658918 880835259 106943787 172135517
866247806 578821856 536310660 596354907
390616210 363242610 217675838 296766166
747210024 445274990 346664901 385897266
493352095 700623701 672761240 725237986
822777046 669727887 352163251 363258149
557085477 16501896 656419445 661083873
306656087 708470552 290487171 329979359
400143092 744466485 76023074 82578050
268155901 8663338 837350153 890576455
385826539 770235733 607410413 626694364
502438279 36159418 845118014 933441611
121571884 577874031 409323145 435558018
534237633 865559638 972387187 1000000000
395934847 954892313 875284316 906973245
638252520 384248414 22522176 33959536
942576666 797070933 732049954 755290279
980435772 584270154 775043193 862213208
754807393 679243530 714548806 716421182
178130056 844733166 248963262 330057306
665722051 100989275 220827401 276804660
818371494 969866133 173927827 223189211
829312247 247507963 730463154 764760329
946053459 298425195 141805647 163341391
122801704 812845439 243416177 340651623
748124916 272985765 941180130 1000000000
271897456 507049374 943211907 1000000000
742868085 298718394 457776582 537541078
290828231 653269685 411977614 438766876
893700257 563869547 390068009 486502353
964863272 516180996 745739157 843416830
609242080 948325575 789439185 883744651
987634891 554114723 743727914 797798651
335999691 778317296 117013865 203125014
393763491 766016904 518073525 528540493
111968650 584763098 467242655 532892581
143937729 785822084 241358673 265142585
207783819 120557478 288114590 306318678
823752803 312493051 273281936 348433915
436306303 48651803 754899588 796263691
994544331 408843362 253027600 327195132
701081282 44324005 284506318 337481497
549553677 116737486 618507590 694697954
610564859 27144460 768358766 817700533
765392325 169694747 837582282 926063246
610131711 230368501 276346847 305526739
514382983 829547664 519371758 590957722
258318056 39720670 495867882 527477055
360577984 979853548 658211832 689691145
49655310 219774505 596896725 605130398
13745688 722269205 943901531 960598760
469066888 230625281 630358469 637850286
239963889 530618058 160236802 212670351
183039772 280231168 596700694 613725555
969439798 48553872 180571402 262541241
242421418 634933280 367085632 448345559
375199577 848423567 585538175 639662673
290357948 511526855 275935425 278784006
578681285 159835999 304887573 315458523
485733414 897752985 612584481 619469548
728846555 580545138 310830213 394274630
896769765 229147875 313244510 317030436
783223857 263617170 20901831 93982153
883894473 72087988 925978924 976202234
196688949 102254224 242536574 330730285
102901039 470474763 602073475 657477750
108118579 671895209 848445764 930890667
995039017 281961942 640745433 666049042
215313623 273124081 439773473 442470478
319258267 301115270 930530685 1000000000
656145920 95229575 74812703 107910509
744150801 249831480 677804741 712547613
672577868 831266747 6840005 43174605
83966243 895300655 683786230 690575610
144045364 800266237 523484843 569532006
254762098 937797232 867539143 879671551
911890333 29104023 99126198 188950358
386474955 28577297 67168822 122902420
637620173 153178861 287002883 317762744
617180753 908918043 269044644 281136670
115153342 641616049 370612330 379850905
858440588 739616890 774590134 860060595
986216148 479233819 722196276 765595865
969221616 202775549 497281485 547004551
938376428 501276894 649110471 680596787
163430166 228843143 701757919 703885974
620475510 264860247 370266024 437936135
168396393 607386664 442831870 457086934
321048630 182257669 670059097 747576993
907265486 757358619 377180105 428948645
140760938 385194816 376438987 460495683
648172201 204281766 603774198 612767050
984717163 374574556 192197714 255054864
7655737 573077743 620977407 627146744
500679074 346316274 329431121 353726094
793105996 793114462 865970222 954509976
941723093 185381868 71484570 124542306
155613667 303838953 498772775 532221267
186559663 811630870 290660695 319429898
287390037 430804925 996327045 1000000000
707197872 348175238 501212380 521889648
819245128 638415628 514502669 554704513
386652621 739293046 284301891 348017675
635952169 763554605 661084450 716306242
815625024 705736517 721914809 793693791
417646427 988692353 661532026 706720559
508483580 600958853 353608167 368056878
701283611 882063023 632616160 661685726
360497733 302428086 115102406 126366915
9383188 11407893 116113410 165371514
424549383 542136073 839356870 847364602
227004106 268346282 826192486 876055680
499585626 921320438 784267448 805940491
982589380 112592904 261672435 343287360
659390956 946520958 796891468 836059504
820889208 718462308 146468037 189899329
434426839 487081036 726830889 798050413
352758127 213236252 142841944 179095682
394442493 482908019 710559918 739653007
99397834 976507965 732270397 798988379
239438716 110183679 88784768 129672537
611578210 550367273 675798940 758970132
237733906 422967225 594519427 621951874
869358316 269024930 33221312 75481779
762455500 709689633 896761585 921989797
832195634 767758734 706694841 748120707
571664516 437406170 650210153 734371390
449533810 410519872 610447618 666057718
580678679 35093211 32989046 46194740
139306202 216427449 695117129 712567347
375281948 245628438 139899559 183093841
186989039 609123782 636121708 684138726
596090026 85609072 865274106 905509856
802828934 605618070 994705392 1000000000
503958432 220969415 575969291 591984629
444674106 408828010 943134051 1000000000
522878144 250110604 66429060 90768103
640205115 774550515 552150866 636729627
856240298 822080400 369317605 448950307
650345214 282498445 458276340 545173416
771626710 577854095 1074053 3710182
82067135 797575307 268006883 361987145
423005476 107481210 763968224 835010042
442679207 376663822 397928734 442391178
384969994 391995540 240226326 301033168
805293190 313063759 442691988 461449436
179919114 223728900 308969939 380847848
712021041 248882877 418198120 509871088
420374388 753058797 358647253 453792939
719194898 136763632 51318259 99831838
329387836 239840543 326351718 381902691
552980809 230881239 61981243 140535940
93272119 690379328 414851187 478865379
959922433 903355241 677966885 681182737
441905239 803391376 1211065 28613420
450568555 397049750 506250564 568113762
764291587 413634842 475436976 528914510
355269796 432470803 425463356 499133184
939106791 916317759 964443061 1000000000
5425465 615280886 978273515 993160545
389344731 657677565 57010035 62929164
126833419 23224705 78671202 88051915
24370607 817073120 262707824 355422290
519375692 726467781 394805237 450372773
868572221 359992466 729210668 762648023
305688236 703161617 62560916 103556826
409868815 517306266 367763219 435605611
498789072 166459003 767994358 789666867
923294793 307865016 550414620 621332329
764683127 770095592 53810702 148493361
166580390 855590270 482933177 515227475
418148131 255811110 391212379 421697657
355110449 995922452 944211433 1000000000
876491465 790518927 409662771 461293901
524736475 146571984 291543130 331190694
90688102 911321175 491635451 584860747
277828445 889423411 515581428 612319204
299184510 627865489 303882173 335695951
35212252 19437197 409569656 462028383
7698297 538425945 667336864 679820856
435025242 975348889 256377133 320545655
796446494 892530992 352187756 398170853
916845149 517422559 914627843 957266639
901627123 889884519 657934103 729768536
506028526 851526321 720962513 759073013
27447549 335912930 83197150 174014825
125137112 13066819 421945978 433567801
655149953 106675612 519198245 543408593
10363775 400031329 730325032 801368171
776536839 564327558 625690445 678110243
796683729 60998426 741052249 747431980
794629177 764857304 915372083 977970308
749173916 353441507 362874287 362951071
102918372 766351886 306016331 361490202
998712233 348614670 218683524 242619580
233379691 148264950 692593992 705269241
374070450 446960321 475038573 554737711
995673190 450478123 242529770 336945492
76843522 87433873 87343390 155561519
772736016 96076567 628951291 688641646
311790576 701585861 379236525 402646829
238174581 98956349 947193894 994932233
119901118 210285331 220260210 228641531
121086023 885424861 434372673 456027316
12468632 124312473 392065769 452370278
378099497 419243880 636028923 710173803
163502816 501894700 709806141 792724864
625219041 286757247 992657048 1000000000
696585541 265910619 740214683 740434812
488168791 299051245 123949594 130146800
478405077 95279802 39109861 88165825
88088413 781026698 559571708 560475986
69513878 782722683 390094646 467778390
950149990 131351619 422560812 517615042
94259961 722218357 581251393 596904881
651231140 501041629 627220751 679791855
31698399 773222547 246367956 268132090
725623387 472761445 60813500 139099614
524264561 190898863 205547010 240245541
639356109 696299621 4694343 92570027
249757790 402376077 683679844 780171930
843748238 816585825 263973858 345775284
123578152 169688924 577960358 631339537
904571456 18354894 449935432 496530448
929416807 718384626 669807850 677944837
390382712 862291077 280458211 321773229
612695042 511838011 855805068 865673739
34295941 592671828 649532361 712922813
310271849 852713637 632915201 729197995
78612883 696004619 352084853 354086483
301834085 616897293 21387814 92374846
399574656 581291198 12923421 69981994
239575938 986510233 145313927 168731750
147618497 425719509 919749173 936752905
98603716 302478145 269118427 348415322
23318159 301571516 189256108 215324066
346763221 410599258 510503426 572821090
80454583 523648905 650049261 701839474
839036014 46886286 36263860 61662520
744299310 164924922 950107126 957782534
200596889 596280641 628191494 674228978
103125895 515050410 574213395 658658223
18428703 9748541 32118141 120522544
855197473 439327151 738943992 787593931
876708118 379981795 901479688 966821324
985205602 615069485 62866738 73281286
496047233 61403474 430393583 500640121
834933928 231686866 858378287 870143051
365616376 672226628 679763379 723381060
256192429 444143444 295246908 326586253
458079704 734129295 980039914 1000000000
736468591 963323708 349414344 370733281
845013988 16152843 797430343 820282121
398408258 277302670 126902989 143188554
147994771 961654163 985885729 1000000000
255753320 675829378 961630723 1000000000
696612135 717669030 510654444 594630192
433637341 332957204 806965226 886981358
591238037 131036895 844464591 850747168
837747738 253453763 199858796 286895136
429571545 994025936 315114684 378195596
999379957 275064261 212046780 289980927
56841513 957850723 952224664 1000000000
682450912 951781056 406471967 495782215
400962309 578762176 697220483 724140215
859626042 6717313 766240532 777710149
694209674 404604092 431599647 463179755
598640399 313780591 643025815 738579386
61027281 395309243 274229264 352614930
221503740 207030669 950717289 1000000000
615297467 565763246 718910122 767780075
304856460 578321875 311210310 391794712
155339103 851476255 129895727 176467329
483200630 547210436 370478158 426949145
449799993 971411127 705028733 727819249
557276864 765807903 127483103 221114120
808028727 85365764 876391755 932028942
477846189 673589735 831651008 917086814
220357512 429297131 316192594 323991639
567451694 990696036 456841586 482480689
79653813 854645274 88067563 131362104
340154050 306896700 435007542 474405576
102426467 568389327 80325729 168699758
675611801 502026657 689289227 758414096
251322420 43825679 602714028 685935690
663276225 341540647 686300013 724646434
591951460 180271053 316181721 345575171
159140994 351422643 960316145 996979657
138658930 459338390 921411298 936005702
696134866 824487756 329839759 380137928
149521799 103994247 840702430 873934142
414094790 677558152 8626195 95963069
201519798 360946944 556945405 589716124
317642226 406554717 378747691 425067924
466706211 85335975 52116293 66137852
76480201 721115063 382998256 450687487
906690666 221689173 39402448 50637901
620209812 81374727 891737110 943488324
453148292 730138847 510529755 544978358
5217296 439515466 556283894 652809839
127583640 683757299 492882032 529187572
261963970 766911683 485623176 511340864
561736904 871132977 215334688 241400802
346300874 707595239 160200916 193012977
439347611 437812345 661127579 740964666
602834154 453630337 299553331 351693277
660648364 844313622 399891978 436851819
420115389 919257812 13735287 33947545
461220742 334601624 693521098 694304473
308752065 195016285 867285506 899149565
685988881 722993583 595027351 635758322
588714830 735794423 768861643 819854394
191793521 467725819 385280498 397721915
61292220 82526627 586012569 633943844
100259971 358807922 652278929 704240523
340533661 366344754 212270954 263583847
15201451 558460630 313678918 365831363
203396883 796906929 88583203 89770774
983748978 9590011 23415898 38639162
162123426 805647235 967001812 991357609
643709470 267986240 56064701 141005230
219145909 820351176 740880631 808889273
711567625 114633451 741033898 757803425
116701000 122387660 162412503 260640602
282800266 821655868 462125550 485609930
938751559 837316950 751643726 844472829
243194895 118659345 557503477 650801488
792481379 67618556 341910630 408954759
106628197 817643383 546052560 611505609
471831562 465330561 354720140 399098038
8028681 781524824 81104366 157075411
770023414 160493495 964486244 1000000000
354170849 155049025 464762718 563573619
557053371 655679701 659450649 704809305
618217426 477861426 926748727 1000000000
43710925 991693214 505094693 571026796
615275318 640822239 381806399 439973507
754934069 69504 509470146 574273229
409808345 613927301 267303827 272050845
244770777 406087179 354251725 370796519
941439431 438479070 445834549 497821943
239662005 874745245 257624268 260148692
59978828 166351431 286451777 310820494
688063136 174679660 453944557 477140595
426114145 215993129 248556782 286558334
632327940 668839449 288455514 367642349
624920644 446402589 972590528 1000000000
24226802 990764501 822551515 832523325
157842908 913204768 518955126 618250651
258439311 846414748 949154871 996132209
449310779 64670280 156594800 220101268
683428403 355418631 317110265 389661054
242446726 318128330 919793822 993557525
337076748 4782618 624093568 666906418
433653463 786127396 863825865 864956707
996829234 196193624 401223966 480429964
734708868 234442643 180133860 258273551
699867639 751471285 283366465 344780085
802064294 109412131 886533283 965896223
890665344 740269133 213121800 252539934
388013766 886788921 129467374 174186090
911085030 472291128 880505515 897558946
812540832 730511409 700436368 720735968
315771254 725810226 697131580 721340886
733462106 931223671 80176381 88793822
968183200 168074124 489672560 581089596
521940910 205696681 449039228 504145204
354010576 779565883 365714445 366206613
727870877 616314262 205314861 300910048
907964831 678822440 736104342 777118329
705879891 988294165 930783263 964109754
653198056 142349933 670014961 698426014
104482622 59372306 623893009 648588277
40831972 273644604 492062894 515565424
368017513 243625070 847153490 900444464
623615775 395527618 704327395 715594366
341735578 257031713 839193150 897055633
708212308 832862522 312298469 359981280
948563785 853719767 355305880 446124797
828031887 887414952 301636451 321738601
760743758 761318661 24373554 34225614
783032234 441913517 969764254 1000000000
208554813 423049391 615370170 666768103
466905081 263997528 244758363 304925151
461952114 882821140 466928266 545570485
292003912 360635160 481998641 572803178
271078905 770146591 523902541 566245891
959152940 146554411 513166063 565623589
472544224 848671318 530420460 623588317
209872715 940145186 480346640 483325236
581103403 732200866 972191841 1000000000
326746317 905555312 77331101 112728639
490208321 734244050 324247114 363871293
72664065 258457490 462575300 535088306
631372653 824219419 480754912 578510607
268747778 701851020 216364509 243693200
932280711 193005232 564315006 629702002
240374632 44663469 996955137 1000000000
395579549 790026720 275278151 309783062
83128992 70596846 9908831 11086242
932043568 811183565 735519845 763189743
362299409 597909991 494277137 533069441
253144380 904363846 628384383 654234694
449899890 994169135 980238274 1000000000
418917035 164596834 912108657 981623529
527471550 546007611 171431772 194826004
589923892 220426717 736084607 831795457
878053550 848111351 930606786 989787242
895171699 549927616 497432204 512532166
98526699 329148839 367331899 445427598
754350252 458085348 609758884 647559445
643371416 934497869 539725524 553806352
101414885 264846834 64844517 84675604
119436789 469721097 13778991 100172717
497887073 441668216 365268556 426853773
171839769 191270725 911386870 912019032
974898652 22188941 899391458 959488904
199267335 655056274 205115297 243876406
291508398 367296127 438566264 533665700
408230682 443327694 148100797 237635822
224155119 659173251 632384988 656573093
649761865 854708874 500431442 561683347
26830954 604716520 729388826 800125555
24549328 328749325 765712264 781784372
834920218 736869120 90534851 178377616
259048580 878485302 588795057 633719223
740756819 250688007 94919921 123939471
743206600 955710527 988079313 1000000000
562316655 25853836 114462246 122160753
459806096 439104887 664761887 700826600
387515219 869683453 375125058 430590969
761907801 385885248 48438804 61467578
706489400 645837179 91412570 155264983
509958570 475570208 90657990 117625513
145823615 693878838 370703903 396488702
39640372 466161297 321055482 374616144
806712418 181580386 89661363 118663294
809967409 801574075 619654644 666061595
447984727 655285969 723351860 823173361
905714657 86927380 99523852 121817843
150678509 511655319 515639567 606496463
67203447 116233308 887266589 962790358
529245626 904533341 107712967 173230573
112013073 284650175 293302082 377977582
817546220 119623433 786161472 805874900
380709863 390831189 530097535 547327767
428217117 510157502 274064773 340482387
176284488 888169131 122055100 216518708
877024684 877775825 485321254 535776073
147450748 284694893 822378700 910068050
298368077 995233447 873368672 950820908
804816675 176717634 793600006 846988611
997637739 942901917 720337009 729912641
401492256 533118677 291727890 330179074
844349532 42000229 687431580 713909093
422387411 16597807 763119734 772872034
725290361 410150763 329584671 401451827
329386549 981851673 519101759 605797052
871321082 463957198 913976048 1000000000
708625541 863359438 358512121 441168261
168932356 529253883 738759110 836326619
120896785 620317648 185231867 277416992
480072986 837329939 713268548 801506479
711630647 925886828 795339046 838491972
769732764 289104693 165923793 168688827
148303142 360605361 430742097 433534447
794189832 709262120 163663540 186114641
750958003 425052696 530377518 563144742
50107676 231887595 104679730 163595477
973043313 61223897 684370167 717247254
101695342 264571824 72945782 113467145
421289436 391566483 416518577 465989206
79073685 429369688 568538751 586152523
888926492 62813 787748068 803719987
781315951 50801445 815775093 863535750
294642318 52862745 235819718 315735481
901688162 473768410 645383258 736893055
917447281 681507383 225901247 289406908
863007621 839694018 122242943 152930470
541509920 478453874 774219809 843221811
548773941 704781567 156300111 215023522
668818544 501324578 382965985 426380864
20706781 47665403 768500403 867964151
665276188 886581636 737355583 738204665
230544608 641304819 86073517 147932089
960608715 3600207 963030432 1000000000
71484793 714341524 690156056 776108631
161323679 835700145 36880047 59730165
701944151 79600331 941997815 953379265
615580671 548763041 787128458 852319912
462981676 450040657 262088067 347757424
142721639 677442444 90475777 145766506
807221467 77935617 237224934 260623814
471939325 658932755 643293229 645314670
772892696 179568496 54185816 82698827
642025976 772200747 183883796 244809156
9617840 157546764 736123021 761578618
675068078 120749684 829694236 921673497
864435801 867148535 259917781 293035575
276666288 22044929 266859042 296561713
343545293 355885157 274057317 293398261
99925372 922602221 405543029 466697821
7761358 647662633 174183105 203922375
807790616 705124568 578873641 604529255
667916023 847388223 204513633 230454947
39452559 284066911 872728274 939805996
286719129 769028619 633964316 651348009
573346360 925115366 422161892 501357752
925112239 230732431 397586314 464189197
922935812 746461888 380681782 399631118
374347790 303155982 497170452 510880129
913756811 743274354 974911799 1000000000
498422945 666073052 8267505 17635847
952982183 550423065 962054326 1000000000
273297484 196499556 34947720 36730956
48530010 597677024 943773928 1000000000
13616525 370323736 41358729 54512171
843738240 856808263 518612182 555290043
344688349 788594467 317769213 321688935
395244906 236805465 326764848 364006182
618724572 367282328 971685324 1000000000
649317476 267253731 633514637 668466819
60125143 834622471 348007380 432850172
456943138 332814726 522726055 597660936
605971424 749680707 451135276 520476641
72508189 824203591 215734350 281674887
117673585 932782508 321505245 369345657
196484566 967253516 562082365 615641389
145305924 660847855 170818018 178485013
908815698 143340343 361296197 417134056
498214656 544228251 593452501 606095263
152897641 6366392 185680876 230394017
209281520 109033010 163856004 263479743
754223092 162285225 174007790 251823179
372307573 373113358 867126636 951902532
42324237 883811703 950891600 967161685
529072031 98320852 79226476 116845027
985947811 132175513 406785522 504006182
238713148 700640127 395224583 429717986
569876640 895452667 676851050 754430377
675809860 21076153 973551737 986233797
459598000 706306829 941531998 1000000000
572914461 605219089 825209004 866538384
901525612 343312286 232025415 243192872
431063950 286112217 335920776 430393329
6870334 547989452 12136480 70512476
313596195 618489642 484904515 525676576
373256147 464484366 678686253 715368616
349607210 329986607 597829057 630291239
90834330 454585842 299228708 327038602
563951793 142506330 341152465 438465720
976723618 647614409 791860670 866348286
737938918 282935503 165944342 248456288
503714097 629236938 265496337 330431753
175875963 895419261 707500714 759368783
882038961 500806486 492689047 511832011
161723667 137971257 888057781 892625196
78992582 570488480 792169044 804766488
486239413 966100657 948823515 1000000000
147477044 61848217 537283162 625117281
406031552 535373638 869490193 921823374
364721701 888571854 350797889 429948034
971416877 776247027 920582547 942388615
135750921 63579898 763689094 792687618
216061380 922081278 235868004 274780272
274559127 538189910 817581138 890320178
860914902 449253821 288790186 290107856
851168595 993503239 19644245 109735639
624780340 3001068 40825628 63965400
48825271 780870312 770838025 804927969
794172140 995610752 82909604 157141257
170830488 309180245 892902713 979259576
951133057 857023650 622198318 699100760
407212687 139995993 813829872 874933951
742811808 389085978 365116744 369979476
895464791 552169618 41418921 130873676
349494580 711870043 253044861 320570015
22489442 627537338 232513870 260089115
350373085 9288204 601856931 701397845
907603138 118827283 319961700 386025902
699306852 866229431 264184563 328699894
820782819 256774397 188283703 255779326
985371105 806996328 415418031 493409936
113766029 732522420 263306946 343571550
583543304 497944300 919578473 945108314
325309544 301162067 144338979 164487955
723981959 219089403 613559631 700854739
698474773 159281477 956180986 1000000000
912745626 385558610 74162406 97484995
269887916 2610432 586411157 617649820
181897677 121797938 36361343 105641175
60084736 990547765 885462313 936248275
367761775 948013607 332725463 426568172
633021645 125942139 230240998 234047823
425913132 218854150 973708516 997584168
922015724 432454726 325688059 363360641
728568193 681403594 650496908 734468309
701939965 894024561 157840173 158323589
904828079 499553568 859913821 934272099
457391195 120117012 603961273 609788676
163610130 621409969 655127608 753213531
219609807 154206336 696006080 697744685
295788227 111065405 460017538 513572119
714396957 228955007 668860848 730288727
704620212 187176134 952262591 1000000000
412652313 681362443 816202804 897992048
691367742 990168604 6436433 18125845
715229600 858369226 800623451 886820439
962244603 843072414 442573806 505186498
377601679 182637010 149218599 214320625
802796190 456008322 141769684 203390700
400819007 271156965 948557904 967511817
38208023 404130780 215295065 225912913
270629457 384935397 778972658 867773673
50032216 712464013 386436972 411699987
38129337 659267917 771878655 777495158
390441166 71391582 635573945 730009956
955566384 232660436 37283465 89901355
394426782 145553088 255226057 266990256
654402996 323953152 162152332 208730160
865259350 237691685 265351141 323152043
997544268 548627040 501877677 557977144
285947798 953019835 132977206 192984812
231216330 241168849 615289364 640862824
1054775 4623351 681854992 708811618
862673173 411122762 671549983 696359871
