185 943
641847177 724308411 395204381 467182070
206797323 964780608 569063072 612334562
268772127 513272995 535813179 536686973
984104287 632337501 665318061 705162077
706741662 341650779 915550357 988984690
877620302 211440098 206080152 229111727
641496329 214644734 484951529 571091662
141895309 126586210 892252140 925568542
730196019 85558424 372142617 430177010
651742785 956331389 873751646 964695634
994098564 599024214 357656990 395671732
26618689 70702015 999153616 1000000000
354148175 619526271 198872131 251310679
240682852 344528349 760129267 802370464
640764905 453871321 129451303 203101578
536126172 973940883 510641506 609165697
337673510 321703501 562782158 566824252
653298266 744703412 485708432 505149171
155134384 209594688 114735258 133816371
236612328 527484394 676291353 722169701
76067736 758552487 852550019 873526080
143384039 9644161 993514823 1000000000
711965033 368114261 355927102 379569730
96637902 641913341 529797493 599855905
829199951 31845473 730952648 762039178
238572311 234252529 94873004 97023006
95042089 279432187 105502144 128650926
93383931 31961805 191237197 200400753
253602769 790698786 182135019 205393442
237252712 655021086 155589366 184878419
283304373 869625438 172263685 181144316
712761316 605931964 855338142 894280095
127780855 151463565 213781368 220399284
878651017 426515817 790399774 854833887
55853823 928501538 845951604 902122900
434341480 580473167 649004719 737814087
373525501 494287001 274135070 354371760
604323293 86858894 603308278 679382656
514185132 880709033 481557899 528979716
155474056 995586973 861025587 920808753
261211499 867575011 855052892 857699002
657351438 606316013 210297811 239849016
345646546 855334490 593715961 666573798
804533367 953744001 702119159 756640508
256884743 734961849 982597075 1000000000
878300731 700667562 404783995 425146256
200025392 267424209 525692578 559104115
841905811 894260924 764598801 831269620
379561369 784533723 8902100 73122286
140509252 812389985 361226847 440984329
358347773 307548607 722514498 741044261
891619480 233649957 162428582 202178984
355062434 884129566 442615857 470478545
975189515 119011411 339041284 366430283
811456883 511803796 517425809 535090227
968412189 90779850 616582360 672228957
715475513 375359658 34975168 51490824
204471565 828303790 233318715 291849050
868800066 187461391 879961593 896348679
881454694 317740248 532198385 575652061
123616971 474470689 108171559 186064465
961048279 287335017 778955538 793641537
455344925 46441043 371981829 430025760
634620621 70788119 763467481 824854057
157613501 716462788 666286084 676872272
536090250 150089275 16069474 22147461
671558273 949372831 358232452 358937813
270800834 292035317 350206796 426710364
485489578 334676168 825538853 889028835
724665199 395790188 275798774 322078489
946845292 159551778 288961008 315777880
250586333 71269025 291004884 330299330
835484031 636670179 196689725 291018545
180962175 552189329 165725158 225678648
448833897 743700937 870409823 873752276
319032003 547831700 283640849 304043269
304109246 985163190 992504084 1000000000
180771845 45415169 22650242 54388673
915995016 909171170 697625599 706596711
991523615 634830430 933869175 1000000000
583255141 685807136 857856265 918416300
390259485 422824441 834710272 854838324
565301955 996787682 651280474 711862350
419677261 778707580 517914260 522592614
199134990 370728216 162117917 215325874
445636693 819084093 22584999 102177006
562764336 877227184 454283571 503268250
165304633 726346651 370444337 431869041
378257467 910314815 828390008 853261636
997599613 512843413 725752876 744205336
236080125 647065905 574424354 657497147
714747559 494629557 923169766 984186983
638637510 233866591 616035137 651015499
819695201 702016354 284032841 315994783
635866590 874020427 321580626 329403358
698765304 390540905 284800676 311777154
181807598 518384736 585780681 646390747
201392010 439790882 537552259 613322915
681131549 482334632 319015494 371058595
331898549 66501552 150777618 238433525
548110754 667250588 155485379 227309077
592921872 470276773 771692670 846998706
148470001 248474371 734372356 794281435
818836084 551418174 726915264 820259306
402695643 672193618 860102046 914586286
129800516 933420399 838033309 871078932
217544370 908103360 740165106 781468172
976911653 988368332 835877296 921343649
322352911 244874326 866400356 873624245
25389911 326600666 617389749 686300843
922423025 923097190 542799785 573653110
816833541 629929268 871827173 897365059
474198396 687849977 524441864 572866270
932845359 57139220 635641812 694244668
884550429 782673383 659119579 700502614
696616218 106010269 541599990 554877277
726472261 353653250 453225094 477808650
249577855 935408226 911760816 980600610
418366918 375728436 860849325 878687503
963417637 498065118 968871342 1000000000
569695121 27127646 768108165 804336447
601910443 85122494 804458460 816433925
855750883 503385687 785459973 796987991
855835658 460636692 925410823 992724248
777767518 457028179 664037174 666352356
917856925 895373025 866326770 929420873
699026304 702107345 217218470 295914073
944419145 672880142 600816680 691642119
105322056 917935851 140947249 189648144
523386076 8848006 703415461 789672945
888350493 330390383 441869353 517194596
347067408 245045050 698727986 770463970
629025747 142122119 853300455 948085983
445459410 191238153 210483389 294697947
50296625 791259449 746408990 808553742
939050770 570506087 851400572 917901761
520138183 249786064 230035522 317181681
259864053 778824152 120508982 178005488
231532192 7249783 816991798 845727391
771111947 605138994 524321925 615781601
103053963 84741395 48680964 51746280
240253223 595079680 570936738 585430856
967760421 481272332 682774109 779933530
126149365 30806553 620639703 716996306
237011392 252881733 304820313 309773430
417352877 309337353 682604430 689307378
711870691 625759872 844431811 913135388
903644341 265828092 34320379 62112184
579411464 66030442 897347873 968959953
477930314 928408230 598854539 696127918
274938099 244149 692364909 717304558
47709002 639986157 847773746 886580742
420153381 651978896 866529077 879785515
196032003 908350882 955649846 1000000000
794043214 71514099 865372883 954088368
70637530 827873673 394007568 395018589
237984361 992977305 522930483 589901377
775436036 559794180 944787610 973207531
419502790 12489652 289601002 360734479
863007187 616301341 849759141 947303000
490672488 990228050 711819728 744510953
407627151 281600209 166891438 183879188
214111926 489104916 994140562 1000000000
553903197 789406318 199332934 269980361
327441170 622661493 480566947 561783762
48346278 446094087 872608281 899106603
733834011 582963221 981524416 992267905
48732703 204503849 810743985 837633696
536181981 975329070 11678811 84679539
242716214 805186991 818698385 878337668
306207145 998515855 790692218 843879390
736033530 12174453 969329106 981389681
862113989 144749745 784399608 847990323
873376128 995412311 214828982 281367130
152538500 682635070 998307794 1000000000
9501810 620754598 99345066 176549900
119358200 168367131 220287344 256430541
98951263 806520100 634710932 653829633
740022301 377255686 1254161 58823732
131342259 328255387 639669336 731340627
586394307 153222492 850029353 926064021
334766363 779701180 813326861 884639799
265862345 795344440 871920464 967750195
427453493 705978296 282978405 286532993
405564953 112334999 146405189 147365322
758911729 860167462 91293460 108916286
671042600 268204083 377961638 415378305
120660307 240347716 886587410 962448126
154179585 592250640 164801061 237231776
859443304 815724507 145953232 216754700
336798828 453142346 991470637 1000000000
905843480 220101776 367716438 376558934
624445206 803143596 61372853 129444675
720423222 453723815 786390296 830072836
486345918 30148358 416367407 467090684
761887870 679531600 594386845 662671517
576909778 9773884 537296326 626351607
628004096 395005327 264865968 332671781
649113507 230767353 997353615 1000000000
647447403 763749003 579800234 596421001
829582149 544489716 570939482 580728789
984471379 925592244 216683756 224555420
505612821 29184265 168004474 234171437
463584299 283865677 884410406 903874496
473079848 288411605 805001782 868681262
718804161 419263246 998492431 1000000000
185138154 362211699 754708519 774702978
951347035 777385618 878170922 952362037
209069849 215790063 858974566 863688465
333906202 312833870 645950297 726703165
877197930 224955835 325019771 369820120
839095513 155784251 75056421 108576510
970300232 371988336 141772073 210804241
27357251 181719347 949521291 1000000000
763659009 234263031 881798133 912009253
168511467 615544606 785952430 823704456
988466352 405986120 318422958 354415705
494063955 735357194 573866606 594136607
606813109 212004482 208269950 228539616
99433735 47863693 936722183 1000000000
66344209 670693672 14212356 57788218
63183349 294895155 975377894 1000000000
994502283 249849248 456659628 480507479
566404167 516838964 878570209 935071310
256941776 292766623 511868091 592244786
439043431 128027802 247497078 266173474
228687598 50560605 791377727 879129637
869353570 854327208 640791967 690698506
823077655 137701382 790378559 801714660
539818451 845069510 200922736 233264387
4488853 104136164 578874363 601532952
56203676 990892153 801255819 885232007
212083005 989533102 144940324 221366286
349321890 823505136 70984442 129831604
835557543 421856702 974036058 1000000000
673809115 13840533 220967822 222316089
394389710 38418145 405102611 437896989
206785047 139741948 693611740 786962267
88742070 854420471 327158227 338023091
350414764 870099089 10382010 22353582
335397860 876028721 574042926 667866194
478313406 17675912 110964255 159349368
748105895 708627741 771443155 774886064
534099 951759409 389777353 430261847
708996187 125280692 395423338 404976146
328004935 581466924 189151007 244043151
441689352 710947419 71707513 94829716
923562335 259119074 778868087 854432984
318158099 56132716 563675165 635425894
156835836 491446783 470827939 506321715
707818448 874230693 787727234 835626353
568396747 58617346 57717781 147392350
477976043 509128419 71015181 87007018
320949281 938942610 582571765 631982215
535360134 439487563 776341361 784900584
215873663 699779622 671257035 734289364
523214193 140665386 138950557 168342458
442079822 1074849 16021876 72579031
166751420 123818395 773787005 778990887
486344492 938893109 751337339 846967541
888759364 384924459 770334758 843652188
332224088 303036286 16363053 67301516
411775064 398591413 473619986 493063869
513432065 392904958 744548242 776026583
563308161 216474819 969258864 1000000000
66770670 980892006 486200090 562945208
4944795 424134013 360109416 456982444
302106747 384558202 306888297 311112355
472076973 121941408 333168879 348382934
20413220 139916610 857707857 894098333
199816741 788323721 849864130 910670109
649740847 638488254 598626604 657909758
318854524 635949985 879300724 934265376
638447208 916184569 132267461 165238358
664069203 133100651 552094629 646746578
91999051 738243339 662310909 760697231
356002907 349386415 695445229 705527279
215693867 656713639 887663873 942457751
239831345 56708147 580241532 641047395
34113296 50565308 477380466 526338424
960919995 851481294 112208285 176698136
866554857 131160399 518833832 603739127
886039482 315701315 740483602 786508481
393773093 933661765 505028171 598739153
352660987 352844489 899568249 903621635
60740835 56310239 624914910 672117687
753505326 357596410 647023589 709037497
282873071 30454005 491891525 532472527
257824794 994529760 880839455 910834783
479203330 827634333 160980934 205537469
632110848 526580543 458788401 496100930
844255450 73001148 485491687 525952545
978466749 519398639 715273294 738333431
587594210 754229274 418322955 471243324
401549317 16171965 690878094 773947499
794443150 3478558 554779984 606564178
33694244 291335155 177365435 209788999
897179118 192847795 751874320 794625949
659831720 875531925 267832473 290621153
931306005 659211084 440464415 467300956
671211708 496461635 322352909 408748432
961180095 4981605 70983687 85531282
870989790 787673681 545140833 640839802
701476620 717932732 884361780 923783347
270148901 445420397 101031342 104481092
420853415 146488000 4983021 65537679
608591042 271400061 203968273 268537009
343163571 200817379 983831685 1000000000
324349605 886086300 500917842 569890755
73752855 59759214 820142277 862650007
605929524 162123353 30329378 114491199
982482373 619581731 111041676 150763118
464586537 24964618 517635765 520968284
663768192 966657648 942207039 1000000000
83395556 912184232 195343756 249542287
541907984 969387170 291319663 293775920
727203260 460976202 701252199 722371150
711021952 322156932 791915096 879115293
526172249 866933697 974359829 1000000000
815394722 821141360 273162258 363322056
276238859 802661846 551197027 613417566
497016068 493250011 434933588 479085946
880213443 901755954 606740317 640870088
137905318 279323826 890015205 899249231
965381357 592885645 878987293 916980803
138364514 363502398 156647117 176913264
377863206 422499286 316835654 321686062
570724296 367505946 500576715 586646002
561058894 986787968 770858735 808676883
645845196 844223892 621206538 685858616
137591773 677661163 246481368 298018861
131986461 860323400 610501305 699383278
607866087 631197438 603448340 655578716
878973128 531006309 710003873 747207349
949912549 48031809 403517088 436908691
924610846 246137171 950968374 1000000000
592989321 759556106 892643248 927237533
404778051 810531498 142258544 148984982
18423035 971015086 752833787 792768335
335319105 233219253 582391696 668811607
135115872 42309197 891781870 919972019
692536067 850310545 228666650 288020778
77276717 148515806 138263144 209748032
679362558 98811621 938081759 952930204
372967253 462212749 53740209 80493856
426573002 1387319 465922471 546025064
6676066 517767938 9666381 96733616
280683820 228956276 401008738 485619905
517455331 312292254 833759105 859713204
510594721 253765316 638076666 721026499
20735149 170463038 552724613 600070231
6061280 552869054 975757780 995722669
220233160 899236870 617703759 711184311
819266582 878626101 580434246 661550810
255046973 679766297 845656128 884865385
883644357 567273509 906827277 986128100
741352838 846455275 399121684 412571627
309242657 162902258 467741054 482910659
466742511 355992459 375803595 398551395
508968315 269385072 22458546 38925001
139822571 853414437 708888085 729742117
890176275 756903854 607944051 616041743
953568358 205340071 737273279 819990192
954103255 497206594 829987788 860689220
331680228 842596736 956314956 985197616
293020796 314058580 99631029 152320772
497932581 200589832 367196638 451810009
922361141 987191725 775254655 857832251
766938772 389787810 501881055 529166561
979466738 612478037 694463343 758015506
55398070 226013290 189893542 253374338
178367046 176974528 184385898 186457385
815035120 601881756 240208380 254201680
538933118 688952966 538016540 602204144
654677424 847928240 304773376 350409532
58370726 870520050 421552514 506072749
604514058 944167992 212708281 285751201
974589976 569887201 824630031 899046134
760022452 712303306 928168876 958067235
34620829 952214728 714574549 799220463
790329348 770629372 745892918 823653722
759708562 776648869 761709448 790290385
234111002 908985966 517707479 585071173
836058542 849931725 885373997 934670325
916528375 451651672 164644999 178595770
280383076 463571079 159630597 173305998
790822329 372350067 820807368 821465025
763224728 182504487 711693547 787636380
63087870 50011207 111493396 164168027
713917406 325128651 58677767 125401308
370670014 484417090 222269454 251401183
130500400 957462903 459484851 533231534
450701732 168256318 932540890 1000000000
698796295 169527459 854760257 890664255
273728573 886087899 115649492 192874316
66784413 868080800 52686246 94198042
622290245 678453020 479408450 547849831
323662994 767168175 659998072 701410516
435300091 979086428 101526642 151530649
96254083 767643760 889609679 929072011
777951347 278470699 756940473 807928008
316000270 860929810 212709286 214907919
170866100 857281307 673131413 698582041
345760433 457532047 828182468 912351204
236250845 540715725 338091156 361907715
934169464 923337691 804150524 823750909
591422790 544649815 766931887 793522089
957096315 436763087 133830370 145615627
399399544 647407504 497228271 588563400
578658163 710348953 865782738 935990820
227802865 442307588 726033301 735796166
519575442 731499712 255987958 347311597
131343009 760388290 705811885 708282083
107253340 498042431 241669726 300532860
950787089 306558562 122153226 123969870
36272371 745710278 740502206 800912588
978716146 896986663 48858980 50114392
790869124 116819457 185944384 188674189
854333195 791386578 335055158 362278801
923589748 998440462 304294399 337057472
957642511 978963211 123148003 205914541
617036708 56910154 735680130 742515103
639220500 38755714 796171374 857113585
638944646 505689036 994638600 1000000000
43909531 430717620 26672110 74902850
875860063 238605265 638152159 724850016
372042306 25331198 947321245 1000000000
517989602 807255572 22247689 43864216
31372434 784691772 85575127 115130118
986341235 643440335 534728431 596554365
174181246 818458030 352064493 367431748
805724295 331447854 902622162 943212927
597296192 505877409 424263546 450671528
455989377 220194475 463532464 534701976
334230430 92081124 665673322 708641795
163384525 381891663 746240281 805676759
143238334 333651718 382784595 464930545
546431740 510672018 728046174 820155164
134489056 371979076 93149552 171139603
485960691 583025732 256823339 340472805
667510758 537284146 384339062 428270448
681943465 218642455 765150232 766591589
596060507 305109621 144495491 210140309
128925423 135279125 576170990 613926436
328066768 365894713 825260661 874210371
791580223 233746750 90774025 112500244
263627192 475051987 454523417 482888741
467208475 744644098 720229700 735679989
528993362 961488170 737303957 797968794
524307052 433786336 382969225 468645700
483493396 223276807 380630758 477747460
737793481 535217161 605367309 643371490
383068863 739306889 116925117 136611377
591356639 695972849 875714309 889550018
357307732 722737637 280210909 372899929
463708806 993567102 731523338 749368880
26573039 366713613 895404590 905717212
614566948 619438105 347758712 382313472
383203638 983279787 822309452 898059141
382417634 936849835 340661628 369620433
296977084 633934290 592798625 670244857
254932268 77288637 224227415 250505100
373665907 428586570 731706207 829840237
654705619 251156048 32907895 83075967
655627566 942665007 142460121 186944582
39308095 655199406 634304095 720128445
763485636 352112499 34064114 68381092
210997757 900575899 122770269 132704182
132318674 688987594 427298012 446981775
37677168 939845040 387791623 480357704
761453926 306770615 175638618 254586961
938452214 175293771 232596191 319207512
553928688 783372069 150047826 237490685
364251197 676461707 215045385 221696291
955706456 311332399 465751242 504147074
400959193 280901349 592926613 608810039
358795571 233701328 8401466 13239223
922926306 291395237 1498345 68095990
137220762 747656665 209485925 257573393
384540842 671326881 422219420 464750797
155322192 563167139 874068398 949460306
509986900 108891863 468561606 553757541
12941797 794666920 607525947 703802258
39759519 889356479 950227095 966060506
702139135 27018689 166440129 222626791
377598303 271889569 886706832 945107620
869556681 993832038 665143820 753287787
875340943 590204982 387494303 430454797
780979257 724606393 478562915 572762712
507433143 128026357 272935784 315143872
344059116 709970562 287008905 335801425
339618067 212022562 42323745 102990509
797048947 490724803 162732076 197121661
445169742 486956223 292978272 327483184
713474088 628151639 704312571 746297798
341422681 676247434 172804417 220046696
979575995 120351742 954716358 991253448
797163299 692238754 132170976 178554945
567285560 509197120 28064786 103867218
925247761 362474839 742420845 795683428
31804901 358009876 214349436 306331891
405576085 763885794 644057126 695902861
107514559 390824966 161016445 196394624
670872191 896210404 244914324 245079062
278201582 486894304 305570568 317851277
896531395 599707462 966367786 971610532
852304514 606833559 371610049 419980274
720434220 400954888 43963806 77511248
172064192 589177337 115194153 152977246
804538346 992664600 575220202 654013652
600434679 995881754 20226809 31943226
405039895 702997391 907833120 948430746
430754789 962182594 669656386 759465069
825248747 561142134 160370726 247467128
337763262 24857032 34894058 72185563
921546082 513909673 339526338 388540069
498825965 306019976 250640000 308331639
782791910 341779409 563130709 663109077
266213921 195220022 286707137 376638834
183262212 445420092 262754967 319045540
876441695 559804843 298858116 307676726
815665841 233825857 716876041 785044908
629092789 842690418 164022117 209065067
644516900 911171467 457844842 510080446
393904659 441143112 932753453 935499672
928006533 568131121 249151699 344235892
916036477 767379282 695741477 747443173
563656987 665104883 137930135 228071197
6564063 453903718 316232209 347705721
183841675 94276849 609648834 613213073
801958224 513792940 232208735 263405663
975570706 157491903 21665478 92273161
736288070 219066479 709231304 730184663
384992241 929763374 622197625 644861812
91780755 976120435 275178937 275600578
275091129 81937319 439599629 482771546
337959477 808462766 986899097 1000000000
254728974 662193133 288942170 334220141
970542805 759709369 678086059 730449854
740306912 315002024 694116471 707915533
566549486 539973057 436425252 499976197
296519169 817816875 98838759 179552301
856392950 216000674 24093350 69452242
278024652 316168238 784259026 798076115
897397836 539458370 72701451 77327503
489244087 102515558 776024248 816658885
443068001 151491573 8639030 26334914
901337956 281185975 299675933 347098817
453848317 481656586 559134955 616378779
521132849 634212699 779201400 843045541
192486566 4537881 895676726 969241856
280125408 768351362 219687062 290916372
789408660 262321864 358411692 420505413
726573920 827254809 621969593 676174535
867538781 652158166 144644546 243884906
661760412 680869528 727699216 781165330
437995746 278499785 356113016 415219793
887735847 256534539 906831901 996010966
818606856 949508637 122883038 198136650
506587765 344262702 283119344 342201637
261758497 937931217 454081428 478817736
662233804 862371910 208401422 295169018
564160048 919184224 563559779 572147496
171902059 694519637 766393894 799914860
442601491 831717062 275474879 306838843
319836916 452151637 666644712 732647322
800680550 710300892 324626032 401040438
337124679 12901298 594140836 649465162
613564964 392816143 83354414 155520872
849670922 621244995 646681646 703610170
52324117 310572495 508821764 539819554
121479867 86014311 316256794 323270423
92405239 754915542 883817301 903558494
84184641 723823450 363900597 452211021
473271246 143825333 755992520 772854458
849043438 124581618 168785698 261488283
449949732 427103114 251097507 325183756
12313944 800644708 699104802 745763702
813415802 634071135 860010566 873924122
381426525 905874760 149798639 235669786
279241091 934884554 604599966 659975633
514433900 798324758 292498892 294185557
724468894 631426726 901837630 922102680
336818784 16239446 539921852 639267280
409991586 790321603 134531256 226571347
27757797 310621840 237479678 299030413
290405191 182610857 277492916 292583131
182300590 35113143 412895441 491013855
121646796 176019842 562443821 594543685
668190999 235203412 59677839 62675682
16428222 148723308 148568948 166864988
683591076 768950602 515962821 595264632
91847035 694067525 557503977 585459315
820383644 919612783 370198610 449892117
14801700 337385829 763610589 854397886
947293452 734963673 671672035 746511101
912208913 711986077 757187387 825860422
77156463 936321749 421176641 467447504
346039954 791713454 562708243 576292711
756024023 144569310 111510487 163716739
412246253 625466057 310429336 355139219
708280078 648423709 288896487 366206309
109185813 805274496 935408133 945522009
326831366 763876764 957026483 1000000000
371522270 912368280 858339425 883466621
38125471 997933735 265570433 301020575
770135938 902877190 529810893 569990450
455601961 380066290 357558093 440109004
1533603 981644037 742750575 748758095
17558699 945781941 667337029 744388522
595759735 719617784 939024810 941731181
31837534 356183553 135477383 180868824
778933545 389940988 585929178 642538682
755947663 951168969 223162801 292947697
342741116 92310341 418090122 476680220
870771749 824708192 570389921 623411027
425530532 47390206 684003179 782419770
796983062 779737182 76412424 105176198
33675836 748513638 782268704 818453694
246983256 239407714 455332317 502261134
909551394 899917179 90805336 166934062
579599571 491329445 549676280 612107490
688828521 608546406 840587705 939877260
44496637 370933361 777648107 793872967
808286496 426515952 21366227 114194951
590544015 492748045 730409717 803849601
813329044 490985586 623364134 649221070
106555065 117958501 742769851 822886951
778404465 294425203 634606269 640561757
22434888 532143122 504130780 565979071
36890899 110505916 31183730 32959803
62613092 163120044 96058726 111275620
690150789 512575590 313612443 333823205
305746609 412015363 540494144 581696794
793739793 91179213 54767068 127385186
23895713 274508948 628608335 706458878
435460853 396167738 669000594 673116744
691342809 727706519 953117295 1000000000
307933784 599069907 518267840 595172740
405733953 760361463 157272059 163832926
724866427 763583759 896692097 936376345
76891396 900606852 906046201 913184322
511182077 927652795 135483086 143134692
223036627 278748291 409966228 496243943
620461310 433508077 797238626 843740673
897845781 997199551 420074249 512424574
585312991 113559065 109367508 194830755
961467404 800563468 612622896 646797032
305454263 849329564 135181036 214473128
725356654 786982602 245535299 305954037
235818270 376126097 741806123 771124276
224345199 707591250 400438960 403507493
551133024 16557044 544920669 632777581
785713229 880320078 984601441 1000000000
243876325 832173264 396048356 457612898
585984784 423842788 144651929 224790872
92384685 447982916 45878481 92388391
404120030 985724838 464308698 522878305
555882254 144771677 913490365 933876580
740439583 812297246 842502863 926891431
704105160 812666708 402006404 477902304
961400396 202049564 879906085 938126615
111567049 321166398 808433092 861836255
805656090 376238059 993247792 1000000000
430851371 265985833 974412879 1000000000
750531676 569934468 280505797 294661277
236839426 421119350 763171227 792128440
157499902 938959164 671630504 729359934
181514498 132479323 718534011 781637956
823267050 39746962 239711274 268750838
766870718 323300338 577125628 620819087
677469138 474117997 100014937 195018494
516779808 839029313 274285690 303743707
854413655 869773433 34516642 41710089
396689253 959569828 264427693 324171846
417755182 852064546 815220645 832465001
887508134 559855830 574714422 576041600
354594990 432113705 881000418 941289338
370226645 109627857 19561220 65000158
798442812 584043907 594177562 666335041
533371580 704966474 906722492 959795795
917662858 690254649 276685690 287576010
809042221 130950845 903311403 946135044
501818936 60301890 682021733 764547063
793561845 841428366 110169449 194052840
308858795 84660558 9134250 87199326
64047922 437131151 525126834 619252611
83678884 131307769 697291421 762474678
945992037 725063710 770074692 851812372
88410017 117490312 227143405 314263580
972047246 670684290 356199635 370902270
547148066 774689082 187517333 251004652
891021429 18586880 955701275 1000000000
441700854 702521573 269356396 314152376
265840087 70139202 92471146 141448711
749991596 590339751 350961476 367212013
876146362 361122034 757926807 772692049
390949197 672076418 628803417 671559920
688387936 841799987 610843795 644449343
928236730 736012610 342589669 350657980
362141210 689703558 629364363 666183902
362291136 515613953 90507058 175603489
375672937 326572323 727181881 816436651
216520812 818304000 537718189 605219101
778174130 307502038 717237649 730146901
860609387 634459714 795398605 893858152
168217942 2828842 391886148 447064958
65480227 577563804 742763821 824277150
581366559 128206265 629260512 683233060
968815998 62381588 45139950 62264306
729845242 371117524 937824554 1000000000
807013811 460212572 406067174 471027796
987521090 511428173 591945080 658134028
113333765 797989800 684117246 697549938
353486107 281030727 324469484 389795187
460468465 451823321 425074425 431224274
696281929 643136755 171790680 247489113
844611216 204340047 691923699 779408600
276477413 376448772 820935947 908620856
774273579 393570591 578948210 656436296
195254383 993400470 867922438 894205101
936206694 206453601 750887623 771817266
196197629 604164560 645216444 700173261
726169860 673665424 105035876 169171597
935729185 122155419 633393436 694519096
522206869 939953162 101802377 170939292
793571617 736723157 90742814 134848311
84796886 783221618 971651960 993589379
966326138 688661548 792043291 821577636
14639156 717083254 334006328 339508100
132812334 733797483 998355882 1000000000
110915302 918366252 493087461 526013245
203107949 148707823 197426327 242593613
306491921 499148043 373151032 387838650
971519685 400602507 993892765 996072957
633961616 674577518 882615029 942489494
920777601 656383206 481734053 556901532
852694630 202432026 999316914 1000000000
203305743 879243671 566794998 640458842
29988781 162495086 502873111 556219616
691243067 635905419 538098186 605711348
603630523 938303271 854406509 878499891
979571988 781885904 569233500 574507803
199480273 85425840 428363280 490681617
594866359 263728792 278058076 294243732
55363801 538686019 568339444 607326552
770179222 12698590 825942060 920431825
430133843 544754468 967868851 1000000000
323158244 75122998 42387035 141765271
623669383 414715819 916219163 1000000000
366428174 843199507 664334538 715905967
37794591 170260242 160205576 227970489
252508250 143376678 761025696 808329936
694159078 403863591 938042605 1000000000
92578262 174740567 485883105 497964794
897747099 142851623 803674344 870037614
125269005 122108157 116130787 163498630
225046229 859910248 530606575 578002084
844448596 924192974 175973834 227177730
146011524 3745688 387358789 466529923
548446235 756594082 952842881 1000000000
596799306 231881362 983849614 1000000000
259033485 345520791 319228087 409125821
561130386 727218190 532671110 566563364
499755801 274806926 154123087 192643821
517328469 620522084 499298356 499468929
31667912 768742049 603025101 654150926
14503965 861391471 597337892 603519200
825683615 635915502 326480536 386268797
459421331 251342728 618638374 669503365
973069290 465960921 119836984 211462960
754142354 463404958 631007066 644850514
8856786 815999742 56602591 101737901
520746283 962007456 863623859 884299007
806501790 172100700 123292707 137240977
796910340 439156143 428564914 478475468
919678027 782386837 838634487 885248054
716541691 864788895 783240788 820335890
127388933 417582356 563769967 585051890
182039713 379635961 751101725 773340826
168586434 121479583 295629671 306595235
98498684 476937912 229210709 301236393
416001973 935294633 261252461 351524858
14735743 512883328 424689726 500270994
257228471 620756842 853205771 950193828
162124782 646217039 987497640 1000000000
603415193 798996707 369681084 469584932
414873817 417672072 478015199 498655548
595085578 239909278 8083248 17122576
838866691 982774395 762775933 853775689
63749828 882732583 709246123 714072555
590373810 657553606 664697430 702257725
913681918 905617359 593674478 598661030
438020985 618815459 975988605 1000000000
207908288 389282288 429258861 431699244
277911525 152430882 329218122 422407168
890474434 648236162 773683543 834830268
222380553 940292805 118203916 207780582
876364882 214396241 149690538 190393166
953515552 685526324 100202099 188899922
411007131 220319200 592286268 638671546
131009392 963985100 21333291 25985562
702426250 588481154 167016683 212276357
555148973 86826689 181382308 203538039
293681693 83327142 393520028 456755450
311753931 635374031 794907272 832486077
572544885 107781492 295490180 312072162
504171808 437148460 16642620 81882911
855004150 365068802 848003799 895783323
526622809 146535286 906492478 977340231
383346977 450791986 623560555 704979957
993975340 300301404 484323352 544466899
690762608 403101466 408160781 471855499
282769692 251863729 222716433 239684476
934571482 120349531 954438462 1000000000
545687495 397072631 828384670 875297417
457516800 819101404 815127443 854462355
311526572 151652279 891687267 938911235
791994741 703911190 120058688 206799899
933689768 808553090 931432941 1000000000
236692118 267748677 863535598 893492076
238774363 865286219 493264018 585716232
784417961 821171815 227706342 306709646
219252616 900611509 186456349 238219085
408442686 164214205 508105111 543223853
78084481 230188487 695610347 763649171
87395275 810190694 427358618 437749055
303396843 635766076 945101116 956863895
777243225 136431352 18428235 24829158
963728890 607919171 215104178 302144549
684594809 329663183 22242771 72438993
872743976 776982247 814123411 913365539
195099530 141555378 231560752 243474389
729907370 840782326 162567731 210824596
24405926 348189193 35135527 129415726
153318483 547605289 128212137 213442617
28340101 430413787 639204674 662251588
807855454 943260457 834781269 856240906
963872147 490234281 703259553 764814515
950058892 580755827 513311710 566495658
636607578 365336908 907231363 924794406
268656811 581365499 52951387 147752037
518713274 393305431 387249952 453078543
942683490 23287197 309874498 336467889
887116718 349253701 335836295 434275692
697519244 807652805 959552000 1000000000
904795795 558725584 896473166 897021093
122122809 425511643 914857733 917216540
613664440 649479199 813136546 850228318
44169627 351813878 324432136 368181255
75023297 668000842 395474358 416197831
271819961 470810944 832355454 894130334
29985088 845770120 645580989 707912074
260595292 761678866 128490001 148198121
148238479 499059333 135529590 178207215
743921505 99547559 44717550 67050598
105742814 970932061 991103503 1000000000
440300839 986879191 959690541 1000000000
188915991 466469923 431374849 513329305
596223716 819531676 484254282 582002632
562718573 873780323 772774267 790341608
310081365 783087078 190784043 244024567
769014138 450361885 963238166 1000000000
8209030 772646164 740707354 785623357
49304045 93799359 735967122 752425453
991322596 500663696 816305704 867200574
198224582 945136664 952861275 986142879
681892598 922946376 945059289 955466015
333335913 890520337 447494359 545742737
380448573 948550043 641946971 719522236
104511332 693909793 152074930 156980819
486378095 620813273 688397346 780493560
459110713 618687512 679800510 723504707
410464307 932317217 160102839 203151888
248424040 206812501 346764765 446346671
44921501 72294565 18596519 116593982
405309157 877824780 5807611 20114438
914965660 51340099 726675629 814599978
233005684 212459732 597554656 607271534
42193935 402453998 768596442 807130387
248016270 536009810 384840597 472663704
880657449 513467776 477856116 519610143
299134506 567420896 911683567 971746054
709753328 384662953 631508996 729518136
208839863 751173164 695172223 715609233
221966249 75023849 56531883 126800064
667910966 595933326 418068171 511047020
848890984 871335969 820563883 914752834
206136967 365153980 872104788 894723240
399347208 206791836 429131031 446559867
186240600 771173971 852938064 868535925
923056693 686999663 315784512 382358153
422174925 967672677 605901501 613391683
431623343 417055000 560691137 587550609
66110498 45435120 902143922 973433806
786005630 792728596 689041031 782020909
49407806 187013762 462976299 478560203
475289778 555742606 736193064 820337691
878630780 649950924 755938290 797469437
446642760 836378498 389458600 423584579
614203431 489125513 872894517 901292982
41920510 692906345 489507894 583880002
690313014 741184863 425221975 458501105
254355054 319700203 16243952 20056633
436405866 219204585 115818103 177576496
229044631 900776665 535010237 573695235
197219204 969892990 333337427 343965669
960611035 538109102 294247338 315320841
820860187 164503400 571610411 659150416
724733116 989820920 101117069 198964089
848724351 194816981 722150382 755002225
647836262 934799484 44285575 84368265
11816617 449022590 357365245 456976737
336420031 214192185 500824353 593291252
949329472 992538736 941045549 999167365
883043710 148000904 950177907 1000000000
979228303 805375050 406403515 451258067
810501198 47691022 962391887 992180726
121440250 339459793 266249292 278401482
56459206 743505721 907626445 974123866
354484379 711892151 241651678 329882483
147082632 544105789 444232972 454250113
601547400 355600835 406984654 495885164
400939130 214660555 367305688 390586303
792736241 642758867 816510520 859574769
965447805 671932620 93787430 125348632
7464164 947749349 999608266 1000000000
568996585 22258555 250473190 313613677
664233166 493444252 562734232 594995430
909761620 381591391 757284645 789818202
1484463 553945828 394261363 448827618
269882165 924086486 756064907 843475530
41156386 26783152 903183690 930182225
607943315 197094851 246044604 312260920
491542803 44760039 778438243 844302673
868080754 767555766 943534320 980097500
192925086 13530684 704313743 733506455
400944738 812626803 219123126 290323654
246904031 903709110 699626762 746435558
738988554 864966038 306901621 388012585
382453491 732408999 587599558 638852742
591657710 551560272 306583594 356969613
952413798 777063798 846120950 938408418
