289 1899
167809497 546406939 26275610 117011250
494802699 247252982 645439098 743059014
693105487 835879457 301766443 388813499
815079599 992937957 596299149 612241428
533606600 522576025 105770416 121777682
902092061 437810863 182143 38804860
314780581 877720139 740432494 816450547
168289196 953880738 583156830 599217433
304254353 502254531 532911463 630645430
465432516 151860693 793134447 849427981
933479834 662650389 135164650 227735082
934387468 146330310 393079366 470068922
64034715 605687773 369578469 434408488
350888134 653949742 76733511 92283898
521343996 26535092 467540971 561266266
834073707 629740798 790662549 877364243
253852903 630467165 331472619 361164862
396715875 807316973 442763283 491096968
70938913 520622528 325917893 358703955
886925884 994286033 651883482 739880004
952390421 142143375 246555847 264248295
832825751 710143290 43284346 50619481
357356925 40333273 818140327 890093083
764575948 931420382 206416234 267362771
90984688 43106531 564954742 633129549
555554867 318621260 730717597 787595465
800693168 145214070 225125214 240132782
136469820 518903368 701099630 715172974
194552391 22136062 329105599 329247733
341084037 150589557 311142982 377269800
285070920 261658428 199784431 251411646
312837069 71525852 691986731 696613837
10037102 48228366 538109741 628430294
382414666 920457075 371242628 398479150
99721833 953183163 238858541 260318294
830562391 861446152 734558769 735120391
933715809 738478120 320204502 392298201
605908684 667551448 41421689 45767213
917591706 504307947 618185996 658936153
448058601 677869510 451103943 479092784
377911221 4436854 8021842 66372911
802100388 373994299 759163654 815844281
934550284 72099193 579200970 642390926
218127553 208221446 423277534 450598420
413114247 901563398 556555071 613511907
986511950 231059703 447882517 521277759
206830184 744775152 106076232 155930536
987623188 216628478 547273473 572292048
654337835 510852285 655035932 751520700
841228260 532322048 784137056 850843465
500967772 761067513 953663482 958100000
17330197 308590962 665249664 671680310
19691885 85374470 245879074 291061544
126014413 808924607 143379578 201977554
457131111 588953802 386546222 471240182
935790147 854660641 699230530 758082983
988211661 226876187 665447640 687689252
594881298 475090245 360459965 362046080
120022825 884730689 723211532 737406281
412506265 607579685 984712775 1000000000
746465939 730984009 428599909 521121893
532265975 396207306 966528780 975004569
9406150 197341798 176960195 234234828
675182593 837351926 759282609 837971306
275304155 230670436 806177633 854299134
700497549 828210598 979853956 984495114
569812639 403280989 890122813 977856966
525910924 100924850 533135462 587067076
799992779 594178013 42401375 102885870
755132098 4111509 370718407 391827891
808926928 924309175 273530657 330750515
385408532 53828684 100007296 148788281
741577775 160760461 860738334 890773373
924969665 270370173 213719564 253095628
722597325 30416193 176778294 221561076
810355841 69926652 432982273 450642134
712102138 434707493 142700887 174276182
972142328 739326464 779980729 863948763
216509170 423406540 297462078 330700850
229976634 652666572 167344084 205467444
524151698 176292750 531301651 574889475
406093361 690585337 387491530 449027086
276663552 74923540 636941645 711989417
511108006 456292710 882169342 920190017
835565080 74800161 234839860 289544458
87012728 906620043 383982990 390193945
532835844 413880857 879304536 924399872
755877155 143997297 91370654 127281450
179779868 616669863 976491427 1000000000
600895089 112797876 810982809 863798082
875145992 40777823 691265095 760628200
924909478 209604700 14771886 70039051
476620375 813120439 140374788 210372860
854568603 935150084 433476068 452675525
866777790 439566629 407458382 484721385
179670155 390391761 453870313 476460780
131395457 330492468 468741326 540209319
628732671 32158691 477967963 530417149
267677677 393897022 444858545 478106085
922916987 715440835 28174995 87943213
359497543 752532063 983362659 1000000000
578935234 509610393 239342776 246183789
62171440 554641442 155726886 172261279
446259174 230325699 264996925 340476429
885954739 736076394 120736646 170975915
971878777 470105265 776386583 788208904
442920449 458761229 948782338 983034744
898733888 482637779 941668365 980137112
748654507 809745619 950661716 960088122
165064243 177426471 836534409 876835515
264932368 633569762 712011890 752360029
957420981 141094975 463339198 475705367
963523764 832825906 991168212 1000000000
431836926 884388009 875037984 919827358
741387904 910153033 203362088 211140337
96549678 857369080 699493999 749002980
545872920 220690246 440801294 472205873
978332149 592022990 328775585 384987619
432525469 505560520 797531386 893419632
965259911 421600030 281740220 321011079
207303736 352972733 945686268 965493806
359343179 595543705 853160338 933091903
870668907 721663783 54447051 124303389
253870283 314889590 776119290 804589988
930308527 744280601 438360587 472229766
796584689 303978186 216230676 304718486
796118393 119232533 838645452 874818835
662140935 761761101 242277422 337197545
282894518 488698007 602421060 622892973
483899421 971029791 731362930 799179172
990169799 956068994 34366117 55024544
565606826 385796992 459383140 497229541
656821221 440803078 385576171 433707148
399767496 329350320 978324697 1000000000
607745870 41832985 871702702 916922057
817256155 251761522 249946821 339233967
807178064 459464162 879001837 883406172
357355479 713438079 856275640 947979941
874195613 419100134 206896692 224655500
270741600 543550551 450099171 480046904
596607080 937394426 657432646 677018075
636717207 131148021 817747150 883611248
467576223 728487793 70598446 70602447
491215449 594082720 371303334 435645482
716343759 992683887 53341587 61619410
828206395 160224539 959492286 1000000000
195096257 318569974 294403299 335170299
559548398 730766669 455592853 468660019
254775436 134868030 460143853 490114075
229258873 45928326 759190227 848977617
538322972 54033089 917842945 936187614
397970477 159687093 928709326 960018327
756572235 298948508 122356045 214326781
930834292 546453811 682643439 758052350
407088966 110053066 466593935 502477346
862857255 526895460 755542368 807205555
322951309 767244272 933435556 983513012
931342176 131801236 519684984 578172975
893947978 800698297 274746190 348937451
146621130 697569237 804641718 830342321
326076089 423773605 391203748 432821901
139993178 116327558 339649126 349991669
23994181 247679569 753235437 792735354
748285788 315276080 198584266 283731565
529553823 776151489 867335519 931637112
328530368 933602126 48191866 59867088
185416770 577957458 266252564 358055327
76521289 695098543 917398881 938879731
827868845 930595423 656678437 683549077
558795031 274397731 300643622 334437808
942311219 735981475 323060047 395473232
684547072 829361012 353647601 425493008
924023068 823444906 910758732 915799022
780462545 164442792 223782261 287468512
815618014 534841289 603305340 691616743
781993251 150786135 128262725 137088810
934411146 857706978 8204849 93167418
797421730 380331283 146233963 162210993
441609703 786731686 680579448 762161138
787899386 887206314 794851217 832479440
119497128 330396372 376346339 410159682
317256503 167877608 924977925 1000000000
300247931 962545459 373376523 404923516
850059338 606889014 119232285 188892533
520949570 624882577 919017496 975799915
109966675 829028490 865158757 918800182
858006974 518302554 653753522 677360185
984385979 267744591 622048951 631654329
141085333 624253057 710070064 756856070
461284625 317627662 993321931 1000000000
307676110 215505605 333374193 396453612
473111700 841372407 382952725 408492223
796973816 749694003 108164158 201302635
323952095 569463176 270118021 288652376
90698877 163729622 46807719 52709761
679160491 621645610 568817192 632045732
35276804 604859442 340076855 414956604
150259723 990892246 272411730 279126723
563842111 811429521 556074033 636582579
170013044 734203269 592932154 671279912
701286173 610874501 837894313 897599660
626536117 102831268 471398840 525563003
504354667 66811157 390064797 435885696
787979140 458205483 730746600 753333069
963894460 333094103 516256470 583593937
449773927 944722532 889390736 948778783
986004338 879457496 919249749 986339183
577839361 168872694 671409534 771029027
836360918 435831326 833330694 878417324
787828552 843418965 93449824 170027051
836395143 637012750 66643533 158102269
756992038 930575901 597723992 616194904
512556596 93792042 11069845 56695536
45743020 635025136 646934311 739417465
912205611 50249768 429327747 430763373
8913963 809640202 571669625 576805439
889609253 607902469 629750132 713999375
65790301 979450459 723418561 775632272
289274330 768195520 238570322 278984490
988389132 952994759 981064558 1000000000
606188846 894115534 734407352 788350077
591833480 646276357 105499941 114501662
920627229 742737194 247720411 323197370
856253098 420294851 582484918 665553292
980399494 699219248 180131811 221320034
337884017 385227491 313012197 313089102
709832753 861136430 479053931 554481284
288396384 211926312 622857422 630671069
539786942 676257290 24547811 25586156
948565286 429377143 209320643 266341271
557599469 881218531 926649074 996914684
404523475 911334704 985047584 1000000000
904897315 507200291 370945553 395308663
289591142 536349460 948906897 962603489
219064172 649418515 656162515 741232131
387132859 602032534 323266770 343400057
37948367 204518709 134812206 150094047
656807360 974314615 691558090 770095104
627359061 977925348 239661724 288417688
741683664 765990292 925319073 981289342
78148940 884232892 567985700 641339831
381030265 797187145 238076840 267531742
969989712 610349227 275521822 300351253
307502773 529558410 124288132 213107584
140510405 923615929 845318293 904717148
939574251 945973826 471488318 533457396
601071568 922381526 151042918 153726049
447983339 943139845 82843037 112612274
605331067 517811504 245654880 342329749
14304561 866633086 682778825 690097635
649980386 771302209 763882676 829900011
815351305 599000362 820666283 854152326
318487440 458113568 325919952 386536240
644607191 173446954 308360737 352359204
230328912 600148073 858599150 872296746
458577520 607268749 403159912 440783928
54404295 328536663 871222064 899570796
162643641 163136232 389089507 464660456
400603923 899032935 471553737 550107656
406569987 666920272 290343256 325685865
21864755 924167479 396727873 441201045
800287025 88870240 791048330 803319073
346967529 37243980 523920878 600812666
41262517 81894851 434085611 484192789
26111142 915506079 903918178 974460491
133012545 661083985 324505351 346358371
960222471 628443591 211466037 257543911
343060535 799271412 649015401 659355944
224639778 990161661 454506161 511778324
298714758 353822803 902314015 937216569
553612715 968425913 240484653 241234756
846157795 588392467 816726682 885420331
237689982 131721422 259668014 320172250
664597104 532204217 359446654 366661661
526057527 638270535 775613420 788494443
543795821 73456777 812057131 884088220
733595151 484481637 666173030 684939273
48600211 526102819 163787985 186107822
639463174 301204002 803078557 857131749
323672744 240990306 240081311 290796812
789102334 829854966 878563585 946680721
941546803 391583055 56762270 64701009
49614025 227548153 604371407 625150850
779942819 939207755 693885742 792466528
660172389 92778376 181272119 242594974
169072969 533788110 125250226 193886448
808632952 127232075 621525135 678497393
218849001 580668194 691392776 711265270
980802450 969210486 115491164 121943560
984052469 294285497 120944282 176977756
605716871 232365237 973077808 1000000000
177198520 557623964 743664260 808828998
480524347 302040993 443407051 513600473
349453441 190504493 900994947 999541221
983549226 948468501 789939821 835551955
436248240 664888601 34673384 107919562
703076356 541879317 59544059 87369228
226121589 624500757 478642077 498887866
521015473 745726584 155747465 214101934
43106032 671773760 592032235 641440937
993362002 501819543 743947115 802408677
553916038 933181457 264371114 329414054
797567761 69140605 159012478 179350975
5182256 75648472 723583083 817748807
370732223 101162750 443008248 530032069
780387570 781489547 622359685 721644867
243643203 711729301 59801661 82079209
162346745 417089952 499455115 574385643
508092010 926445792 66566092 75142471
361895246 568364346 609552526 650249468
343553015 724443015 960982174 1000000000
337781771 869730176 18877562 74297962
917233230 682544927 266734079 363673777
802712505 310675745 975558768 1000000000
617888659 604803096 172517082 235704809
302417925 989606090 560170135 616700198
22568301 839299304 342059420 372118761
449065931 247646712 729167098 760828116
202613802 288570489 56087076 146446636
986248841 294365587 715949407 734657403
479917869 814552059 806297852 823797632
769913635 279286791 753685253 817601580
406919136 663006176 451711510 511508711
644952674 58852261 55573107 135609109
72615252 107791447 355444893 361270914
645685194 837314297 892456378 982976312
320219757 450754386 715914725 797586158
802632663 701187693 496617949 561106509
283012516 431086298 103084067 113846402
906128345 821654899 105837849 128844065
117123499 379790576 603181570 641153443
509345444 698655885 206556474 287392260
189852358 671687735 272559909 302887336
111517664 182218875 661525455 704800821
306548706 528299983 3293302 73120705
160148593 466328370 540104306 608246003
165439150 143328516 108325106 178702533
509453763 460327791 914277062 1000000000
274612712 259963320 118165249 207957511
598817967 16065326 811840411 861769388
60539968 927089103 585175341 643580135
527880614 987137411 94303790 190462723
221515225 774966444 175459234 187285330
826218811 436906597 595934083 620663906
383390108 227065019 721046504 742620895
833844935 590002661 99331432 196025005
501753652 774080857 298423037 356598019
933818995 593509641 514928292 533760237
423298850 724540878 434752131 459363096
18139379 680092729 608531068 686060596
993093176 265274723 411146726 487226649
424532825 40555734 773660079 871627979
911846449 88227343 325974964 348990364
540617211 732900775 958364630 1000000000
482056796 614225566 229067959 317533965
814591959 865785372 131412373 160370485
972041253 12177950 9706643 39264037
837655901 673690378 445404737 445897544
898632336 539620359 420858326 429836505
624968555 742289877 430491190 445866779
198884321 783191840 261924374 309137318
223663864 462982951 406294551 468783020
760217354 539621082 564321804 641600972
420282186 396847415 14164290 99928394
308489011 404443501 373772893 464976720
19341911 717314455 553912924 563425711
907748323 305579421 971447346 1000000000
357706919 282836828 698919977 765587640
77421218 582416486 707404831 747479974
86816206 812839465 915135197 1000000000
631159211 26363579 472973499 493289909
402732234 482620523 571035060 657439400
328684688 523772436 40390284 90669447
896752627 628099023 16333312 66112541
41314262 368354384 704533139 785593684
531414208 877007331 693638406 770237722
959559112 81637297 171088547 265654447
744477886 561414513 137492533 171455438
99175406 93567287 375351509 409760627
445171048 835250096 286590251 386108219
644852398 874629941 798634765 809458168
411811880 797112577 480419913 488210285
130770341 958186066 9340972 46943611
597066989 70801302 873774602 938756530
147922059 704464461 841072233 910071855
912463044 568416753 438348238 497221053
478259572 319302113 253320042 289291187
809769839 294041720 704017807 726802878
920174203 980362344 913411324 978872955
825907349 719212819 110407751 147502732
336080425 450985683 620608395 632886766
523902215 990388777 752806800 824572708
879012041 213769915 207650553 226338370
803756450 411155359 631802027 681518286
343478502 470982065 332387605 401774097
803477540 276662613 616716321 686258635
680767945 33718490 560888650 568544431
442578693 44542060 279321995 293711894
446171016 220351751 825041036 862628244
549084150 529662487 644128737 644946078
25194367 232546422 80209378 99280372
379352910 524884591 708217730 764848556
160716082 238322302 334118533 403237562
256549408 328714365 289232335 341768454
697859633 405855065 700597018 777038777
367765053 904197304 840096151 934816547
757240008 89421468 68644804 143400112
518609248 650924020 599777779 617838164
713859197 269638713 444427700 474497469
626715969 689593809 969103573 1000000000
991015342 922066053 674753437 755391336
549115971 549492189 252454737 296765379
113513775 593324215 886031067 911718456
317070042 11592068 996508309 1000000000
378696857 292800872 590035143 652946663
643647539 599334360 99149758 102037202
783864699 271794640 510614874 553196821
427364899 590661495 281140030 345597116
447831303 168352233 742292358 808689625
35719589 232180904 736597884 773532903
309692751 764814983 660622483 701852112
551001719 822723670 253796366 292305395
725499462 377458257 830033393 879868465
347323480 573903473 594072105 646850649
900789888 532371959 225563650 256222064
177888193 282951798 707146094 805654440
702214983 629118938 80369226 149087179
85853446 821746326 707907102 719884377
995637044 489299121 541976005 562037853
756665174 323471647 169493732 239542677
681726364 139880832 269562055 271997538
401844061 52706529 826252074 898298726
627481225 91634840 449346524 534527906
350148467 507306302 939363088 945364056
986227289 711818837 778159916 869960678
395054214 216746391 258542609 337636669
620224386 936042008 132417625 163397817
98187956 219900891 536324830 564720156
828955720 718930517 496664658 563459478
827364769 582442441 662793444 668146628
360439469 92738330 24333608 49194664
757024984 496808880 379224865 422514728
470405798 605152038 454737162 503020655
448685223 230894839 698982296 783655918
461337525 482632794 743143386 829453675
47889037 146691591 135438649 164800394
187031486 685243660 889448989 978468431
72460695 427027803 783105053 843499216
931983637 51381031 811262033 899597721
679764102 168259668 757913677 843310253
461055101 876664614 969199594 1000000000
532269143 284230305 551066129 598810228
547355396 260676991 631285186 640785988
49228881 668610337 109276159 132956717
877848096 912488112 812809620 816296304
223022424 406951775 583686593 645262179
817729090 55207479 944654449 985617579
279857224 283347470 622004066 678633600
729444048 629162851 50479971 57784640
924907199 806082330 765423059 823762100
925716599 138258627 937297617 979108857
87024369 569993075 369682046 392601694
550980023 345839660 209320408 221416415
984386960 159926829 675384420 749128671
580194011 839845320 601092822 609443852
433523548 839684332 111024475 153768749
742407974 258908983 513008992 606338593
464190113 504717913 965127191 1000000000
876665606 604157578 122146402 131876524
518316141 826654769 865746500 963700910
955858030 384881430 486764200 577105739
180658997 698035049 129546293 204807598
628601838 334458723 544882142 591543235
644973279 716486906 865090756 936274616
95251386 63867841 926690597 996225851
426336980 468593534 121718345 192122471
59803064 509279495 518754210 614931723
690160803 384304888 382283721 427642078
553037923 698601802 277521424 315749547
473253242 227813422 645292180 693100034
196393251 321352886 474351525 538703876
547813246 526728172 646102743 733241910
535183600 452183241 995541911 1000000000
7282016 359660228 126034448 143582738
926413851 894252344 131487721 209120694
887135072 990891561 689112430 752277838
579645915 303025496 901660023 980141429
396947070 393886816 520463387 524778501
119577636 688923145 418862454 435285690
972746627 466728345 65059856 99669567
918202103 565075223 388842595 418281392
828436906 126870846 853814965 874876207
552439564 746380808 354284515 388338837
971987193 504845376 373741067 391313754
118671151 966310336 703131148 706069437
286103962 381806215 524437910 558427365
889142197 504136974 141828547 224381274
464018828 205309273 552361124 585000858
469903689 341437051 739176131 769573121
811184671 417186285 269726021 303730695
446694421 876876113 276848755 374256745
340269406 714137002 823303574 882825050
61448696 191835914 100697109 161228818
725539976 603221329 981584829 1000000000
374303560 24530795 51161422 58559961
71452622 864980419 750301047 832920689
949152631 161906386 104835540 107993993
873207024 707640544 330361214 343273034
611692081 581774993 580287937 623947202
576800236 402549343 298188014 346320055
849686815 398397794 65351052 104247706
509890415 460307911 23966798 28803325
233965461 243331199 152754501 227107981
825461858 69206612 418350881 474289473
711341089 983252486 891668010 971158243
661083167 259620805 451930259 504776994
12729042 654822881 200246363 253948874
584226682 629251932 571391079 588016960
628067763 677497289 77066917 107999124
355415582 558770726 398838894 463176856
906326619 417214026 402278401 430042098
720618055 211582090 585184482 587764867
859422379 371971423 431551323 439524068
607342281 477647181 835830973 862257696
632543346 801053578 623456087 645362242
356475413 903245584 932353253 999969995
230492112 260551788 290033281 292045504
975923805 345664967 991152519 994573490
988309031 871486315 66462582 139679099
10437551 837575957 49748833 64629357
5167076 97640826 624093171 659448720
719020618 255054889 70985348 142505491
2643597 877016568 431829104 522432783
531979238 969828231 545392376 563568123
779453127 479088460 380975237 480419465
644170235 272155939 496399972 530709248
663822743 839612454 850005873 899317046
473885418 374925665 615603642 666891784
722344072 256003294 382669925 386092374
139999700 804705849 120344094 133050470
300694855 290242560 857453504 917532054
603991235 827065013 472329952 478376614
313252786 189956687 681537941 755664095
189812662 107758280 208141522 235848776
213778668 924501940 86698817 143616166
228777251 167527016 158603440 202155551
86321186 222831851 241826434 298633286
636404991 142878066 492895853 503018674
627843096 272045361 128431227 216299286
636057400 720796369 342745903 428580506
767866720 375523752 111740007 197736151
576484566 561217440 219997435 222730965
574369168 375058147 798479721 811593577
925231528 791829951 448198736 494761115
381630158 295728891 166275972 238586222
237912219 509634411 664900610 746989331
285822341 20979134 631304751 669868049
56452705 1818896 991480507 1000000000
585510516 895549614 162858145 191387020
296785634 835775446 319330526 373564001
275302819 64364638 403032772 500856893
895781451 845954188 290789202 389985151
713096704 253050906 528944991 541088003
31953242 459871452 618430632 697078025
50532814 529305912 586434097 604704882
273172314 715785644 595073987 599842958
36167275 995560355 712597266 755204884
573616951 408948714 351631874 438821171
192205099 998320420 667080461 749207269
391541637 440258840 53967064 92454570
664253164 632022114 570078472 592983213
916947637 122987706 440631535 475642201
611660008 287715124 234478898 314641460
881737404 936255742 682884731 772626913
60390343 964319459 291134897 315831702
802625796 358751587 548202178 597030929
628899396 514299668 616430914 702300253
236272097 356732442 731962593 800350999
934114241 990412049 52918454 105595183
164899441 965894669 602941243 686093009
5113679 281376782 534830468 565675218
964300233 111347660 734085859 824638895
984766723 47219878 92393119 112972681
662321723 491035926 208401234 246867198
27250862 958099344 557813080 651755855
920512080 419115616 162714971 172101194
900614341 908207097 76806600 79579978
100562391 593429844 7289001 90528992
835186984 136059157 970321496 1000000000
859019244 970573881 265566605 320819856
174210337 567598586 607836414 697835444
799249238 492991583 800928989 882772404
853934411 459748105 200284393 281716182
305924692 255557999 393733850 420614324
169855118 917556122 307643476 315990886
93551116 669943975 805132443 841699321
804844137 721874025 981868277 1000000000
462215125 964751373 237953584 262335949
435585692 372717320 255230587 321383986
562937910 813833422 949574928 1000000000
24140380 821193541 355366237 391432235
14178342 339495265 11015448 95391948
898639052 930464891 521882366 556436637
532609802 29651265 422673961 497014881
733865245 410441147 876331034 909310195
443317179 711137045 215397849 285143598
149674014 532819653 525353121 529132896
719689109 782578940 248018582 328378224
963973443 224678803 459037248 555567451
788416226 963716979 272757665 333902504
488204560 57503535 107000147 199892777
436251907 562354264 419555047 516936135
895157160 645437637 236018849 255314575
36014655 668873579 638790173 727729525
942076843 968647488 461315740 548842955
269197069 211701085 60603204 100601723
9074769 830035042 793990997 795271678
339661736 166941379 211667792 245648969
717298512 21474943 228781918 257601054
257385989 168626964 333385676 344519314
87437098 836824019 632465778 706044233
778500329 316304653 559966691 622953022
4673314 750448918 97557685 131284870
712392303 742059902 414014 65768690
472266712 575092426 456241350 513733488
474572137 591362591 967682138 1000000000
821694229 117743864 876471790 894563289
307732290 712301018 380097966 404294137
145410811 409066942 298814606 346502940
324550983 559678663 74043325 110968315
78710941 562972143 504929329 549385438
808549300 148789618 811944303 852086061
369370460 986992288 157467115 225520468
861114940 658930969 27959176 91832472
962827023 467813137 870428463 919701857
479847091 629649656 927101628 1000000000
269219225 294980935 934783354 981451473
114579211 20138546 423812837 457495323
87841523 618820356 405156374 474889227
977085722 835151803 545027765 573632548
355078292 443894134 345326056 443485232
928592209 909344459 761230894 852345832
96178030 238415753 905271085 988392318
528694773 296329771 581033342 611233395
747939391 306416959 996343952 1000000000
100662970 207075981 736180836 788136157
713930645 469964532 287054895 353352712
681905048 945005481 879090915 959427641
497523311 940361069 685679223 778814338
166761767 376012746 200718484 251176212
913725435 852597455 633711728 714851301
14758150 687713987 816247647 839417516
645222020 52795023 123695026 129529239
274606826 442922800 560050348 602571200
659272053 490453290 163675775 205356721
476223537 274493076 289327275 368892559
555788687 722096977 611775635 630846268
567680248 320128818 239098362 283819648
337073779 610571715 994592760 1000000000
374332921 152483670 503863642 596385419
559959355 763533712 28318455 126404659
698332777 814240417 441947844 479080700
615177471 702736769 183615921 233391337
147127586 677085323 413228492 478992647
370702945 109166929 868362653 880203718
750250748 211110617 719954376 752250219
771576999 569695195 924226205 989383791
262696106 32694261 156477405 219033334
794130541 610767326 780941703 866267408
900086682 672388544 1718541 25788076
232321494 275103533 478907721 557891628
602519917 513187129 79225232 143927180
31814451 985952379 775913693 829728865
649694552 66170226 917276613 957395211
266603715 75837178 23091975 63425572
495774308 910965736 673755715 729154603
390270318 203966741 938326430 954284602
156207213 341497993 839679814 843721261
41192142 347934745 188836518 249838119
263731187 206704907 584741747 674617804
912430448 567685121 800064882 845741506
801338221 348728306 753284920 766701503
348910734 838015680 132268568 210217987
561890535 349484596 731625735 786712165
635965092 834816866 245383916 328588942
856051945 164465314 471412856 494060726
915777689 645937372 442335187 479374465
526007515 880241352 13267180 80648077
533918344 397208404 870557729 927115836
959014318 160254829 158900633 166617915
357141852 846723735 841409756 936327629
570160769 81464224 887282503 941584956
32485366 726531093 192894124 214803898
920745675 230295162 123858105 184761383
865276918 545351750 118861147 126081405
491122720 319547689 440409911 464390807
566025323 423173277 516269139 546314276
878797020 67681338 580922505 664293232
791904893 44837853 842186692 887505164
923914061 246682539 388809270 392386944
397721821 425453879 641568016 735480604
48121459 315959963 473809753 508751547
101902080 465381742 123151543 174071598
202123140 988601578 899814878 937648757
377634649 354455178 244011621 262762175
351552458 331619598 922933922 987345753
195402764 803801210 986834674 1000000000
886761282 49601304 725814252 802870452
850705091 366613058 306751837 326634015
929046806 890829774 449834391 496463891
242259655 530405750 309890828 314895096
970076118 146620930 853897704 866613897
490631433 117974345 704944732 767616027
415215003 518298208 406677807 415509850
285174398 486533200 994801741 1000000000
680592007 290918380 11088732 17181813
241593927 316840757 633396655 719369106
675913523 234564712 273752936 337189031
834663333 515590267 693091899 734295481
951653537 133597603 826969340 863227277
368052416 137183140 970509895 1000000000
683777502 279764981 656104096 674702614
99607459 87959290 330198699 376757509
116490412 365285992 871991164 919625468
822371447 989058031 820254858 822766089
173349178 904859589 770659947 784318042
885129025 630923866 969487534 1000000000
33252100 718526198 154873375 225911995
166338354 702025549 962269688 992576975
715080811 593199831 917982014 975326384
822272470 528018621 374702410 386702736
224623335 498733273 721394033 733695303
971401154 369908347 524906963 587573851
474795060 323331581 909396358 918096049
102449816 790141070 899728358 970596936
863233051 961126316 486192000 491732318
787890403 854219592 476867185 518506386
903160707 276650073 951020871 970610297
425620078 625170780 366438238 425220506
365028331 601142622 506590572 509915294
698138939 957923337 412450639 451118599
860558071 724978246 186102053 243522339
188107130 128371899 729190374 729603812
166299834 860744475 551477279 572750319
45089225 925703363 285959719 313908401
900716375 983206987 761339650 844474307
698981768 47174613 926345124 960137641
527564676 704841963 932511803 950959981
307121228 280219848 514019006 612112903
762526458 567780101 953590517 1000000000
212882403 495403938 647398133 684633733
877339748 964729359 264195055 266970841
578794119 385237847 447349049 518493713
646145080 105934153 248059468 273037511
623563865 250118821 537180720 611466875
256781788 216125031 81739358 177859094
531012401 577886697 237134264 334580848
102782302 859375818 933757476 979388433
548964241 857167744 533096386 533112099
59243893 284990221 115647422 187068549
784223524 871341876 730371935 770951016
750052451 850565156 623082823 676214589
392406238 163907061 182399916 233444473
113281881 118121530 704489608 736470217
495689023 227383502 767895802 779456516
958207336 107076754 257272194 275549005
754768862 602716078 492234989 496102851
9310846 688264087 360860456 394578272
583635897 471016276 520874045 572911083
412088720 392026173 258288490 353816460
434003341 706986299 359621484 389664179
294196732 172881613 110037481 116440429
974624701 148338591 280471422 377864516
477569367 806503001 652872427 687980337
605422955 173684719 716018784 723601654
584864575 502078123 916238362 920312188
503181658 149084752 698883698 727999913
739048920 522044987 54453702 94678168
245697896 28853236 974400229 982552603
481406735 931193980 822505092 873211756
585033149 107108884 681128581 683392334
146047808 999635152 809186637 824566823
452897676 725798070 300751077 324138835
527774317 459601071 869599853 966436653
703124380 719100072 287663727 353459430
507463269 708101933 291981649 387395106
340611490 247571516 12999651 49327622
321924479 745771408 765363382 855449217
340669548 543892868 162983309 173842363
658762813 200384526 169196459 238538504
236874026 719535235 258120575 283261924
6906221 834117348 471165982 550504192
400866652 6257721 252926943 256795312
90948211 804739872 1072191 46380668
952993813 839021850 394256253 399195575
65647778 154245119 116924489 130554419
834942314 97226264 356410042 369555134
406437436 259244512 248246435 302185965
718186453 879507327 672655209 677474816
756838584 528088369 300657350 390130886
54294718 752830804 902720479 989245259
524466292 9624238 544675466 620128569
248635119 21328317 872887006 903702154
971524677 957569829 585305053 633055733
426363230 709261797 673991195 688269275
493997340 510955479 750804825 778161869
999036632 702951730 626265894 707743888
835295295 700112037 373782974 428129214
762436820 122418812 106568122 117223170
625465052 597411778 816018392 851271610
523163199 166480747 911329612 980560787
294047841 549740363 971142095 1000000000
254386482 364961662 835125313 924551445
50317057 517249233 709248423 744810518
626198751 119105921 516000429 525578238
758139145 766060373 294719312 329912917
887525273 130933160 813996206 909091151
988599529 848817276 724674132 732963470
230737238 583375491 744720154 828714843
569111187 471285516 466273124 519184584
160946193 671330593 153898684 189584886
448313409 172481564 915311124 987272720
530239080 26370113 854994259 953089137
478290798 798558005 611279342 696188893
714202626 734906157 154342632 214303402
235377671 440656356 574814141 656822878
753801067 317553711 344953964 357970460
457936150 108908310 781985242 787270441
269862611 268907621 179424709 271746356
970733217 993936846 927128218 960610778
205828510 677667073 449747973 501221239
627517751 571546284 271461555 294121773
222124230 479528502 984591359 1000000000
614585336 839761965 61776273 154155345
43742786 413024072 911402794 1000000000
509251064 209395281 552508277 628725389
528945804 908036938 387173836 470648123
673862628 459468122 805248986 818418971
199047428 780164399 378133118 403833669
271705085 186404234 851213652 881035046
557702973 831197863 391187889 491157996
799621038 538799599 963586131 1000000000
451641197 783573393 418600919 470803442
379057468 653286065 260204079 343956796
637313045 862340276 162622760 255186451
601056259 912115908 759150862 769916502
961194646 892843251 973913043 1000000000
310183754 558452176 93681044 168467864
560978249 572191328 706841022 796414141
561241828 720310808 699292937 707153781
646477698 383525694 502533095 517014386
467190244 665132313 283923699 346719210
861142842 3617796 828050373 900568817
951900876 970504358 391334831 456595942
501665193 100335546 785958232 830765787
26994715 155216097 30245694 113396378
23385414 391613144 108373305 182200718
172786003 203585241 67296604 120985912
801550784 842917500 342322085 388380655
891807122 947527314 791706430 847276959
675727157 71985402 476351210 564151507
838699854 471625431 656547727 711591984
246021361 570565633 391519529 490471685
84092307 341278684 277837314 277877016
915236939 853726902 133250514 162889782
779338481 88372248 353604853 428112555
275750085 710874020 282830105 355532428
336337336 434974648 322120853 400782218
734216129 534370636 447511418 522580170
238993591 844792007 547063758 617151615
791284140 879365095 541679934 569481049
734863081 218902848 636935779 646801479
704277775 384338632 290042191 329183136
601067637 351023533 988838987 1000000000
710726396 664642600 321314657 407562116
256187882 49834025 319052322 413650080
472852425 232177337 510491835 539290739
733792715 211310066 555053813 562164066
70592616 3443 379566328 402232979
55014944 355817376 52980675 139779980
991450928 402731614 208018724 275091445
642387852 353278671 497582725 524568689
956786432 566774955 119851994 211423853
313835282 715284848 787568241 790082330
730139798 427137142 981755439 1000000000
414460532 898069683 140385384 204750724
30448468 599620976 407990199 498565192
194038489 479875182 50964469 105157484
921643133 220121749 271287085 290007458
81017054 196018463 363076470 457153125
551546302 622880223 712724341 780628992
383870464 424167045 716060928 784669506
248915204 890900809 501327289 587078937
109526509 761703583 344310476 428017542
423946650 356638860 900773036 953212586
122756207 606521596 321280544 382104705
10674936 469544072 793611214 812328446
625535569 226049406 915305894 990279733
122055357 496467142 984952036 1000000000
504175066 350306791 568401966 584033671
978878105 430577297 442481834 542140889
136120893 907764250 687598734 747131663
189350205 765997836 489180307 511385380
201046491 801816250 622000910 626041962
812557812 748403592 238005152 288419918
954890208 406996575 203883499 254010651
189961705 134291967 391097208 418493587
842163141 920359846 238653478 288222144
806291267 447014874 14448493 36415069
910409694 177616872 4601278 39826979
260542231 779165224 990272765 1000000000
262842390 828120912 791643855 799796253
431689484 383738190 293332877 314386523
593458938 642706283 1195443 60734856
798092628 960454863 208146946 240668814
987895177 753416964 834687565 922191044
456540744 731531307 569160246 666394526
384108827 822956884 788177538 817506531
37083468 441741559 447867175 508751270
627953628 486577989 703166991 704199159
781413743 99893331 117576591 137052630
541599956 362408381 652790605 729406375
210932230 162544672 118211626 177222530
641383660 547913996 443301640 509723114
333388090 858309574 287576552 349753013
793168122 600852421 104130684 157598638
348883364 454988607 398457687 423143981
460391658 245754641 778223043 851049596
140802087 474122703 733292945 735801524
942401848 210858278 983052420 1000000000
626440762 793987065 116414879 146381931
661747687 865272379 32732619 91748347
457635556 797502128 689619273 689719822
841742883 47449586 978015172 1000000000
478253496 611382524 371258977 371615629
722139485 379021271 159925734 202432823
262523291 571417495 644213805 665001525
804120985 324299927 957576662 972455306
83341844 316689411 394896704 446477336
938906832 246278576 670941400 707147862
305448359 822056354 756277482 780934881
444199953 534895618 443715158 479188056
404976195 527932752 596028875 631787804
50382632 79426045 649960792 714648976
46841240 284550871 256587996 296831855
891647568 465836446 454654866 538247153
658964601 173924697 581493431 676173014
744739832 473015495 451447460 540179765
878470524 767150242 182579321 189291403
134318872 293650110 323783321 397865132
149268686 704802671 206708431 290122829
624691838 371678727 280315120 310906553
56440010 639368771 319865244 329799043
767886017 158132064 163985232 246114197
910818809 601689260 347712128 418364085
754158033 528329289 156299609 192543022
261338617 707992071 936781563 967063705
454618178 695507961 728265987 811158016
177770026 721877386 602184509 672108176
748098108 395098751 884772955 915504515
111818686 772487043 770184272 812754580
847908772 300640963 257659219 297521172
115982011 834130118 57754589 92421729
666730531 33051077 221737975 273086066
886763228 905802589 949225407 1000000000
88007918 567698905 970684394 1000000000
262051478 237437018 342528978 367564629
346792734 720312586 643279624 683725844
305200755 314582151 841706672 848808161
687170157 599721423 38358043 121146876
764996422 741334214 711786808 726440335
557459791 765961254 604992869 666422386
203300191 605978391 831100398 916454191
923161739 269285881 998001743 1000000000
472762464 944367294 27202214 36345790
393184249 968840048 348827866 352611117
799792361 438044638 303311712 313610989
877831625 737973399 40509597 99300554
571303091 809748475 215993156 243039814
466075112 18335769 684371673 783927868
318423859 149136419 676471369 712126981
357234718 615959870 985926278 1000000000
218532620 830956793 522338955 621981212
461240680 943715750 791515419 820506379
380364642 651819669 831652730 897479946
514576117 429484608 442723253 527155316
963424349 720510401 86137005 124537795
263616450 728980753 47696592 134430760
672781474 289265801 604112732 674020959
468662619 653945211 179370498 246918240
552214231 875241434 860050689 933800099
389072096 720524940 666701841 687874559
741886705 109043411 206554144 295810192
552321712 969480453 72757731 74033756
83598024 915199159 107486595 202650474
618489661 164182586 266098546 286839736
219469260 877905676 375890330 461682550
989773724 313586208 406198622 416432833
807928425 944839299 38075453 72182338
308696026 798174497 115258941 172592571
131763347 688962229 933370446 1000000000
855098816 512862333 996209811 1000000000
245218225 62993627 788891759 806034766
13061981 42875540 778526758 793361106
792858590 910577383 786109877 859595617
437800124 206301767 68981619 76821107
911012258 34300673 105618041 183663633
435595477 552422254 182956692 207111469
214707169 229576033 919753540 986048162
715500126 435325505 620888959 641221754
350722995 850713308 412647801 434596950
49322058 488099506 801622515 827637056
283545578 253147347 754181357 806031081
478176917 985476316 941099982 979907861
468689130 469008683 818105664 875799608
271481840 685957360 982747340 1000000000
616691700 193969910 197169185 278946537
393345672 97260539 757136016 809017958
541237688 784695229 251519930 320058766
619367062 817170905 663746090 715815111
767295699 58840999 830767644 852260319
581710339 881889929 703168225 794272676
708791059 683646564 194487577 234181284
433312875 82599856 306646746 360686120
497064982 133681772 414831519 507710287
682069295 629904435 329063470 362415893
157896487 463818765 387507245 450660015
268470221 400696138 445503428 450381383
429211711 926842385 705940455 791467313
712367666 560337506 84278874 142569051
685550947 813659317 853958495 898138904
989295420 243211343 970873666 1000000000
333355355 860150992 543640046 640374905
306939159 939141085 358747143 436614738
334290482 337671691 290733513 339799385
870148926 546707842 196291749 275779066
103724992 55741181 774563046 789603581
103575498 795746349 123158957 211226257
777298521 913734374 422862808 441761788
251823334 137699695 588439015 657686885
114144775 681567791 667404406 729837351
598235097 386526723 564255325 605619266
559757348 473470717 665173312 758204966
366650503 46702983 481895487 532928381
534051165 889919064 21341816 62201054
705130509 371302241 597620998 626824184
779625194 164045117 948056658 983968973
278366606 823038690 690898884 780458691
15243312 857971808 349830705 402614735
825171853 572394266 502794904 510865882
197847335 408236860 665083000 703403237
988861883 115030565 788222062 872302160
796716042 968498064 649142582 699481204
937933727 498553542 915991668 1000000000
729885517 665891091 76013479 140509239
502613289 564089588 231431355 281344501
419862679 813934634 903902469 958351728
751329589 726641892 883561123 979571001
152494595 408353644 980284480 1000000000
211327719 679260272 233383185 321148553
925009130 478247073 667517264 694752257
483056246 791040823 968249243 1000000000
805618698 442999012 747921025 808495154
425677322 784199210 245563599 294264085
132834039 609782256 676958705 760517097
363034811 730225445 612450258 705412487
857892653 386488695 7746146 18981427
279394801 597759923 963090032 966311148
621514038 293688335 857825316 951282341
844696085 671485231 489471902 532791784
381430941 140661674 289636137 373634912
854031560 479208145 579598971 632787182
974312860 613526737 403054915 438123215
352432892 471637064 676546350 723555198
462870547 823592985 618194860 659515435
519867617 388598234 442852336 524333729
391053510 236080423 19136618 38654995
553154003 179762854 616843114 646912098
949206604 659223167 228449515 240337676
464584193 77298401 463171056 534785437
410377622 704028207 656095184 677561400
128800558 377740274 896193152 968284397
834692495 967703412 695250850 724870344
748159076 876000918 892212703 913594183
247414634 615408213 395881377 407321447
164327931 163926966 517156589 606414456
944330976 173600481 441703921 453952308
145553841 351031894 520728395 582685238
474579041 635382532 240622374 246811385
799323343 198986288 427205101 443403114
460888924 413322938 923369687 992663470
146290008 415814767 752486125 818762999
869029159 450117342 849438130 924635906
530293425 744598385 978997679 1000000000
625429373 681375499 240275113 296888471
311258268 876803178 425491565 433959128
479411271 275903397 842481151 939392053
705354862 193751123 182177722 193735828
999207717 621636507 614248199 680972471
776355780 976282963 270814286 288240780
969871451 432178341 787221406 856775812
104982433 453184318 816478363 858019390
203433974 290176305 891740269 944323358
846295308 640440760 403042099 482013688
850507102 504937885 517474781 604580350
396124371 208612168 769849079 843846439
807593351 343284132 101324224 196026424
672285201 403348125 93553952 123039158
701300182 526252799 316114042 408471716
9472819 527045535 884302480 979376819
674882741 337894251 417811932 474769459
523225159 143310984 691655826 758609432
853254107 944331178 867682136 903678092
23307885 611258294 606055167 641829081
221793212 12653157 898244291 919744986
5093677 625313310 122306732 133212714
981484504 452481241 128541000 149359609
134429051 239587344 680510309 682001793
363385943 377392950 535490289 549830040
189475313 805913455 369553063 388592505
484021114 849127997 23182144 116647213
145739025 911123102 976974978 1000000000
674833323 778044854 289247145 325076808
694091064 416062931 472795659 556549856
140826613 745268757 634798652 694844906
891460511 959427429 9311091 87625617
388417871 390921567 432708067 504840044
671852634 313284575 471797055 546506040
847535301 137710926 560408837 602186207
579431266 302557622 865579021 940621134
640600432 957834548 483970539 569553894
672769417 949345966 241773079 311848588
951548634 337348296 150169681 220602720
991470762 246202097 942720485 978705496
596276264 510054105 858296975 891248072
880054500 397750050 967510225 1000000000
250573687 2911642 519927255 607061091
731976717 236014444 821898020 881128702
760877149 660598415 858892151 937634584
193315819 893589992 803854694 841787926
356069586 38463623 313691556 401103212
553737760 663540143 14769751 61604851
842963102 459893997 727527026 821557617
125969538 690987374 758082782 758484497
852206661 67848313 479279097 528226646
984714321 518965077 253639299 346485078
838525463 360104353 222601611 309427341
146928212 511394102 405865806 432860008
127419343 884162134 229359553 304880428
157544754 455702733 866073008 897121003
74870535 430202659 451052337 509795525
724531879 131343394 308252583 323806685
143832218 129441063 697727239 725009431
827284677 186247520 918773285 972402533
85844414 504899641 991373414 1000000000
47752445 30727778 765958665 861494991
752776344 769607037 310232014 386292814
830518374 303742407 786163924 845447411
452458341 475383573 466530438 514606131
740150338 347421725 644703446 730382219
100336976 889946401 148052489 175916540
724446765 444506679 35438599 117076002
392542593 202305797 627675959 712810500
93218670 144352276 608505675 637012774
590635599 238039104 423259332 470356074
252339888 545302942 475201333 494809540
447472571 879463670 976998474 986350479
935676916 430400686 884651517 885422472
25199354 633511046 408401480 438904327
264037101 296275523 991725128 1000000000
492628324 519304038 381263921 453764284
828190089 198917786 59527220 149511118
498908652 1764437 625040622 631198820
214602212 242865799 99546269 190643074
439705998 377394988 666346756 680129795
784025346 324845579 362462753 386240918
804918065 763062567 696779421 778903385
178036628 298956974 906050014 914367937
628747246 610932404 489804060 522178597
936568344 687461894 725767869 778796644
976228626 823101149 214141847 238862882
779174474 953540394 238408882 297249027
842970060 707613393 652784685 675178378
554477674 899256689 517513879 573711944
996713299 6156338 76130607 173928633
743282603 726680677 88197299 139401398
901361470 740141190 144255234 151926807
127538353 505924866 369140788 447281242
607478119 369205678 12205368 84378855
417784414 421672642 845808393 902394839
258758570 348130333 113394934 209051482
220439897 908977282 638552024 697974980
252578045 630306638 664436968 680893701
955240295 299349318 654802778 659543686
111025932 503365820 389119044 474014053
735538036 125262501 325548316 370750219
623256385 874792184 412815963 442764321
520452342 796983036 390008945 409423461
943170808 317596561 107377494 143118581
232674732 662005882 814056352 872241332
546056836 483835838 256135807 329480866
33021841 887260617 759361485 789297921
47122961 389724387 676382693 692310141
732563770 914995193 958321558 1000000000
155934685 695287183 264623881 306497109
957960257 790949027 567828214 568347543
525531498 919890595 630298309 723616036
528390118 256585551 746456117 762516180
439954728 138641600 396449809 434371189
802032170 655206470 193948698 223811390
817845323 546279420 950807538 988995494
234652467 686451401 788825486 791536226
971788923 325854399 604355307 669182339
342503638 293107986 593059862 683707006
912772637 133244213 98771919 146589801
499093085 737892777 583485936 653314127
748430303 479997805 367522872 424005040
301139531 286031805 952361895 980101732
641076969 435083652 892464217 992432344
387643460 228276740 43480986 57826497
166092273 19600200 66437575 149228554
325531441 920190964 125152072 157015164
92779515 929983511 612738789 654841871
510399978 641767752 464045465 477115133
899806397 835172808 368773987 442557104
915670112 751253880 624095670 658697666
540264235 820868126 713643508 809631125
712191004 493018059 843531847 915692017
908009890 376197493 264324323 354726215
628493153 377803693 2587280 15891651
26446223 76459324 892073427 952112610
322591617 676237104 788132023 826874918
742892308 427399690 329959468 343343605
645234556 945526897 778916287 794824372
481547779 301339135 175233381 202260139
313337999 739746646 826618268 841605633
580653923 600635517 622298552 677516655
827564869 406355597 160627773 210321371
844770149 802632695 996104800 1000000000
891209834 299578188 80932170 89707189
588538922 832614691 529486683 570875405
965544086 304697246 887075713 895351975
410549314 465219518 474885498 552827846
109060640 295205092 623110373 686088067
310579262 343286944 646296986 667133812
734444009 730576114 317176069 389987038
974140269 879988563 288519816 340800999
586384949 688294497 839621825 916610429
377925479 547140585 735391241 764009058
404703658 387893062 568705419 600803674
927316196 28100313 577018249 629627050
624415509 367330012 108731486 125809494
910783876 419455657 748130286 809895942
931687478 273401108 671230219 722883531
244180983 545135419 277518037 373013149
471711453 243791326 692402558 698393398
177807663 596224813 988249413 1000000000
761058758 516707413 661945355 754425238
360032858 572583551 976620009 1000000000
775777741 462535130 59250149 115619656
109979403 150457441 367624154 462027295
829721686 317216777 410172451 486927826
954226692 755579889 288406180 373278110
126776227 583356866 801227346 838879520
69312813 597636235 760420924 858808023
381939664 523779787 270360869 317270036
961468779 336834967 873808553 898564948
623916367 891220218 719663967 776445002
724211335 673226284 935387695 1000000000
277664363 336141226 83104768 147503154
542771297 644827761 208808097 245930466
701112512 526437910 549103583 580513561
161667603 696972693 944591332 1000000000
216280617 257768398 837080270 894063672
39444605 660497639 504480641 593975400
847388680 799964613 821774503 909343482
521007910 854883046 535116780 565762244
543920846 193727533 841847582 919552661
308030865 508895603 814239679 909192665
341297377 910021455 503030004 562605183
416974875 536924626 189463062 278447772
266585949 614091300 38479631 102457748
785725157 471337574 492682885 574189404
237437268 28503250 573656611 648520618
385323272 296512050 266008952 280060287
382586764 138535246 171852937 214336515
110529382 200323325 520056823 545719534
862509032 416408084 357253126 408687386
844841845 275606360 750045833 801394920
224316951 968564531 674522608 735631041
720740907 247650167 645677598 692676936
309094574 905196230 861018376 940754717
431847628 227444339 621769741 648060293
612432738 792380003 293813793 315581395
299896517 589910167 685278536 778868996
686033439 36543072 612077587 702365691
166586353 968248627 349886071 361738450
154881079 729391960 160698881 257443812
366808964 336027331 846672910 879273890
645476211 786924593 512052646 589283908
550585750 816568449 17679944 45154253
196941515 2236318 907855438 947396157
848087586 580537388 95615291 101745886
975485309 627886749 438906510 463853499
772049615 437417787 404402125 453900680
915679879 457849637 553556105 622232042
641749261 30800476 689337697 744837112
846045239 963078526 706143935 771406816
948340334 612185345 717716194 783404670
269934097 3653040 668664605 703494971
636580903 718789258 859356700 880990692
656523894 314059781 885918744 984531016
431877032 358913664 103444755 174793541
994855518 805124963 547486622 622834674
890186129 956346438 8363977 37997145
171291494 679320889 134005003 229432797
410881872 414665867 924867186 992153699
806029079 362259769 559157632 570672124
681346329 595036950 43348837 47310687
789985502 848207205 373782831 404238376
15468580 356606538 177698345 266097098
390993627 137692767 213956550 257233745
556985287 358075955 747749043 753967974
432291936 828578060 252670209 330116161
172881388 296777309 360220283 429417120
543212308 324776177 852217658 903428086
918864247 246042954 332870973 376735530
313896471 604053471 168346141 259898486
768808286 750839353 799807737 864842664
912681768 336730743 167606783 203362507
366031828 497700692 26476692 73329685
733330619 463148602 452845438 455394212
619563635 200282722 183903177 193439713
875649549 841283382 214802380 254218034
328416762 441125967 180216314 206900427
976953208 802215150 866891589 888917005
214405189 502727744 585415637 610587292
842123939 161263414 599580117 683194963
429071250 512421454 792239886 834165390
931181236 223589939 876119651 907162941
754260131 471115323 7457481 54266799
459615738 641739204 175647081 216503515
927177287 648928554 566833892 601456167
273840771 500502561 20152951 55561558
216801994 11204801 648184026 725762874
773743120 213662848 821964737 914414248
4639182 831252992 881331896 910202919
746932479 571551699 927907719 1000000000
7199881 277993144 761854900 762427069
2090215 581399780 899569318 963297722
171084741 992740357 108337542 182707340
631554884 829156618 269894567 360000648
970084272 727126029 492846887 581427515
373142265 925588674 158924275 188871191
776371867 12746843 652813008 653847531
271194392 51025944 56929388 61867457
880929918 137483847 318525831 395847551
44286683 291477301 206460030 276200603
732733673 89386928 290556702 388080898
775318843 416054830 352357072 450914440
686872929 229123482 63085333 134295673
193747585 574870970 625403679 654964961
400689468 454575478 399205782 412268005
965596393 169191480 11198326 94864250
387671583 393431961 993686040 996825058
409676542 805633825 797621675 831058704
17635739 523598559 28625936 107679868
850964397 531561289 959823980 984981373
473735432 803602287 639921657 642322159
206790448 250743414 917634032 1000000000
201726464 679229454 811568954 899439916
727120589 19987641 66643892 163110490
508335665 339103702 267965806 332188990
517886003 111751704 664815768 671989722
630638965 473799527 465150525 517281510
323174244 851517991 85024377 132854775
238375911 831419179 988706176 1000000000
41637893 169010778 948458237 1000000000
434221037 610774561 531425137 614177502
789166321 103758371 541391859 580468288
627829554 23180549 995378267 1000000000
336855520 49451580 500630149 528231590
616127904 411662558 379149955 475219849
964413788 438007018 764080919 790211515
529483178 632715959 13358409 22053169
135974856 552551159 2092588 56294544
883893449 824627354 709829845 743345017
486340077 459885578 253230052 283813444
651981722 362277545 911857300 940931728
267201151 186968165 355519080 391014381
370708013 181784650 272558896 343657973
259715848 562055349 195160614 268851207
205940839 806733672 821148455 885446842
486087159 985726736 164195409 205374461
28169725 669691072 23822274 70687539
519337257 471157388 955504472 1000000000
425734702 796245069 819107474 910377669
540202743 102986348 945098225 953814002
109600627 282013491 579953193 628532311
831317122 435678711 761819116 789622185
281395834 328583247 694039129 737077204
223623685 112167795 395141447 424191866
269603985 4214480 302477913 330390213
796884536 31857358 596511741 696466612
623066039 217112230 676868300 761330027
928288062 510131991 170462281 212606696
849308579 467157931 979387637 1000000000
31087578 390960698 626948657 687681041
405464687 471620748 73891655 126690980
450307581 141989185 405404452 408745691
296351995 564889567 867241584 955020228
520020216 377598999 902041381 906469325
232804928 548256275 594816151 600296605
42611744 73142861 601308476 606652714
709402466 134766915 963720166 999182030
130605531 496452338 890319508 928227153
786212949 428158670 170837136 185558403
627610229 496500606 658325846 717539675
311648486 674098297 724720873 765140778
525825819 74740458 523404611 605195609
198818390 279068931 500573572 505966588
643231480 812982263 957861643 978483979
275506291 406277833 992722956 1000000000
772342624 576641065 388095782 472038260
608050690 438763609 525370523 578768857
334660703 46570539 211029350 294999613
738233944 607729917 984338941 986535913
150636849 527250166 321421826 401436736
273581850 64845822 40173709 108366237
292393809 623386376 439887407 457308306
3051961 659532737 13722089 72046618
81000467 908269290 906353065 963473567
718389003 13770337 409034492 486137730
158955070 804052579 792520656 829284122
777547609 224570933 512245623 529784605
685645805 445870730 280639867 318088644
370240337 655076398 226819843 231114498
948588004 362412851 895299516 984035972
994646156 86039064 615480536 637560386
236913526 899757562 505414381 512834340
297752739 211860916 447593827 484235948
227285385 663910437 722134125 757442735
380123182 935935645 225387834 250885920
446818993 53122388 166737299 199953351
33761168 725385243 379672638 411173315
473893180 974464453 245868051 290591597
543811643 350497134 100679624 155925781
676410892 691761991 18920672 79385355
289861068 783505757 984146591 1000000000
341713020 852492171 114520857 192738372
52926748 936221369 202594856 206613534
407203147 419746831 517419600 530142206
180455342 989877090 260628988 338208426
670519351 669865096 561686590 641460024
527512032 343673474 779374019 792133602
567911645 607073078 389987332 437706920
642736789 579398948 759137936 809886849
533363654 356431658 48818055 73407903
561771368 426995225 849227584 932964366
144765387 973092308 163662726 218328968
589401464 420883197 71289000 110755931
795524323 359502693 247627918 318758779
648365267 312421423 997644063 1000000000
406881916 347753562 451961892 513558945
536021621 971679417 406313263 465509460
783494000 473521315 920691459 974313192
921094305 203815072 455402373 506485711
947070861 915966691 790280370 802254653
540941193 971618825 353507745 435792635
862688207 827678340 745868458 803644659
915188732 417683747 462349812 519157187
80376356 511770233 18295452 42558631
307693725 686091755 941563156 992343645
213195050 252291032 621327330 660773667
499483313 34761238 531869966 533221719
604711608 927767880 879621479 884676508
863217215 34823277 88092057 112606566
785861597 946312687 562257148 649428522
601088417 549479890 460095657 483607670
36202644 804987663 515520542 593476963
968170571 521715019 352077556 361998264
530786030 834804862 621324694 625374008
968330091 625706283 869265674 869292460
996531165 914793249 527516161 556790086
369131514 785761923 229177243 317811799
416983921 163404829 563452201 594485518
248624576 214692886 525868915 570908384
242320143 964867544 666148960 742672658
820125969 818748528 191965552 253475289
689336262 425861425 89161484 93577052
353166629 840158928 480340294 573257340
736975290 727190933 749814708 847686080
930015964 304468695 83813473 129585608
845147486 114662414 30909432 71323468
590962518 667085898 681981230 759296107
343746752 788947869 546943288 586961997
288601467 419952050 875926468 946414633
466106258 130754917 27036412 31804851
7763582 107068182 475561748 542472779
412776519 968327048 468038425 508441131
933364083 949898115 425284354 468259184
961472854 282414888 99536410 162099777
324144035 527512883 185984891 193525713
686809008 94069493 877440282 960655445
632848307 559705332 301259632 355724283
436876125 237326382 142794104 224983738
774095423 841436609 115476973 151920391
141000581 31844980 196119556 222986142
192212413 84949961 863884030 907454078
503826049 849437302 96915640 135741845
828167454 148710557 573503784 601045747
487665843 138058420 4752395 98117548
413261526 566544951 291593890 316145324
867126451 253702760 920858400 960898591
849967543 16559405 394459178 456090318
354761310 572114733 244414512 281633191
999713740 431807863 94389275 139160665
650500420 730753181 265173311 288117721
762483087 5820825 319012266 349231457
952609001 507194952 478060342 535607266
532937635 782024666 7010288 46922924
547999993 967053898 964077854 1000000000
910103692 152610890 121751627 182760440
529847749 337900945 198245843 282175911
154073380 573941467 930920028 970209772
339076948 720712567 670365415 701268348
163636509 48219682 707671636 715169118
977660470 430311964 510716799 595580116
100621633 781507327 931376389 955399636
860499155 529969852 868819088 906573590
787447831 426293 303011369 340928959
465581612 672770575 615949481 618759788
275873639 356244663 501760886 600912917
686875906 378704497 75999369 152016873
882950760 101942820 900111139 978180138
715675981 171151346 298601672 343104922
922313716 981343198 735513729 805112293
121336168 293723599 778111869 831113108
721692673 792918039 867580881 920566016
454201147 130247740 634543733 663076619
95298838 776021776 132557514 201281356
891380218 825772639 587845135 653755414
54929796 528602448 322211925 382129692
112540631 977147191 310474050 317550978
510404792 680436630 233853578 256998123
129732338 669121583 297541963 334171112
626020601 936677941 763004939 791216553
127396241 996662092 8486548 60881636
927941472 362601206 267599965 277943994
686928916 809499430 938272914 1000000000
310937297 550988075 324720915 420621696
912429352 295108711 581185012 640695720
161897037 897798326 367065030 391269669
786267499 137792789 479037821 516441317
336961214 159866254 231147287 274901754
202628236 274585455 816470392 913399685
230997910 64915824 89472622 181110963
648331872 388887362 431324859 465540207
260396284 555396540 31739039 93260148
412127405 178676806 904570141 939187881
226901159 47985389 686470660 751561470
169886958 257011100 796592659 882508166
279712333 232506248 142237615 169281568
614044446 512870414 936826648 994555552
775157894 384698479 469462899 475008674
876010582 871550130 908206052 990140581
353910972 714192424 384196557 453556798
662223835 912495977 319365715 382842692
761375441 20397528 599446194 646751337
580807512 323548779 880390010 893230911
625476686 676048100 651011090 724976880
303747225 250196044 488764426 529903584
853224825 763349031 756745518 789409683
675267946 135887896 526031117 567416191
439323601 388849292 104823845 195028142
442522697 914028102 375657641 442737313
966124897 54155085 463928001 539334813
401846656 797225664 163347538 196217223
603276347 539702514 696351748 782172250
648073378 123731135 524732464 576332403
965900176 407286123 984583996 1000000000
324663149 468637886 232259455 284673084
142094865 208954656 151785956 169537370
419160658 622815173 212409173 276374149
633667664 835834227 439503066 489752667
923874764 413676365 290334158 359414751
100433364 573250919 840551785 888471915
799639286 246467748 944983678 1000000000
248100015 849945376 770436841 831392166
234706486 253082956 703358172 776678060
928382880 598275095 95774723 121855358
317139173 918135263 911201048 960303050
415495412 271302004 686718522 735195309
424837523 957154416 405606530 491049355
766446176 230221542 623864915 723634616
538142161 861851166 717181134 740548402
588419005 300940683 382296225 399206357
31711504 426947110 731907191 740778517
339485279 297929508 782847771 837802283
846494268 920523630 343561176 428067636
217011210 762281993 222063201 278780437
878505597 49949822 50735291 127778825
15805452 894101858 290325121 295437681
297530896 871154793 576281621 610977633
890199038 562749356 985112334 987786902
768030299 179984570 678264976 695261200
627963147 192880423 332068039 405641381
961408547 991084369 869745688 938437558
476839964 59898218 789447757 825868937
151224587 137320292 362254507 416748611
638510241 302986197 272076141 365715313
130482335 949758913 861030315 873110468
950466458 592824248 578956474 613826971
417506205 559266776 101091727 117129304
614278072 82597635 996664315 1000000000
47314163 231392392 821596908 865639294
654185509 230218876 374936731 441991788
422061406 114600599 966615878 990251587
353566639 35497821 688327391 778435657
354117471 945592429 603452137 695919636
590515159 900450147 860721177 880408341
239949480 522565418 787495181 833265147
844124233 432720289 257169689 257412217
535797667 202969728 795430831 799634195
771425777 935607693 169733223 184964477
105146966 150970148 433735537 527742320
866150078 903214443 45198667 68569042
668562189 563669131 154772950 168540379
53940016 445328834 448972273 523381280
184610870 45436653 474557391 498674872
60572260 361747774 881661846 916820113
200051697 781383837 613819982 649459648
936047510 948916320 637116296 651839204
257062103 2327381 901360630 941063057
30228644 63236123 235412538 289859659
674576355 25892308 190576169 232071246
881810483 789040904 244934162 272966689
9761619 173528557 907453234 908521185
457515097 374260010 992899580 1000000000
342267710 955057652 418707442 484502444
922507006 39666357 672305153 693916792
158060431 155798761 872662271 926296001
48767217 850208861 382770158 478390977
387491497 597476867 930050509 1000000000
111237094 48416293 500673907 558184854
674079936 873357078 716380833 779422595
459184132 871941502 15090139 60709115
71459719 576014162 952064191 1000000000
399759545 297490590 896591719 945326968
350425035 152643938 733418969 777473677
805049560 807086352 211037661 292441733
34097360 487927691 482493089 507940096
716983779 63746940 989460441 998955792
825065874 49735453 681161006 695226157
669233983 591713846 620959849 621080272
552553689 211046306 689063960 740711615
538776860 580011293 87991060 180543072
476635788 197192736 42762609 109797573
419749931 938061283 7231512 56237500
30699940 772756898 323313869 369399055
713244655 807644249 981835928 994163193
500599961 55446628 769127962 791471577
264835948 918759856 433851698 435639284
87216960 452543257 870569246 933517249
611301872 262797154 630125408 720996577
461749592 56009392 854882741 946244849
705636518 903349326 519977933 550239738
314562927 75125715 411745897 425174798
72391846 113936189 125523650 220583999
623001137 848352349 728465097 787881696
450408595 937959436 930783877 958656490
224907543 725852556 434859087 451101314
67931038 622819465 664902894 689142685
501484789 417957691 907481504 957804089
59773676 697583873 768930741 859844432
576482715 699799185 274123418 353869032
23633548 994529987 209028515 303193727
580459739 204969567 83785255 169304330
978844612 240877987 43905054 142758890
523782936 359523512 872828163 925466923
415135802 308194567 982607009 1000000000
77225361 230605532 481918221 534120064
960945548 589552224 931536650 1000000000
462516021 902415507 331057407 405751742
719899689 218255819 139948256 183273910
153007311 652996889 224054754 227977800
460487638 698600602 382592419 461415726
182423101 126340158 498967443 576974407
951821193 480868463 298577378 359732536
795198149 539442037 397021618 482411930
860071979 240340455 670341309 751244709
356390478 35178898 276111353 314766910
416993738 610876068 972104057 1000000000
43117713 120313969 924237999 933040583
828295175 291423110 609206118 658877938
437318693 959853074 88326486 180545854
635045983 571615017 118754059 148491430
114555780 121892881 147322558 198425104
501160648 550896374 80392962 139288882
195865352 895633672 972937898 1000000000
304189860 100230639 560350113 636082002
129231812 774753133 339423065 412442188
203768617 410645944 781510959 841717813
80266933 264919346 81845316 129519488
129826872 187699293 221509584 253413105
362856256 998338397 174751718 265248268
458933372 326575778 683766108 735620060
540331103 738321127 610717963 657623193
928945369 674795207 844004359 852730307
83536267 392998327 784432019 842947099
92293677 898194219 969068787 988186311
578923955 626192152 616705722 703077642
744365529 887473459 94318907 149400478
226805475 645269492 40985843 83949460
260402067 723671906 583350292 608464113
73668795 413710634 99219505 159231492
450387034 253230456 331963672 415761380
344819364 228714976 189133665 225549968
757533055 751847548 371248921 383373594
43308637 853713540 533968647 581274566
457310942 236024205 277463055 356477307
419642703 417046637 218231151 281688823
21563398 932468794 272315526 353043859
450002728 116135874 725656446 798619586
232574026 241857577 43851577 58147424
370790644 535748757 749288348 840165410
110861010 366712817 781347011 785415883
879795725 697120560 89572041 121385833
521328828 486540918 42307288 134117850
340404222 954451105 547772327 578248669
300884024 28773537 808763506 845271760
624615583 897156282 222935408 258843314
758046850 480436592 694391048 778392389
705890994 621470629 978187641 1000000000
651064686 576483664 866289382 889509451
981653329 354895033 855954278 935093469
888618925 901757746 442071361 499050024
413748399 264670491 451100510 517379082
217645450 465366031 904871905 940884008
343162093 804235193 665381108 714806195
318869181 5096594 428252436 490636951
274833292 774974396 87752712 177704663
229784386 670458976 518968913 524016989
464666070 714833326 610176848 644022324
968152510 357101189 933369016 1000000000
661082325 241824397 846733872 863997498
578751105 142404719 665105402 746603460
907300638 914539883 23361748 62017712
709273861 917267227 720381009 779740417
913511499 999408159 473045893 500161852
20606638 467617352 655547497 655628695
631729136 868526990 597179923 671429463
786914451 450393567 746269187 754169478
294598585 740587427 885855073 922061026
180462833 409971654 698211165 754247790
859178697 259824389 671282316 751312673
415721258 328179762 729121282 738544230
836497417 546618429 667820442 689981672
445542486 84813187 229446221 262578434
519584818 266820837 649363341 652742114
610035154 314717022 661233073 687018056
482573246 189459037 59390107 79727535
85454852 538189786 887417678 936308044
628123224 566814489 237764598 242169297
635443479 159969638 214233116 227445838
451169531 545609404 500705180 549661453
165871230 861698878 902645369 989310870
388981433 168594400 507059224 558384559
108002077 825819620 152816225 162387690
538968300 889584109 834929220 929480545
667185950 610677664 458146640 502771580
20054120 615112874 119214215 214549410
671755367 402126604 341821888 436784998
576543343 197642023 361260359 374545897
906211133 632411462 846668177 931698270
169131517 251136951 391078240 445957248
140644778 543275198 945011462 1000000000
937884617 810974958 39425503 63647278
462800651 591893818 530860603 608408762
214341654 903083950 229208099 320575043
373561223 132438112 710127597 808080896
475488879 85163847 367205598 384486101
660770254 563820904 968195757 1000000000
634954439 700629319 405987796 442400019
33322082 171222248 225915438 241031526
782974022 751901491 60299311 90432635
921218083 989773764 902192408 969372287
199360801 824663526 15563415 86628652
932205226 91534191 527663019 609735548
669616079 456348402 519329855 565721799
190467200 291347962 465396971 529249712
750041409 750205158 259110068 336777731
39246299 367006410 123284887 126800397
171335512 505712874 383705936 413653457
965906113 855841764 407093154 501020840
983676915 211277569 935789309 960569245
631959370 653352338 62286904 97194401
337112011 801694631 814218211 831875729
823508889 641544198 942654238 952038816
617598784 110676091 961390507 1000000000
822777562 417392794 331183332 355266822
942248904 291031318 772159174 792191515
846047382 782409167 400411751 443233211
475003486 644201037 570034910 643258031
606317704 264620332 767419528 806635168
748054691 225127525 37301730 101296924
597162048 869731221 586626747 600977514
638483127 296103991 638082806 639488308
212815723 511750162 914238494 964004664
573454217 966657746 673967079 682049933
187201910 46782523 223445006 320044099
1519864 258296725 377477248 389673572
634923153 442509650 675608312 692087739
386772986 917425476 236833745 267191198
781491332 429269717 989186286 1000000000
243872788 949463419 896054965 900655059
535514069 217765453 332634046 423127178
80887620 691996435 684729326 685298873
966733560 18665859 227246590 238543596
387359977 528877425 860481365 926720519
792663848 455418788 148184345 152193800
338692589 875776663 423525028 469967482
826491580 894754564 14481361 29830530
230127193 317351966 977882411 982537878
792046116 26803851 178963459 261344245
777140907 709823497 96490581 142511058
51298897 189719760 643042887 690079073
698234429 637878218 594042234 596342180
55238125 702261059 594541157 674288462
835543133 260608145 869773302 957019695
88398051 478134300 260220507 272671802
866059065 458636481 260153484 346543389
250584395 612641398 363758753 404664649
96029102 365917719 232974131 307186700
986723453 915401865 79232035 166819764
299804300 674337228 59270255 115071305
163464968 857235035 799537955 879073880
795208126 450385920 373036957 459101844
174169046 981450539 651364955 669076753
730189301 19448777 922983981 1000000000
981889851 223776943 171416215 257132689
278208096 237169936 144638582 210808615
587497189 759059972 950361169 1000000000
561754165 407984905 102665936 152000905
815182004 478176559 304366372 383929682
598171062 910327161 136558112 213437349
261076202 482676730 963615858 1000000000
836156311 254500026 639217231 732135869
520439124 879366763 22262520 103959689
702023244 577956527 48482727 69178103
717058716 774143153 345515761 354218530
35681037 562795070 328335335 420191332
783860660 677583279 600067677 670833364
354739630 401782310 39659339 134032332
98345151 36162387 431796186 529606376
425313081 651050178 22009667 117853408
67756880 197632821 762283238 806334321
989384118 544696134 400229149 436990591
899441171 908388279 592174794 638590163
206082517 918977845 37677753 70672950
22682595 997060066 811993951 904305417
13931808 868434804 306457839 378619801
591309517 800259 310461864 323868622
798353454 414610456 225981092 234626933
679372279 904540310 621590540 650597781
869142649 292879030 329782288 371301871
828759328 866917797 54355706 148207425
201311273 35034053 879566858 906291772
86441248 285499350 491352828 511671918
828383568 564528575 391733822 430316348
143744341 472664765 501302752 543844773
807466860 543464489 793215581 834716493
336264998 810452403 502184860 549153464
440368530 893412652 816994270 864401488
702459747 217785554 147424204 197726887
967238350 449476743 430179971 447827199
422656949 628960245 572239360 628029009
871275507 644960356 509298688 519181471
20161939 664094140 929954692 935114795
300987175 694542832 560059944 648223850
50003929 197806371 390696523 392685397
669273805 618143328 43328326 85967326
432703087 579613231 705216132 799063953
37914485 301890508 233842567 244342144
814351812 612583255 307371151 382464671
809527402 759551972 686856918 750688236
92964327 658755562 607609011 647837370
585150333 782503741 938413460 1000000000
791719030 68818772 638481776 668280969
447738583 101021458 549108310 636207971
226402148 659927983 401844528 425886513
517268894 560564300 425777853 479754571
514921722 166059240 137155081 157121444
770110619 243814307 358095032 389291886
543356051 368429052 571811790 665769734
551274719 946297857 680210892 742073318
351947703 29178631 351369004 419954452
973223159 555150428 375162407 420655638
947387270 310329030 93580922 99437315
