1 21
89 27 351336605 351336622
29 76 324387849 324387924
32 87 74035256 74035315
42 9 42549996 42550060
8 54 205119070 205119160
89 7 212559531 212559599
94 58 754313180 754313241
11 98 138764059 138764111
51 14 436645254 436645312
4 101 495492246 495492297
50 82 995485031 995485057
15 101 635139470 635139533
50 80 329833958 329834041
14 39 700287449 700287489
25 47 547512103 547512174
8 93 728004256 728004348
3 74 832555763 832555766
75 69 874234691 874234693
77 76 393825758 393825784
33 51 153969265 153969357
67 71 507834652 507834680
