5 139
55 53 274741 276941
94 99 462013 470622
35 24 734231 739441
77 85 709348 710830
1 89 320507 328305
90 39 686825 690996
12 73 395757 403043
12 48 914211 922410
83 93 150368 153739
90 60 599999 603792
97 22 125699 130378
90 63 653364 660235
12 37 727439 730007
69 20 118641 126461
14 41 459894 463130
36 70 901112 911091
6 57 356667 363137
97 29 976957 986128
83 33 645786 646347
76 14 212032 217240
95 1 369494 377624
83 72 716441 717740
78 8 758336 767147
72 69 421292 421776
59 17 646609 655250
54 89 370114 371659
63 99 426649 431869
41 75 342546 343350
43 33 14138 17427
81 94 554230 559918
25 97 270509 273558
46 30 560253 562861
16 49 261496 263552
79 75 951063 958367
41 23 507564 507922
66 101 192143 196595
44 16 55261 62568
81 81 814853 821018
1 30 481562 484247
61 78 338920 347776
101 22 154026 161353
39 21 972325 974686
55 68 508605 513098
100 101 770663 772806
32 63 710098 716513
93 94 3319 10340
57 58 933067 937686
34 78 707607 708115
59 85 236922 242972
93 98 334088 341770
73 7 773650 776652
43 52 986206 993762
51 101 311201 313899
52 33 670659 676549
12 74 116385 123129
11 47 877177 882180
78 65 885170 887196
25 83 951214 957783
48 48 37219 44574
44 44 36015 45165
23 46 425707 432894
30 8 169736 170096
16 4 156711 163213
27 46 771338 771566
16 35 706733 711754
57 19 458214 467612
34 60 583097 583305
41 82 866580 874027
100 29 811487 813692
12 24 466455 474746
92 75 167523 176316
39 43 540248 544039
0 29 833103 841187
34 89 462148 471399
85 88 987311 995536
5 56 563638 572811
86 0 799477 806742
46 31 328530 337135
13 96 970064 972023
78 96 652207 661356
65 35 852397 858926
18 33 357977 359517
9 42 435565 441436
57 89 242255 251184
10 89 870198 877465
13 73 968977 971511
8 20 75107 82469
32 72 408643 412709
74 75 922004 926230
26 72 887307 896356
70 52 893867 899350
89 23 148558 152462
38 21 116296 122068
73 86 120578 125988
9 35 670092 672023
95 43 224547 229714
93 2 151063 157526
76 53 727558 729371
82 91 870922 874871
61 97 779521 784249
10 12 561640 571014
38 45 411709 417400
36 91 778843 782894
45 35 671124 679350
34 8 733582 736763
52 11 45051 52510
101 84 864366 873092
95 12 736958 744469
39 1 331764 338192
66 17 75531 79710
39 87 109241 111223
77 44 459405 464310
76 49 738508 738653
28 22 623470 632222
7 15 608560 615183
83 44 325333 331801
59 93 976053 980291
24 17 225562 228182
33 72 954186 956896
72 13 893068 896725
88 6 241523 250099
78 45 771032 778414
55 27 550263 560195
38 12 690855 692071
29 98 340654 348296
43 82 529885 539815
99 95 167905 168454
50 29 352108 357501
2 0 19733 25297
47 49 73920 83429
91 79 484313 484792
29 81 120027 127893
99 90 392280 399617
16 41 101008 103468
35 78 324175 333208
12 55 502834 503822
80 55 420688 425569
37 79 776194 777288
26 11 304044 312532
