5 201
11 4 468032 471120
82 7 898330 905283
2 8 319789 319796
75 90 280924 282011
34 48 258930 262214
63 55 931385 937914
24 55 952599 953681
44 14 494253 503028
6 85 367611 370101
58 72 301252 303947
27 21 728201 728793
32 4 668808 674498
51 5 236901 244996
28 28 455756 461226
86 84 960555 964309
15 55 633734 642857
20 54 443390 452179
37 92 648792 655878
76 13 661207 665888
57 48 397231 406690
46 22 109473 115519
12 12 386785 391215
77 87 878731 884164
34 44 442935 449429
38 65 703196 709547
73 25 945833 949967
60 38 912154 918669
32 66 159811 161055
26 77 332819 337592
83 8 141868 147966
44 54 785577 785828
97 95 568992 569033
11 2 585155 592564
65 59 294079 294451
70 66 743708 752089
23 58 400547 401338
74 96 844787 852574
94 90 768676 772004
73 84 755878 760725
60 30 533299 540582
73 32 147849 155545
28 30 464923 466381
3 48 250339 260066
23 76 78948 85708
27 13 985340 993823
68 56 828518 835128
71 69 547245 554018
56 4 458427 466500
33 85 796346 799987
98 80 99266 107696
28 70 229749 237590
10 55 776641 782932
26 78 927734 928233
88 3 88579 93794
100 14 942718 947594
44 4 417602 421577
22 1 841819 844009
1 36 386291 395868
89 12 65983 69187
63 6 943326 948553
7 79 13029 19711
18 36 374878 379650
44 101 589574 594298
17 21 675087 682711
83 56 869908 875588
13 96 675858 683816
21 27 740010 745506
39 11 591407 600437
67 58 438843 447471
71 77 614610 616515
20 94 557387 565575
70 82 342578 344458
39 18 228530 237710
33 92 287199 292320
51 68 27534 30850
43 37 782729 785666
84 68 984451 988161
99 54 288532 296915
41 70 713982 720872
25 17 471224 474265
87 80 367935 375996
18 51 246969 247299
84 34 665473 669877
89 67 548111 557797
65 10 472622 474919
70 92 798826 807212
101 101 271235 274638
25 25 624820 630753
72 19 454363 463323
24 12 119304 121269
13 94 354158 363582
77 57 884316 887588
66 52 833931 834965
9 4 778894 780442
79 19 285457 286666
26 71 445989 454098
7 84 2244 3709
20 76 686235 690711
13 65 452692 457685
98 18 903071 904336
18 99 182650 184882
78 6 952735 958094
59 68 6971 10740
3 78 274433 282701
46 47 506359 509381
8 52 493138 500591
44 86 941806 943552
47 16 819992 826688
59 38 707103 713210
62 44 704995 706806
31 56 935290 943046
4 93 221516 227697
28 33 656037 665937
4 85 148180 155949
62 8 333810 339771
3 82 278269 287513
98 11 571433 579165
43 26 544064 550018
30 79 199700 202966
92 47 90026 90386
91 42 699600 704614
46 27 854844 864586
1 25 301383 311282
58 16 500365 500782
62 78 204717 208918
14 77 60435 65076
94 86 93325 93470
62 18 665424 674805
59 96 695613 698488
83 51 295235 300971
74 48 922975 931848
42 62 955066 961946
93 12 304240 305434
40 79 346994 352983
98 90 606703 614622
75 81 514154 515777
18 83 768114 777734
76 34 831634 836306
84 52 105458 106463
49 89 263788 265514
35 15 555310 557326
27 56 246355 249443
52 86 678018 680490
73 0 203012 204792
8 18 383013 387049
3 32 809376 815211
73 46 577958 584274
30 57 496608 497450
78 15 353305 356166
27 2 832140 836300
52 42 577685 580520
100 27 907088 908894
64 1 536045 545567
66 59 681025 684035
36 4 416332 423433
28 85 56114 63582
27 1 652975 661476
67 69 20553 23755
47 70 217101 224065
80 79 742483 743420
52 65 74107 78427
60 79 262501 268942
35 7 67250 68135
9 52 44679 50085
43 66 729558 734485
90 42 495260 501494
6 46 211255 219606
32 93 14053 20980
1 11 659 2710
15 5 268782 270145
55 6 996121 1000662
43 1 365733 370045
89 32 635176 639791
2 26 58881 59688
74 94 431014 432391
70 15 866669 873986
52 48 643666 653502
51 73 834741 842217
58 50 742716 744238
4 97 107141 112436
25 5 341146 348797
28 18 287934 291052
1 69 406991 415100
23 21 418159 418663
87 96 652518 658679
43 38 890145 891670
101 30 464514 466784
77 78 137437 138055
90 16 296813 297359
50 91 988069 992730
45 88 987860 994112
85 71 990736 994781
14 23 118262 121049
39 19 942342 944220
8 79 969469 971022
93 52 151477 158605
87 101 368641 374965
2 61 36190 44826
83 82 101094 102530
33 78 621340 628518
93 36 825802 834278
