15 1334
42 53 787197 789238
1 67 285047 294134
92 32 758726 764414
90 22 416150 419389
76 54 780447 789590
15 5 550058 557781
52 9 374994 375228
36 36 360260 362397
43 2 841577 848666
10 43 484247 489564
26 47 656814 664359
56 21 334821 336483
97 3 313538 313885
68 24 488418 493144
5 51 872493 879165
24 34 663797 671663
80 11 743358 748152
64 23 451803 461226
15 30 96404 100689
41 87 179224 188566
100 87 105113 110268
39 64 510409 513871
38 14 509877 517012
94 53 598988 601520
11 0 702458 709492
14 77 248449 252408
37 5 232583 238528
20 69 690769 692391
2 80 914224 914260
77 14 847255 854133
75 61 944369 947938
77 84 318923 323917
61 19 266866 268565
89 23 296090 301584
56 71 230681 238045
17 4 218868 222478
22 17 123659 129660
40 58 117430 122359
77 77 535533 540066
74 61 781296 784624
24 20 83224 83799
38 56 261655 269220
31 22 233959 236797
39 63 48334 51512
1 51 13699 23224
22 68 233417 239251
98 4 764168 764218
4 91 483568 483818
47 88 466813 476336
78 0 326379 336118
66 0 504324 511233
43 96 666755 668364
30 14 370543 378164
98 35 968951 975140
101 6 884907 885622
53 66 420966 423965
34 98 869065 870915
96 15 685881 691011
5 54 919912 921352
55 58 706480 712065
49 40 713609 716087
7 52 252022 257850
33 81 547407 550980
59 23 795254 798086
70 36 147209 148525
19 32 873866 881135
96 30 687110 693371
43 49 108046 112571
74 3 722971 732081
86 8 469541 472681
22 27 336088 336393
43 39 626373 627954
40 100 394167 397111
101 96 658306 667357
17 71 650764 658844
10 31 831671 839180
54 60 922420 923160
76 28 626362 632474
39 60 427169 436327
71 18 587390 587848
56 62 309142 312770
28 20 371725 379823
58 14 755589 762753
79 72 658788 660220
95 26 933779 942830
81 49 639643 646207
6 81 228817 229816
90 60 549020 555432
83 24 791635 798264
27 65 771052 778782
34 22 571504 578128
71 84 292086 299901
50 33 296559 297047
85 69 653173 662159
92 92 88413 90312
20 81 676103 683109
55 30 615141 618311
71 46 946909 951476
64 47 200588 201945
34 80 274161 280390
20 91 841080 846945
15 90 699818 706876
87 79 504180 509806
30 4 293161 298472
83 4 850124 851381
32 69 597558 600234
58 2 351776 358246
42 13 577955 583219
65 71 300003 302699
74 49 637002 645165
88 99 74051 74984
18 31 384303 394234
79 57 861370 870804
58 66 622143 631375
54 78 340779 344575
18 49 180191 189899
42 73 890737 893353
28 87 465241 467778
81 42 775869 782430
91 76 529069 538438
42 91 187880 195114
2 39 149172 150753
97 58 576876 578400
56 29 281305 289378
64 63 958598 959435
61 12 747156 753327
13 41 244598 244737
68 4 402108 409214
44 12 431324 433318
96 35 226723 233037
39 90 670944 679131
17 28 963107 972038
69 85 390001 399654
78 1 771800 780006
18 75 427358 432578
45 43 980905 990069
48 74 881659 884807
43 82 722048 731511
35 91 709994 719485
53 92 242499 245786
25 26 354504 361072
27 11 298664 302251
16 27 195792 203319
33 97 242128 242647
25 94 248641 257999
99 15 705133 708588
3 59 142932 149506
62 47 45867 52159
80 38 360039 361504
70 56 275563 280676
73 83 777000 783400
36 3 423916 430301
26 4 429832 438275
28 41 712069 717133
77 26 986341 991321
99 80 507879 515937
40 3 742733 746975
19 23 783729 784911
35 3 230855 239520
87 21 200685 205234
47 15 239197 242868
95 57 433761 435406
66 22 305396 308903
85 2 405534 409744
75 24 366512 376271
7 30 69935 77963
9 84 265510 272009
82 68 293897 296647
33 98 790172 790801
97 39 907768 913546
22 46 134476 142481
59 50 639973 644083
29 31 268840 271544
74 76 115450 116206
32 36 331031 331814
36 60 146269 148344
18 85 936351 941422
76 7 870054 872875
5 50 413010 422241
50 85 139311 139453
81 23 284107 293885
58 3 828475 838025
34 21 450179 454673
83 67 955405 957762
78 49 13598 17785
27 36 754632 761738
49 51 888230 888333
89 87 482998 485032
31 96 567313 569434
98 15 689331 694371
39 82 875659 881974
80 28 400718 409182
57 1 612673 614363
22 78 347816 357712
93 49 163272 169012
43 3 249387 254705
84 37 896532 904772
18 73 50936 56707
70 92 143993 148186
32 42 290838 299986
82 90 923677 924219
100 85 721814 722835
12 20 742581 746339
8 74 95572 104426
22 83 529901 531330
10 23 607357 612912
97 52 471052 477954
39 71 658744 661562
12 88 557519 560018
9 50 586909 596790
77 12 506376 509665
71 39 949264 957949
6 92 264835 272885
14 86 745464 748920
80 17 235663 236625
86 90 18477 26115
88 51 861168 868275
76 95 473855 481919
96 44 951139 953300
24 21 943528 944118
48 52 570042 572091
74 27 491741 497082
56 36 8370 11342
83 35 162579 169374
3 21 855831 864384
24 79 160274 167305
88 21 451787 454349
64 82 448808 450372
100 93 630267 638278
53 3 706003 707250
60 46 159150 167140
33 12 325788 334626
58 77 250173 258876
0 73 83568 85486
1 99 891472 895712
86 3 861746 868739
65 20 539856 543786
44 84 549889 556347
94 75 513011 520096
2 92 407868 411761
21 33 147940 154121
8 95 81293 86485
96 4 404368 411486
95 49 531032 533650
100 99 349277 350110
68 22 33650 34330
42 69 468041 473413
49 15 943572 944591
64 54 286317 291336
22 7 414196 417979
88 5 73089 79816
25 84 447626 452045
2 11 582558 585052
99 39 377943 377984
95 101 701531 710843
83 54 535422 541140
98 82 26735 27208
34 36 772718 777597
95 43 129602 138150
7 59 63824 67456
42 50 808360 808785
1 31 991486 998107
61 27 979529 980290
61 10 28808 34583
64 53 454373 455183
78 3 3305 4844
27 101 866523 871751
46 27 291538 294200
23 66 280123 285263
71 70 916858 920104
9 11 777222 781653
11 10 952185 953922
58 39 891292 897587
27 96 977277 980270
35 48 517866 521406
41 35 201687 202778
80 16 534765 535760
31 58 709719 712290
48 36 331777 337089
50 12 748188 758148
87 64 917035 924972
101 41 731169 732862
15 70 242971 243656
88 86 663204 666873
58 12 31537 39735
7 37 17843 27196
96 42 189041 190309
10 1 625626 631965
47 51 882280 890563
44 65 957060 966925
26 96 192183 195943
6 4 788469 793031
83 11 81704 84543
88 19 986216 988786
82 48 278497 287773
44 55 221859 230108
81 100 712820 713931
24 89 879879 885522
75 40 642930 648747
39 10 344539 344603
96 74 356313 362307
93 24 927501 932321
51 8 660326 666824
92 59 481397 490198
90 82 398364 403516
51 28 226460 229288
88 12 57476 57714
6 26 342471 343821
73 25 485805 492809
49 90 693038 695394
89 51 624097 629633
77 64 482223 486937
75 0 773076 776338
68 79 457092 462466
8 88 712787 720430
91 20 531918 540723
60 27 274374 278346
93 22 930188 938785
100 50 388658 396008
23 84 20992 25503
88 70 409743 414954
18 74 992743 995334
81 62 800022 805733
42 99 803476 807124
85 54 996288 996377
6 13 673897 678175
72 93 187013 190357
3 12 55434 63682
11 65 734664 736636
8 11 468428 469800
37 99 884045 889904
44 23 568751 571085
97 6 206646 209340
70 10 60876 69119
63 36 811622 816140
83 91 358721 364524
64 87 952297 955789
23 50 509857 517638
37 95 930231 936209
16 45 811509 813174
5 100 749615 754641
46 63 759269 763072
39 46 824815 829933
41 77 5469 14119
25 3 163802 170917
87 81 550622 553348
75 28 477074 478503
43 8 513648 517016
79 35 654160 655348
52 82 212975 217505
75 29 275606 280650
54 40 738220 744927
19 51 462688 467510
1 26 476527 480318
7 7 610073 612325
71 8 78154 80227
42 25 95975 103723
3 62 449410 455674
39 66 230192 236124
13 36 558680 563356
56 51 14763 17581
93 60 657905 658415
63 25 609332 615360
75 35 71337 74413
70 9 51708 53754
46 33 181260 189782
17 33 100446 100637
19 17 601 10288
88 90 390389 398184
57 48 301693 311234
66 74 128178 130738
50 23 187652 188971
63 101 819841 826285
23 89 510080 519208
49 81 221491 221833
60 73 452416 452959
55 94 288477 289864
56 86 51728 59972
40 69 769046 777376
17 48 787813 791624
99 30 551792 556985
26 39 889532 896302
16 17 261842 268325
35 22 814676 817973
97 13 300052 302747
8 96 291330 297210
93 45 247952 254670
52 10 888135 894609
37 31 99755 104623
73 23 327064 333915
62 43 678594 678919
20 31 86701 93605
89 7 687126 690100
13 20 467902 477070
32 28 955336 955970
32 39 712924 722110
67 90 669973 670286
67 62 28577 33107
86 24 401379 406796
42 41 541264 546346
9 85 629520 635738
54 6 812958 819190
15 38 493494 493813
79 68 116811 125607
80 54 528015 533296
41 80 728170 733650
62 67 545600 549179
59 45 58092 67324
0 96 481857 488138
12 15 999162 1008337
47 2 774763 777368
26 24 672809 681349
19 61 19873 27515
65 39 349994 358385
87 33 113516 114620
1 86 974192 979684
26 67 177112 178163
19 96 946772 947915
14 31 742120 744560
35 25 593070 597627
12 46 893607 899658
15 15 526714 534011
65 85 321963 329412
42 0 315176 319695
37 86 277715 281135
58 22 703349 707545
64 21 637925 643806
35 43 858188 863127
45 3 441425 450863
84 35 48086 51933
44 45 381515 385081
35 28 909969 913730
93 26 654110 663014
56 45 129719 137184
21 89 559296 564131
61 22 471642 475200
97 92 821142 825498
50 0 542504 548666
95 4 742122 751115
76 98 606551 610154
23 11 704347 710545
33 27 785657 792016
25 6 345540 347125
85 55 82522 89301
55 26 346248 356129
17 24 91755 100880
3 8 29446 36592
41 9 535855 537894
6 72 640780 641318
101 2 967626 971835
19 5 584312 589044
12 90 25064 32189
55 42 743193 747761
86 97 984158 987270
58 96 201257 211219
95 56 447633 451176
59 63 289203 295236
51 35 174361 178027
65 23 791273 795589
52 85 750873 754520
53 38 119222 126935
57 78 746711 756375
70 43 88170 90127
0 5 24583 30183
32 51 287700 292680
99 85 216178 220614
55 27 956510 959659
0 24 276036 282207
63 92 850878 858409
97 31 950016 952944
53 61 195180 203434
98 56 544918 548455
63 43 349998 350278
74 77 832662 842561
9 97 689887 690439
98 78 74123 80523
24 10 558203 563188
3 97 298139 304234
29 101 68465 76676
59 40 986529 993596
71 14 790110 798579
27 44 806053 811251
0 7 544697 548224
39 9 379324 381173
24 22 160361 165433
0 80 263333 268872
94 92 38895 41221
53 23 359665 368678
19 64 681335 691106
35 58 407027 415146
91 15 8 565
83 7 414391 421030
57 14 660140 667389
77 25 792262 798029
49 30 722310 730393
86 92 478687 486534
91 49 62368 72026
62 73 747252 749896
13 43 971615 972321
19 79 192051 192251
26 13 931319 939555
57 87 323062 325007
42 67 571508 580740
80 87 873775 877313
26 34 512481 514719
17 23 254211 257068
11 72 278724 286431
26 69 19157 22100
81 88 712347 715111
21 11 835043 842237
32 24 436697 440765
27 89 449313 455397
14 2 841724 849840
13 40 100061 107065
40 73 477278 480799
46 100 930440 937272
10 61 116442 120390
64 35 96457 99916
62 5 498681 504299
85 26 893007 895113
47 64 640770 645570
40 97 105434 112457
57 76 69649 73351
96 80 589908 597992
94 70 494801 504634
24 28 149952 157450
25 11 907721 911778
10 28 129937 134717
8 65 235058 244905
18 80 605027 611145
12 25 861512 863982
74 46 550068 552987
5 37 288830 294002
101 97 501559 504161
66 92 766907 769515
30 30 761075 766096
3 7 15757 23607
86 32 5071 6570
8 87 485152 490021
0 93 61153 68265
4 45 715775 719994
29 97 294853 304415
58 71 133640 133933
26 44 947054 952143
16 77 742059 749929
101 35 442242 450925
75 81 279911 280691
75 80 986906 991881
98 80 200723 208047
17 53 729230 733884
26 30 916224 917135
49 52 314385 318013
90 70 131248 140996
42 5 13856 17563
25 15 660537 663829
100 73 460176 462669
1 3 205402 211358
25 0 512722 521398
100 6 527664 528002
87 50 266355 275103
45 72 452741 461925
37 22 25274 34804
3 27 296749 300056
1 45 236064 237543
100 34 260800 263445
10 35 584331 587481
58 72 383793 387127
62 18 294383 302740
19 70 455663 457877
44 39 43746 50407
63 82 150589 159089
90 42 657531 665347
65 89 954736 961083
48 30 581452 583216
43 30 498969 505298
68 69 847045 850309
46 92 25561 29918
33 71 223215 226166
64 69 571876 577860
59 71 281134 291063
73 98 138954 144455
24 2 750006 754075
17 92 650747 655573
72 57 647226 656212
90 16 193996 199104
84 16 474302 484245
90 5 304104 307647
57 7 76769 86180
30 69 201850 205800
80 18 477201 481844
11 1 232949 235294
87 73 501406 508989
91 58 963739 968453
46 19 590920 591962
87 35 885334 888813
58 23 341844 344185
75 59 728662 734912
71 71 930290 939075
16 47 646242 646588
41 24 344517 354283
11 13 653003 656113
23 59 721817 723236
80 40 855892 856384
1 58 471797 474002
91 6 858211 867970
20 53 244519 252404
24 94 102056 109427
68 84 310750 314351
88 63 88467 95266
33 16 940012 947011
38 0 686367 687798
29 70 756854 759623
25 71 693670 695063
50 31 577604 583258
77 6 36874 41419
43 92 719773 720870
12 10 621649 631253
15 71 726465 730987
54 93 929639 932331
11 4 604553 608020
4 53 720806 725461
72 82 283402 289603
2 96 620222 626599
17 91 352969 354501
2 74 140100 140437
56 96 44938 48208
58 74 87056 93381
75 100 331190 337591
97 50 923286 933173
68 37 905757 910896
78 2 310036 310615
60 64 312526 320134
14 5 365332 370027
31 61 237496 240349
44 50 36101 39463
47 63 379337 388213
35 64 733048 741262
16 30 975315 980014
28 12 69954 70017
4 69 914049 918722
16 95 87297 91176
36 32 360208 364319
9 12 375790 379449
56 94 474933 476696
10 5 928296 935255
16 80 910898 916463
85 46 148822 148960
90 6 357836 367259
45 64 889130 895640
10 47 38823 45469
92 8 70926 73855
50 32 20290 21432
37 50 906742 914856
19 89 995738 997001
86 21 587148 597114
71 79 706603 714013
69 83 114994 116872
89 34 791129 791851
44 20 414245 418308
81 47 730766 737698
37 15 663313 669294
17 82 208205 213225
19 98 769167 771069
88 66 479977 483804
41 76 920368 920696
75 48 844518 853800
74 100 296168 301825
81 82 146239 147977
8 84 279634 285178
25 29 740461 750424
75 96 635966 639087
38 100 89644 90750
77 27 108989 112110
6 65 116862 119260
23 56 749720 756206
6 17 415678 422369
57 31 928867 929137
56 47 448568 449700
19 8 412101 419043
100 4 847099 850429
89 67 213536 220613
39 44 592890 593071
13 91 730437 733329
27 83 574115 581846
34 61 450076 458443
98 13 634100 642126
69 21 452964 453205
94 66 976680 982059
49 45 20322 22885
82 50 270914 277209
53 57 796854 802746
98 3 714576 719586
20 51 181959 191852
37 59 509099 512665
70 88 292622 299227
69 75 327275 332082
67 16 482570 483008
3 89 466248 467026
79 30 949909 956431
64 5 85171 90791
22 100 683504 692551
15 2 394057 403176
45 2 579214 586154
0 79 855269 856816
46 48 352450 361539
91 52 3332 8622
46 83 814692 815837
37 49 184520 185214
10 9 868742 870178
91 70 572160 579819
72 79 28398 37746
16 74 530449 533645
64 66 301293 306503
19 16 874749 877676
91 38 959877 960695
22 42 639793 643563
92 10 792304 794362
22 94 769614 775927
96 97 600326 608110
15 57 309760 312264
84 49 5326 9904
11 61 695303 705027
61 30 776355 781238
101 100 571664 580773
68 52 830789 833336
40 49 166623 171962
90 11 924929 924988
39 25 224286 229209
96 22 759060 768199
58 17 334420 341248
47 98 648758 653639
84 68 111755 118978
65 96 200461 204501
75 58 975827 982152
32 81 781726 784948
49 46 938175 942266
3 34 557262 566386
5 82 496403 497846
61 45 153031 161583
94 36 59450 66106
29 81 402541 409743
72 36 655599 658901
30 83 184290 186597
31 83 761692 769964
65 69 119156 123340
5 3 588640 593327
54 97 86770 93254
46 101 34237 42160
73 92 565479 568301
70 64 787436 794682
85 64 38916 44900
59 94 179002 187349
54 58 121295 127336
21 1 134628 135269
74 43 459126 462378
98 27 668706 676922
29 52 764626 765006
49 29 2345 7547
72 81 604851 605042
30 88 696491 704151
44 18 45737 54323
35 66 384207 385941
97 78 472029 477151
24 70 985916 987877
76 24 560217 564430
7 44 39749 46529
58 60 487982 496955
99 38 735958 737037
5 45 450820 460760
12 16 214540 221995
67 53 319648 322622
30 70 902648 905815
25 31 937441 941638
31 71 106078 109374
69 92 89956 94343
60 89 219683 224204
55 14 5081 9872
23 77 946759 947295
71 32 857795 865256
52 83 771102 779898
53 5 818728 818836
89 53 21563 26620
36 80 950342 955239
96 10 989030 996741
64 79 63522 68675
44 94 164641 171290
72 97 438019 440325
16 52 867017 873311
93 67 982535 986584
34 59 428881 430981
76 92 419784 420846
8 47 126247 136184
25 73 436729 442470
86 1 251734 254374
57 41 50437 55393
38 46 462782 466781
76 39 804543 807040
43 90 99283 103454
52 41 571086 575085
1 78 48894 50655
63 98 853924 861956
45 47 302991 305947
63 5 104657 112207
51 62 553170 554396
42 70 548628 548914
32 86 473839 476822
71 50 820396 826788
98 7 251029 258879
89 45 262641 266015
5 22 5217 14107
14 46 105993 110367
56 30 8949 10257
101 10 635064 643551
3 92 666271 670271
28 70 83021 89338
61 14 283040 285556
68 71 851155 853615
23 24 658038 663841
49 25 90590 96423
49 75 942596 946186
78 10 789355 797501
53 21 537761 544965
70 67 905582 914181
82 25 801531 804324
26 57 846254 851497
12 47 809377 813057
17 41 982159 983404
42 85 331574 340744
85 79 316831 321961
23 51 969772 971776
47 23 564222 568998
85 91 2401 8250
13 34 146888 152097
72 62 23004 26644
99 89 468943 472330
19 101 683982 689646
36 94 997655 1003027
12 101 300803 309955
69 32 382972 388232
71 66 608197 617306
2 60 601427 608318
99 57 563920 573213
58 89 513696 514080
68 27 726790 731283
1 49 414972 421013
39 72 776286 785984
45 23 789879 793814
94 28 688997 694423
19 39 645706 647773
46 79 297478 299372
58 18 305122 312592
15 95 516408 518463
49 11 53826 53895
100 24 478154 482080
90 29 356955 362010
28 28 812159 814669
20 37 299280 303745
7 58 517101 523504
65 57 593206 602054
62 31 227663 231528
50 74 46957 53420
66 46 741853 750538
59 18 127313 136569
55 65 457826 462930
54 1 78869 80249
39 38 532884 542351
67 84 67768 72438
72 2 8854 11285
78 65 787945 791743
80 70 971876 975910
51 39 243672 246967
42 7 943005 946901
44 74 2341 5151
56 49 142666 151617
9 73 661570 661673
83 2 537620 545504
9 63 351469 354529
72 67 654942 661407
96 95 451241 452170
46 70 301408 308142
85 15 437138 440300
3 20 891338 899953
72 20 139478 144842
65 91 471566 472084
34 38 77692 77708
41 69 964310 968878
54 19 655625 656298
31 29 860238 867530
8 13 883654 885412
62 65 593666 601208
20 55 318414 322589
40 34 106521 108099
94 11 638209 644701
22 75 765737 774629
49 59 3122 4536
51 6 319527 325802
78 31 427629 434092
52 61 653613 655164
33 37 149405 153490
25 97 990374 996004
59 70 982387 982868
24 96 993998 998727
43 27 63545 69813
98 75 709375 716793
95 35 470202 474318
76 4 907546 909672
68 100 992812 995397
5 68 102925 105978
49 65 104442 110093
2 28 39183 43103
91 71 413063 414484
74 99 562395 566167
24 7 825219 828869
62 46 369022 376745
47 42 598904 605233
6 21 959629 959725
0 37 721671 724125
94 8 710571 711606
52 40 658778 665553
91 61 36430 36495
75 85 635401 644839
97 77 500389 503640
32 12 459554 463203
90 27 161520 162200
75 98 497422 505056
37 13 998978 1000966
62 45 895701 901016
83 20 872807 881915
65 65 342892 352164
77 67 988846 997095
12 40 816229 819304
45 20 562396 571937
20 89 26678 33250
75 67 635294 641585
44 57 966967 968121
27 99 860858 863125
82 13 689347 689663
54 44 97316 100923
48 70 92709 96282
1 53 474995 484974
28 25 818282 828087
62 25 499413 500349
99 72 284980 294690
75 76 160103 169154
63 96 725624 733930
73 65 351280 352040
24 49 958943 963110
1 23 668832 676948
19 57 856971 865723
100 72 6164 11084
87 96 124597 132900
99 36 848154 856944
74 12 637081 646319
53 42 508067 517214
96 100 549268 557267
4 23 179971 182064
8 93 600798 610440
33 36 627126 632584
17 85 562545 566897
34 9 48381 56807
39 76 775162 776899
29 69 425755 430887
41 30 416104 425657
58 57 924351 931285
88 84 805006 812769
13 86 156378 162540
66 15 362335 366377
8 14 379120 388180
90 76 977315 986451
12 97 237678 247677
6 51 897668 901238
78 85 761111 762731
51 15 313549 314569
11 96 53343 58408
63 66 102629 109567
48 83 563373 567634
23 25 980659 988018
24 6 697800 699480
34 67 548119 550313
4 39 906848 910577
26 33 788152 793823
86 57 811259 821209
99 34 728723 735950
39 52 847685 848044
64 8 166057 170910
48 35 196875 203782
62 76 594694 598776
80 21 383739 389041
28 27 49061 57295
48 94 58410 67959
63 23 582030 582914
25 39 447662 452839
65 29 462856 465548
88 22 805562 808911
4 87 95580 101763
34 28 798715 798767
37 54 683418 690972
7 5 999519 1002397
68 89 650557 652430
29 50 629323 634144
30 43 54284 57997
77 52 909675 915816
74 90 269595 273660
50 79 790346 799199
64 43 746858 753225
17 2 172143 172573
55 44 224099 225466
37 74 510280 511508
92 50 391200 391982
39 49 803081 804904
27 17 984752 993003
87 13 948656 956208
11 52 966815 972175
80 23 516374 521287
90 78 647381 648227
98 72 323536 326966
86 60 845449 854131
43 67 14695 15476
41 11 424660 433237
71 74 620266 625368
39 92 528595 532332
50 2 809602 816205
13 51 902057 908198
84 83 821220 825422
82 4 442084 442737
64 73 611038 620704
16 54 770044 776360
56 95 722417 729381
7 85 546918 553553
77 89 286109 288513
98 37 793281 796688
32 84 972750 977781
2 91 395749 400709
14 80 680345 684827
27 48 890710 900256
21 82 865832 873579
90 74 127302 134689
51 10 424338 429250
79 84 392959 402763
77 94 164205 169245
44 19 862148 870721
6 30 197885 205469
62 34 772430 779264
99 91 915829 925409
3 74 799581 799697
34 25 178625 181417
50 44 372345 381483
10 29 31026 37455
100 100 26689 35217
72 14 567700 573006
42 81 585536 586468
64 45 53349 63177
101 74 561061 565715
58 94 559223 559639
44 77 992579 1000719
98 20 227242 236076
50 87 595868 601437
68 18 517973 519495
73 79 334043 341015
57 33 373562 379167
2 46 670313 676061
38 63 781202 782134
27 15 935579 938464
66 29 919403 923320
67 32 28956 33057
35 98 993524 996997
82 82 130715 135590
100 57 449883 450863
3 42 265077 273024
10 38 774205 779200
62 93 299076 308361
89 31 98864 107948
79 54 411345 416713
44 83 623652 628955
33 19 1073 9010
12 57 75676 85183
53 7 242547 244158
3 29 608100 610857
78 4 814284 821832
74 24 103944 111425
89 22 891911 893608
49 39 965225 972254
87 9 884430 891644
31 66 139006 144274
53 27 456046 457242
43 97 160575 161933
99 50 610261 617248
62 14 695483 700296
14 54 903447 910011
31 17 615738 619152
70 86 105033 111886
59 84 912029 918633
19 0 37142 42136
30 31 488412 488804
83 27 11339 13705
3 3 676510 678249
83 39 181610 190220
62 87 356892 358385
62 16 767068 768559
23 46 749715 756819
11 90 355494 359231
73 22 961601 969875
5 66 789693 789814
93 59 993370 1002766
19 12 419335 422040
3 56 855374 856678
3 61 682614 688881
92 13 148460 152280
81 60 9517 13052
2 10 133598 141336
22 22 416260 422667
10 26 73706 81137
33 95 123911 130662
41 8 848251 851879
65 70 231127 240615
22 91 567911 576556
67 15 314331 317059
28 80 772861 781863
15 25 106435 112511
75 17 894605 894625
0 62 133580 139140
9 41 189116 194761
25 41 936743 942023
92 79 29644 32913
69 95 41620 46375
22 11 90934 95315
65 88 625551 629276
59 62 585404 585845
15 42 901568 910295
87 46 781695 784201
35 97 603490 610985
41 39 65375 72888
95 29 489862 495047
77 39 975762 978530
11 35 388178 393052
73 100 91728 94294
50 35 628862 630548
62 81 2211 10416
100 48 341062 346534
66 6 486928 489960
68 63 576165 580168
27 75 135139 143499
49 41 927653 936647
35 74 392822 396868
66 20 767047 774170
43 69 310063 311398
51 98 925094 934337
26 12 721725 730529
4 31 346171 349384
18 54 449540 458891
76 12 805632 808781
26 50 481841 490527
52 72 636110 641203
18 68 472811 476908
58 73 87763 93973
84 10 339034 345359
93 58 67307 76045
54 22 860756 867805
93 63 720911 723425
101 89 584780 594019
22 49 859441 866719
48 50 189094 195052
3 98 885467 893261
96 64 878596 884922
61 54 854046 858536
30 40 622125 627640
83 5 968336 974142
73 72 194238 197857
68 30 655612 662824
19 10 830380 837334
99 22 523303 530904
1 14 528119 534506
9 65 134865 138516
93 77 550517 551295
57 82 345326 347460
66 2 164948 173599
1 27 721101 724635
20 80 351236 360672
26 59 225407 226955
91 36 347921 351034
92 25 355763 357244
73 53 790048 799401
62 56 541531 543433
22 92 939143 947484
44 56 148224 156145
26 43 200723 209600
81 101 564318 566359
27 88 40359 42052
42 35 421504 424955
45 56 865404 873663
31 70 509917 510598
57 35 643321 652780
20 35 798792 808578
54 37 908649 918064
93 31 882480 891008
50 82 140344 143537
3 40 964284 970535
91 47 589096 591472
24 87 723369 724466
18 48 187290 190168
61 35 53574 56158
40 67 464736 473085
86 39 896750 899442
21 72 310468 313736
47 14 732139 737081
83 29 160375 166787
84 23 227388 229095
94 95 565038 569914
66 82 390851 393442
60 84 393869 396047
11 47 704924 705186
47 19 549224 552731
18 10 392334 396607
91 14 455765 456345
74 62 555469 562427
71 22 382640 392636
66 61 340810 342144
38 67 84116 89912
59 39 680794 689111
55 88 299249 300713
15 92 974126 979431
98 81 442292 447149
65 100 375301 377986
31 84 881467 885307
41 41 890788 896930
81 84 70695 76191
34 19 378332 382737
86 17 698467 705464
46 8 100974 110311
30 72 449292 456086
99 71 575149 584258
16 1 205140 210192
45 81 713473 719520
74 19 669625 670594
10 6 572470 576698
73 4 726868 733615
58 47 75788 81999
77 78 483847 484389
25 10 103625 105338
1 96 600890 604880
36 21 340256 344955
42 21 531024 534258
63 16 89544 94565
79 24 712355 722162
26 74 147485 150833
27 51 878516 888031
85 3 583540 592679
95 50 263227 267843
46 0 802320 803565
67 18 98036 100668
17 68 220982 222683
0 71 652411 661667
73 99 316536 318832
46 3 728519 731477
85 57 643604 647723
11 89 963201 965361
37 33 223299 227178
47 12 764157 773090
92 5 17999 25435
77 22 485693 492286
5 75 962325 970582
78 57 281113 284855
4 95 876229 877388
39 73 649351 658076
26 55 623514 632067
46 16 788148 790802
35 61 261934 266610
76 84 676721 685073
43 55 577022 580930
98 29 282104 284183
14 0 329108 332047
85 82 906840 914776
66 7 255527 262994
47 36 873795 882642
6 5 105259 114947
55 92 466263 473305
70 40 774160 779024
58 81 637540 637906
83 86 339872 341753
17 94 736625 739542
2 18 51832 57032
8 12 766084 769141
67 61 685490 686688
20 93 111907 117101
62 60 102066 102653
13 52 689589 690731
4 55 516571 524158
44 43 571767 579830
8 99 679402 688070
4 3 646725 647652
59 99 818249 820833
0 38 381749 391073
80 65 709857 714221
61 99 259032 265263
88 0 760522 762826
23 58 782218 787603
26 16 945279 948042
21 20 452126 456896
100 19 69357 78356
93 35 481859 486839
83 77 612707 617312
26 32 132 2449
100 30 175821 177866
82 75 963983 971171
39 97 786969 795588
27 73 245353 250506
17 58 566102 568154
12 8 676501 679938
21 0 407653 414926
29 2 88815 95549
88 41 732158 740432
96 84 140897 143034
20 11 7665 16084
91 46 188597 197119
90 91 239807 241422
61 37 596776 600056
6 18 258266 267699
36 69 330240 332412
84 94 986298 995220
69 81 837680 843499
80 50 28311 29437
85 66 784577 786312
34 39 899067 902544
96 91 862005 871151
18 35 32261 40227
42 58 518435 522546
0 50 873549 878829
89 75 680506 683157
82 67 257580 257946
47 45 725711 726525
76 14 172482 176180
93 21 624294 631639
77 99 878515 879322
2 32 494846 498859
