17 1357
99 32 907352 908069
91 84 814927 820685
77 58 482260 488054
11 41 466487 470489
42 39 494000 498627
9 73 671665 676976
37 38 49052 54015
96 72 238339 246179
51 31 407035 415172
26 10 920995 925940
52 7 242307 250739
50 74 2453 9289
50 37 1284 10462
30 20 679201 686667
3 31 183496 189032
33 100 670227 678216
48 57 38562 39736
94 12 782849 791777
63 89 898670 904087
22 95 53069 55147
40 22 388740 389425
52 88 610061 611233
47 63 400429 406764
58 14 41471 50029
86 97 25800 33379
5 23 176976 183628
97 97 304282 310738
74 61 382559 388928
16 77 202458 202833
93 4 794571 803102
73 13 332301 336048
45 68 704320 712355
92 23 78757 81788
71 75 797437 801614
32 96 428889 437945
3 53 848576 852219
44 81 524587 530496
0 9 977859 980593
62 59 894042 898240
101 41 671725 678112
14 5 919398 928285
82 83 487719 493357
19 56 474170 479735
30 65 509744 513664
89 93 498252 499349
9 72 465523 469068
31 34 499185 508432
33 7 4071 10867
30 70 646964 653334
35 89 31039 35320
3 93 871253 880498
100 9 50244 55923
19 14 514413 523297
87 56 359838 360468
89 60 907176 912673
1 41 696149 705752
30 61 513063 513431
74 86 652704 659942
77 61 225674 233428
6 21 674459 680716
45 15 121313 121753
82 31 718110 718430
75 7 577071 580432
47 10 696692 700327
23 71 21691 23593
75 40 394345 396162
39 91 609227 614827
10 9 128691 132975
6 43 2243 8394
44 50 459 4730
77 11 610548 612873
99 42 961335 970631
99 43 360261 364783
62 55 81520 83459
61 95 140890 144041
86 23 303137 303732
39 19 145072 147853
33 0 652224 657120
13 31 749630 750640
73 35 128391 131024
98 14 287806 296074
15 68 262194 270737
78 5 721492 727205
49 27 239973 241934
81 4 788788 791908
67 4 845811 847278
57 19 970761 971201
35 77 435083 440254
63 52 47074 54511
10 68 707942 713031
98 60 429354 435321
99 53 792176 795862
100 85 727695 734681
43 79 319424 327611
67 49 371538 379798
40 24 597051 602754
66 77 961444 970543
33 55 467117 470103
49 28 658412 666540
94 76 965165 970616
91 98 473000 479571
28 14 452669 460456
45 9 741271 745921
90 72 939492 942548
39 28 260897 267181
87 1 260900 269267
31 32 401927 409505
81 83 613307 618910
42 37 172512 178381
92 100 335781 335958
37 94 135248 142905
46 94 601395 607329
55 42 486760 488665
41 12 477653 478719
30 13 678821 683034
81 53 567319 573138
67 38 278340 281250
69 10 557773 558650
1 27 785117 793773
87 67 459177 466140
52 61 131980 136401
42 36 827736 829529
17 75 881499 886136
24 18 520135 525267
60 31 805308 813625
98 22 84184 88136
29 13 940241 940895
45 7 906552 906851
99 47 630671 630830
94 86 893220 896266
82 26 722846 724010
82 2 59300 65314
89 28 931955 938554
35 80 619097 622903
80 4 833065 837496
93 24 788185 791999
43 4 291410 296234
10 41 917257 924228
16 1 233482 236667
92 101 361644 366216
41 75 421477 427819
81 72 928836 936649
54 28 604274 610531
52 100 294689 299560
71 80 641665 643250
24 85 172147 177317
3 0 555645 564111
27 24 873554 882600
91 30 107011 111529
93 17 839314 843796
74 31 334641 338411
69 3 854147 854431
101 96 542906 550645
100 36 232875 236820
93 43 565934 572656
86 76 293986 302837
85 97 191470 195433
7 83 236005 242173
71 0 633105 634242
41 14 117512 125894
65 33 622111 627207
46 69 346186 350907
6 39 274004 282968
11 37 155209 161557
29 16 9261 12783
37 97 417335 423505
71 16 768315 777909
38 46 194443 196714
53 7 686958 689836
12 26 993178 996169
76 61 501444 509716
9 95 970574 976194
53 30 256248 262785
5 84 57866 62339
1 15 595222 595550
90 27 745504 754096
96 78 409711 412420
62 27 253676 261912
3 38 928288 932810
67 72 186747 192910
59 64 127631 133905
56 50 10184 12143
52 23 280833 282319
35 96 390675 397638
4 99 683836 693362
75 26 39461 40852
70 91 681704 682626
33 19 156667 161438
16 11 429246 435970
20 93 460003 469982
78 22 71029 74263
29 95 894106 901869
5 78 597385 598677
25 87 186457 195522
56 44 908597 916946
46 2 601573 607505
100 79 101484 104916
2 48 181503 191193
54 58 907846 915288
12 77 932136 938467
72 65 496549 503431
50 90 818602 826586
9 85 113982 117594
1 35 1376 7047
46 66 85212 91430
28 40 839515 840120
91 41 179695 186920
6 80 442951 447205
73 2 63777 65373
60 62 78715 81997
80 9 352684 352704
77 47 431377 440476
29 80 33391 36745
41 83 834502 834812
39 101 861744 868055
58 50 300362 306990
0 5 319203 324039
98 101 271404 279267
3 70 739811 741204
1 58 30228 30785
81 27 677910 683711
4 64 317637 321885
36 79 847897 857675
30 81 12092 17481
40 95 502588 510357
85 58 813329 814022
74 73 920086 921990
98 44 328459 336911
21 43 254759 256116
13 98 801398 805974
65 88 503561 503858
55 80 455387 463292
59 34 851317 854603
85 49 273165 273212
49 47 404442 413404
40 0 715125 719541
92 14 852255 860672
85 66 94972 101057
26 26 221470 228391
82 89 726625 734088
86 82 500891 500968
56 20 366581 372725
58 22 703640 709425
7 68 940546 947238
68 74 403829 411408
38 14 797687 803361
22 66 380204 386176
86 78 461428 470069
52 96 771612 778717
51 23 606975 612485
16 31 861833 868661
23 57 406797 414481
90 25 787150 792659
42 96 886481 889900
9 1 876766 877261
83 30 598206 607120
92 45 690592 695491
38 2 871741 878392
62 22 407030 413925
90 16 892285 892363
20 58 689228 694891
20 42 800203 801840
34 88 457622 467501
17 46 96314 102210
62 66 153603 155826
19 23 844958 846553
98 24 834836 842115
42 62 777993 783670
51 82 984758 988867
56 3 234818 242438
45 72 530499 533461
44 42 33358 36226
55 90 645519 655109
96 22 989361 991587
59 43 863531 865205
86 55 725452 725891
46 30 785117 791452
3 77 658998 663141
76 47 959958 966333
40 31 251276 251330
58 28 933979 934352
6 47 106986 110219
39 98 533150 539717
27 11 153861 163829
69 45 221567 229439
85 17 406245 415928
89 47 395854 403730
26 72 382144 389852
34 6 550816 551046
13 36 306037 310764
65 55 597545 603942
65 4 201767 208935
74 57 553296 560253
74 51 189285 191084
2 67 330080 336019
86 25 602840 610227
6 45 21014 29208
92 65 274111 275587
55 59 894841 902001
10 86 699447 706739
64 46 193567 196708
53 76 600225 604741
21 22 528002 532620
50 75 420875 427373
11 85 759601 766622
35 68 789052 796044
30 62 123241 130016
7 7 179233 186385
54 11 60394 65602
93 97 371240 375159
0 32 219017 222038
37 75 721266 723183
40 56 684850 692020
16 26 41002 45572
99 31 619528 622783
33 24 464040 471208
94 84 810091 813502
25 46 862244 870190
39 71 945452 949624
38 60 415592 416884
33 30 918081 923535
95 99 85075 86633
53 90 563863 571166
33 39 454545 463963
75 98 899798 906058
92 44 606879 613475
51 45 371377 379022
44 41 850403 854260
58 95 324412 331047
87 20 543749 544703
81 84 363618 367555
62 35 357683 362159
98 75 480481 487687
60 16 521225 524526
34 9 445161 445594
86 57 889340 893699
31 54 909180 912198
66 39 960936 961964
37 17 401139 403462
40 96 626322 626618
45 55 964067 965555
37 32 546413 551340
44 39 193605 201161
14 47 525801 526862
57 53 820343 828420
56 63 908750 911419
57 33 460484 462885
45 98 108926 115206
74 75 650724 658485
71 35 982197 986425
27 100 432479 435949
42 42 610583 612309
28 33 33391 41684
53 12 716249 719446
77 39 746808 754862
27 16 142642 145244
53 11 19456 21000
52 17 256090 258211
37 61 598376 599657
0 92 225455 226266
58 65 824202 827123
74 17 640431 646938
7 3 411382 417417
2 43 715423 722184
22 36 751280 756306
70 92 693778 703508
100 3 224840 230093
26 101 670355 676147
51 100 204410 211940
60 24 214977 215429
58 44 410701 413415
33 54 667458 676963
71 86 690335 699782
82 36 926739 934849
42 4 105065 110079
77 4 57672 66226
57 5 116310 120499
6 6 515639 519844
73 49 206573 211270
54 15 972195 981482
1 20 727459 728901
28 83 819997 828249
25 24 932649 939906
46 56 663921 670005
8 56 215103 221285
65 46 265157 272902
44 62 930117 930890
62 3 383938 384057
72 64 821814 828389
85 60 204147 205890
96 48 290625 298034
2 6 481814 486657
74 77 688462 691224
14 27 746646 755605
9 84 51876 52801
60 51 128462 131024
94 71 596581 601047
30 33 561617 564080
25 33 143966 148482
29 74 587012 592071
97 82 314049 322980
8 71 582184 588632
87 49 420164 423610
99 67 305107 313222
75 41 162165 171918
84 59 721067 725451
97 0 633713 643297
19 41 101177 108515
50 7 346102 349024
27 26 10632 19492
37 71 575755 580220
100 83 26546 26779
6 69 673659 676777
72 59 112974 119227
73 100 901806 907032
91 6 608026 608579
46 96 511980 519499
81 10 11240 11876
25 21 558874 561199
10 27 273356 274059
65 68 843939 847484
32 26 592699 593590
16 22 60558 61803
12 51 558826 562373
26 57 623337 627018
61 38 758204 758390
90 61 78560 86266
81 18 386790 390878
63 90 587822 594018
94 78 385905 387917
10 14 556240 562815
70 63 632364 640126
64 77 507947 515405
56 75 877373 883122
6 29 991107 996216
36 66 964951 969157
18 101 796178 800997
81 67 571455 576681
39 56 648605 650751
84 82 320795 321136
0 52 872263 876189
45 91 737374 743407
49 87 422394 429299
101 6 49802 52959
99 69 493225 493966
54 47 513396 522564
28 28 500495 503328
21 37 290976 294518
33 41 783123 783884
14 80 227766 237038
94 56 316931 322641
7 45 907046 907256
2 2 801786 805139
16 40 724230 727802
99 57 18741 21717
84 28 396710 405062
42 9 714451 718533
69 11 246945 252738
40 47 205721 207040
53 84 986955 994198
72 52 671315 681011
17 11 252510 257808
68 31 821014 829478
93 32 181580 181930
94 30 72882 79675
8 101 7427 9954
0 62 499787 505920
89 73 425310 434540
3 89 342640 350555
39 40 135636 137911
9 87 176982 184888
7 87 301820 303088
10 47 695658 700293
36 40 529079 530084
69 4 75507 83752
15 14 55175 64474
81 39 1822 8114
77 60 429681 432999
58 10 597459 602468
31 6 828079 830350
97 101 881307 882122
94 58 987465 997413
2 89 305923 310066
58 19 364975 370714
97 13 40430 48024
84 93 120055 124564
29 56 352211 361126
92 0 98461 100311
17 55 319729 320543
74 50 818654 823966
0 56 918239 921789
42 74 170146 179826
39 84 516914 525915
83 71 466291 470564
31 4 234025 234802
25 75 202515 211105
34 46 31815 40338
15 40 422025 426292
17 89 474672 477968
40 44 634286 643394
90 1 385141 387667
45 73 325995 327949
48 12 518492 527803
13 66 63698 70862
52 86 815707 816289
97 33 149515 156072
99 59 222694 223561
23 44 359707 363910
29 64 38711 40498
93 18 341787 346368
1 17 125103 129965
1 90 230229 233871
63 2 292062 296991
65 71 141883 142116
18 33 599131 602648
57 90 649790 650141
15 18 951496 958373
67 50 489431 492611
37 56 277628 287456
80 92 127285 134260
83 29 224168 228003
2 36 758299 759788
13 94 975320 983849
72 4 644369 652752
83 86 491980 496374
16 95 206900 212047
98 77 17897 19255
90 85 242011 244934
82 50 58696 60084
34 95 99951 106290
55 41 492460 498327
32 99 110452 118277
16 99 645374 646122
11 91 48255 55491
13 10 835121 837116
32 90 488433 489668
63 18 537211 537560
94 21 773582 780521
56 67 762824 767981
34 65 707100 714687
78 42 346617 352002
61 21 857738 864426
46 27 78868 86207
12 39 531416 538009
3 72 562964 571173
16 32 593309 601019
18 97 7831 15401
24 86 216045 220499
34 43 918507 920779
16 91 188572 196036
50 59 376939 384034
97 47 213524 217126
46 67 378397 386989
87 58 112570 112592
60 88 147839 152194
39 15 341130 342638
47 23 662254 668698
73 65 703859 704833
70 96 916686 918700
71 10 710291 714400
81 58 16485 24132
27 90 690574 696856
54 77 56246 58124
72 96 957461 958958
28 54 531664 532774
62 57 260372 269334
86 81 445515 453244
80 36 303286 303871
63 31 899170 900479
4 20 25798 31342
80 75 716566 721197
61 30 917635 926088
6 65 397969 404394
99 98 9306 14782
93 68 16720 18360
67 17 166925 170025
26 74 68999 69490
85 92 318932 320866
85 11 752409 760814
77 7 610499 610734
7 58 892298 902058
4 80 720505 723739
79 2 516662 518677
100 46 134496 135790
96 36 204251 208244
27 2 78097 80437
67 83 640352 650258
45 53 778877 785287
88 52 600775 605843
98 18 774250 781475
9 64 134492 137149
43 85 99455 103246
98 95 245764 246045
47 77 343541 351242
0 49 482302 487330
71 76 225961 227921
25 94 419710 425998
91 82 497175 502523
79 87 285572 292405
35 16 285310 293582
85 75 372328 382239
22 4 704218 713331
45 30 635857 642867
17 85 280232 287660
36 80 359160 362512
40 23 442338 442865
87 57 442590 443749
70 73 28831 30342
19 59 898591 904736
68 1 649597 651390
31 48 445459 448983
74 56 318096 327805
8 48 426262 435130
89 81 414688 423772
97 14 414512 420309
45 11 319534 324705
4 13 495239 500700
96 73 629447 630364
3 74 160507 164696
11 97 908873 909584
4 38 908050 912745
65 70 340542 344799
58 15 95830 104867
87 50 267567 271806
12 50 630458 637036
89 43 554154 557779
32 77 434026 442251
22 12 135965 141827
64 54 902895 909315
76 35 213748 216061
11 54 385767 394346
32 80 51315 58002
5 32 165686 174647
99 24 310941 317106
14 32 269441 273388
14 83 400400 402505
55 19 9520 13817
15 20 538061 540408
78 84 764296 770585
38 49 673764 676450
61 94 746834 748964
20 49 525827 528028
13 0 436799 443614
99 19 388119 389947
37 73 822487 823835
54 22 897336 899445
39 70 241040 249816
43 12 496490 498798
63 21 71656 75829
67 31 839728 846544
34 59 996635 1004574
57 4 59586 67911
64 14 856108 857308
61 50 753842 761245
99 80 387328 393535
96 63 847018 850527
5 7 696926 697413
35 32 422603 428515
93 61 2432 6093
11 82 635682 645034
73 99 221289 230112
12 69 118099 127298
14 99 424681 431571
41 16 897464 905379
65 75 446867 447956
64 79 507727 510446
7 49 632852 633760
46 79 806206 808577
88 57 466928 469794
18 10 722981 729859
63 75 915527 915927
16 39 649296 651707
34 98 20900 27898
50 92 501071 502882
2 29 990062 999038
42 26 518211 523046
98 47 914125 918343
92 43 693602 695824
72 40 768545 769128
65 20 701033 706220
24 15 715601 723645
49 22 883826 892300
32 60 905863 913071
57 95 872414 881819
78 101 221717 229019
82 7 490047 494101
69 32 242136 247594
68 62 737643 739122
27 61 140656 143060
44 83 260771 261706
63 64 429247 438568
40 80 382263 390363
34 96 579219 581394
8 99 255431 262591
96 21 687701 695257
62 18 798658 807449
93 91 99492 104120
5 29 990082 991580
84 42 472885 482457
81 51 492922 500603
69 73 109002 110331
96 56 242511 247943
6 90 576038 584171
5 26 923996 932450
9 45 868518 875503
87 68 412635 419152
66 9 346763 354030
101 11 808947 812653
101 46 626176 629091
16 96 559123 565943
73 47 278271 282906
44 0 348134 354029
41 78 52473 61300
55 100 187832 192744
60 94 199435 207359
23 49 760030 764465
82 81 394739 404370
28 80 162407 165174
50 72 991653 999546
18 60 829036 836341
61 88 551815 557210
7 85 219948 226964
39 74 173223 176900
12 2 440634 448916
61 64 858383 860419
89 42 283176 291823
101 78 450090 451116
62 40 427286 433783
39 26 379936 380429
30 58 177836 185681
71 21 974824 980287
19 34 142325 149505
15 57 494913 497774
15 59 674504 677893
89 3 166895 174335
68 98 662767 672688
99 61 132363 132504
64 45 832863 833358
77 83 745554 755224
27 69 936362 945955
97 63 768040 776660
92 66 988786 998738
8 89 244445 251722
29 83 622205 626088
28 44 225730 228668
71 36 375771 382616
22 50 710127 712071
32 0 39199 47866
87 74 242594 248276
57 24 348995 356409
74 49 826455 833662
59 7 550609 551418
41 59 554575 564387
71 54 353564 355295
65 28 431538 436701
0 63 186910 196582
77 76 878118 884082
50 62 451493 459101
27 76 750519 760311
40 10 509378 513963
18 36 254033 259833
96 3 573114 575731
6 78 475588 482544
19 91 62621 67934
17 37 393884 403461
89 94 882826 890145
43 97 209837 210965
39 67 422442 430296
83 2 166319 174530
86 69 25383 30857
3 62 763875 767017
1 89 48690 53230
23 20 321065 324096
37 8 397086 400719
50 58 339103 346086
93 62 725740 727531
18 46 284937 287659
67 20 930242 932107
31 76 289335 297795
39 77 414608 422873
9 54 815389 824694
70 27 141052 141599
1 95 74205 81483
48 22 720203 726680
74 15 682411 683448
52 37 910271 910550
22 45 206966 209120
91 48 359052 360329
92 34 537443 547221
90 95 547677 556358
6 49 465156 472871
17 63 640799 641147
69 97 214108 223676
63 9 373814 382684
20 67 877570 878230
86 88 21252 29424
38 64 856159 866045
100 42 219034 220915
58 53 265652 273906
11 8 543117 549012
3 90 712975 714439
89 70 521742 528041
82 48 571577 579861
92 32 112332 115948
34 20 165000 167561
64 89 191462 197281
80 48 221081 226609
19 77 451992 461422
23 16 284363 289344
5 36 819919 820313
25 17 305810 311211
99 54 553416 554718
53 1 328090 330747
51 48 176359 179144
20 35 286525 287884
88 25 464507 466735
73 37 92930 100695
72 8 488699 490719
73 16 757555 764119
57 31 650913 652239
12 74 530568 534713
17 57 919962 929859
47 33 924291 924856
88 83 48978 56414
3 95 623573 626153
34 50 724645 724833
61 91 680902 685218
9 97 870401 872509
41 91 563480 567268
68 42 834265 838419
28 90 177100 178194
12 9 822884 823519
90 77 788669 791348
42 78 382348 389308
45 60 374565 383321
49 70 968414 971139
36 38 527272 533981
25 88 555763 559363
52 19 526367 535138
19 40 229242 233437
52 39 522311 531156
3 33 304066 306892
41 74 946780 955237
64 100 504941 509742
18 39 855524 856528
28 35 886057 893785
86 52 574619 578843
61 61 412044 417153
10 36 889379 897170
69 80 789956 791782
10 81 90158 93120
22 63 311409 317393
80 24 711118 716367
14 13 899144 907509
18 12 454809 459457
65 58 598731 601289
48 44 629470 636977
12 91 539853 547861
61 4 426607 436062
81 19 508811 510094
32 78 10934 18231
79 43 806472 814281
5 40 115850 121915
15 79 628917 633322
84 36 123577 126365
46 93 188068 188673
87 24 506960 509293
34 81 647564 654878
11 89 353326 357629
20 54 371986 376460
19 95 654045 661727
8 31 398731 398820
64 88 336495 342380
47 34 618209 621161
42 81 884575 885298
78 55 981908 984463
86 26 793146 798691
85 19 204133 208065
6 51 969423 974126
93 2 858151 859010
29 86 244474 251774
84 69 572922 582433
17 54 899080 902699
32 85 677958 686308
57 21 43055 48550
44 24 323943 331372
69 36 278196 280743
45 64 333038 336293
69 6 344086 345898
75 68 563837 570790
30 56 601177 608462
44 51 384382 384444
50 39 721872 726720
71 20 869541 870163
85 55 587282 589912
78 85 95034 101997
75 33 850372 858234
28 69 443263 451804
69 13 155783 160220
57 87 611185 620637
76 43 835273 840863
31 19 925291 933977
71 99 7350 16775
84 19 540451 547552
41 64 284004 290253
38 54 940708 946827
96 49 778287 779623
14 98 559060 563750
35 94 481000 484209
82 79 126787 129948
24 16 402430 402837
40 50 863825 865465
76 6 813108 817665
45 39 61699 64930
62 10 432896 436913
1 23 297744 303273
14 33 627120 632620
45 3 800603 803475
61 101 479122 488847
60 96 436281 441235
96 101 589053 592311
94 20 30876 32870
46 20 394892 403396
28 26 769140 769271
45 78 207369 209503
16 16 949704 955467
57 45 506802 515761
85 56 86936 95084
53 92 428782 432508
10 20 273398 282088
46 7 105275 106103
38 35 980967 989472
23 99 614664 622131
49 71 766025 773655
58 89 651869 659360
32 7 165917 174556
49 37 476848 479751
90 19 410045 410824
75 24 56132 57635
97 93 599389 600564
29 12 144575 151415
50 76 195646 197999
93 15 468011 476790
48 28 587085 592701
6 25 159781 161959
47 42 846372 854761
56 58 186291 193373
8 19 572803 581526
60 80 828422 831339
22 6 932781 934337
14 39 112203 118877
42 49 143823 149246
14 12 490687 491306
64 31 29093 32474
94 42 873701 873992
78 40 630140 636485
100 47 986280 988968
6 59 106320 109996
70 81 477214 479654
22 56 850372 857797
87 15 28089 32445
69 85 206643 209953
13 50 552277 562222
18 48 976382 979320
52 3 435523 437833
80 69 302673 306744
49 92 511180 520755
52 76 80023 84914
34 29 631222 638210
28 16 226170 227815
23 67 236896 242248
8 68 415745 417642
91 51 819569 829248
5 12 225643 233007
68 25 428984 436957
22 27 418811 422493
39 21 21381 24276
82 44 486170 495510
69 19 47856 55068
76 65 208818 217765
40 70 370405 379304
18 49 791755 799707
58 77 872580 881980
91 25 564746 571067
5 4 876698 878824
17 56 15483 22147
74 38 294833 301606
45 56 547952 551022
80 41 380271 385376
83 83 11251 18105
55 69 435586 442938
100 48 771092 772421
32 8 971122 975777
32 54 999433 999917
34 63 402066 406503
63 81 665931 672478
97 70 571668 581180
82 59 688042 692925
9 80 151017 155292
41 25 367387 368057
42 8 285291 285539
35 63 499014 506867
95 50 149360 156479
26 96 707936 716347
61 10 4809 12413
86 95 267635 270916
66 16 658205 658850
29 32 80250 84179
22 76 566408 569241
90 98 672178 678508
33 87 874753 879412
81 86 101281 105406
29 71 245602 251008
57 26 817942 822377
73 81 801701 805588
46 38 767264 772032
47 30 372955 382460
11 60 721641 728502
0 3 668951 674762
24 60 855866 859171
57 63 251231 259664
37 26 141488 141719
27 3 778202 787751
95 43 500744 508809
79 47 520706 527493
96 47 695166 704017
83 64 485575 494660
96 90 631853 632034
54 40 565110 568002
36 70 383017 387132
80 100 993426 997525
78 56 763493 773275
41 15 354142 360056
63 86 55940 65022
2 14 83971 93652
54 72 879015 887447
77 14 807266 813376
40 59 44381 54023
53 74 54716 58183
47 95 711664 711872
0 55 164282 172892
13 39 585949 595237
48 1 564283 566485
35 59 938354 944760
59 60 17635 24303
50 68 555833 565094
9 90 892497 893228
37 22 233684 241527
4 73 457009 460874
11 45 248351 250472
16 35 711844 717909
92 63 52597 56618
79 65 724598 725664
21 56 384613 392549
2 73 928288 931826
5 50 641560 645222
75 91 292158 296321
17 101 476343 482770
19 57 760077 762164
4 8 605149 613343
83 42 138114 142892
56 55 875242 877821
7 19 434733 439827
47 28 824475 830643
23 61 832551 839123
68 36 592142 599391
12 62 547637 557175
21 14 758894 766045
65 81 850007 859652
43 17 887907 890731
48 76 115793 119397
23 89 709590 710173
44 16 970500 976119
60 74 877130 886109
49 98 450782 458888
78 92 910933 918933
61 36 710415 716695
19 72 241283 245371
68 85 649683 654585
31 93 444650 453518
34 83 475521 482940
23 3 41991 50165
4 92 146193 152575
58 60 790649 799034
55 49 576277 585212
65 18 811897 821173
59 37 267592 270047
63 32 339778 343796
45 80 918305 924949
91 11 594709 595404
24 28 526200 535045
43 40 327961 334211
69 12 810548 812898
28 57 249248 254820
81 48 777856 778105
93 3 712769 722623
20 87 406875 412693
90 34 282185 290556
76 71 924083 932469
62 19 156398 160629
50 14 596584 598291
44 56 453698 461004
36 86 834873 838355
20 36 894930 903953
47 11 956217 959944
47 55 832712 834185
61 27 766747 768892
37 98 217612 222953
22 78 454084 462718
30 4 343913 351998
75 17 938630 943208
1 99 604310 613030
59 4 167929 175662
4 56 755382 757474
98 86 205525 206322
4 66 580182 582274
73 82 706478 716075
79 97 477296 483022
45 26 105455 113831
62 5 858107 864771
8 61 377532 377747
28 2 127824 132214
90 2 683076 692755
6 35 702567 710088
13 70 821126 829565
16 78 364959 369048
79 88 38061 39323
27 83 919145 920580
49 83 173961 178041
53 20 199136 203914
65 15 926016 930615
17 51 978003 978670
20 100 432106 434550
32 11 171670 181114
30 95 300105 302412
23 9 773014 777650
53 47 101552 106333
54 43 362523 364325
96 25 6120 12922
43 92 124094 132604
91 32 826214 835018
77 53 217653 227059
51 28 738467 746931
41 36 623132 632788
36 99 545281 547813
43 1 879260 879484
92 99 117122 118898
71 53 96247 97124
100 98 785050 788140
82 38 473276 481993
20 4 367158 375824
15 56 214969 216010
6 72 416943 418724
26 71 542602 549591
69 50 881265 890771
16 12 443806 453602
3 61 351126 353908
59 46 105255 111881
74 55 194559 198785
9 67 660269 665278
89 44 405966 410849
36 82 737268 741249
15 46 925126 933151
7 96 751444 757419
32 94 889720 894070
7 30 574882 582755
28 24 92247 95432
70 72 431227 435024
54 42 811120 820317
92 11 403307 410967
59 12 74780 75579
4 67 766303 774720
81 54 203023 204247
87 7 495928 503798
45 90 815884 819140
82 82 740466 743097
7 11 195931 201891
45 13 762307 764949
91 63 647263 651102
88 30 512295 519214
41 0 616981 619623
63 11 263801 272613
74 33 71149 80468
88 75 225528 228529
6 91 835139 836695
69 67 424798 427986
68 45 116267 123072
86 42 471600 473500
24 32 272282 277487
55 84 566353 566941
84 32 462297 470545
41 32 947398 952525
31 26 256860 257067
101 82 671772 681485
77 24 620856 627626
75 57 210552 216185
46 25 326882 330199
29 25 205240 207288
24 6 361214 367329
48 8 156593 158379
3 32 207727 209236
29 3 584371 588141
69 49 829127 838547
36 49 592654 597943
79 94 44997 47183
70 74 718607 725044
35 92 30018 39931
97 7 397112 403381
8 37 791708 800160
32 71 264201 271865
67 64 779080 787008
6 58 59800 66033
9 94 276240 285190
63 24 980044 988056
73 78 330970 339845
53 17 800438 802097
57 22 634348 634706
9 70 514229 520312
49 62 14461 18307
12 25 110663 112950
86 56 614264 620466
73 64 320274 325537
51 38 807462 815565
36 90 851322 851670
67 51 119669 127412
57 9 461511 469702
90 67 673109 679502
26 83 306868 314206
78 0 481536 490999
34 10 476200 480633
81 76 484182 485030
17 8 218019 218603
77 99 709982 712928
38 28 914216 922792
60 21 774722 782654
81 26 787713 791402
71 34 623840 630007
79 24 500362 506476
66 95 359809 359955
85 65 149672 159018
18 77 819914 825230
88 47 246440 251710
62 75 570063 575617
63 88 285025 286282
38 4 378997 384242
16 27 384505 386852
24 66 424046 425779
72 37 700127 701373
16 59 98631 104488
24 8 490262 499030
23 94 242594 244614
56 33 567078 569007
9 99 459294 467229
19 5 715332 723589
39 49 426358 430456
34 52 970627 979647
84 85 607583 614059
35 40 366247 374826
34 80 726174 732150
9 38 434148 434580
40 77 528169 534975
9 68 286541 287824
41 87 947896 950171
12 30 301050 308422
46 68 192613 195019
59 79 106543 113587
98 29 675920 676538
12 90 340790 348740
44 96 304047 306813
45 22 435645 435852
25 31 34057 35735
47 20 609844 618288
5 61 878211 884014
72 84 169308 171781
91 1 425058 433213
84 17 968680 969171
12 34 921927 922844
79 49 432760 437173
1 63 50055 53509
27 27 649089 652096
59 10 358463 363008
36 1 587539 588876
72 81 449770 454625
17 34 278486 279841
93 100 206475 209247
71 27 378797 388750
101 80 20837 30664
42 80 923108 930264
48 14 883063 890678
90 55 197781 203033
95 38 995813 1005002
4 63 986801 993353
101 18 779824 784015
50 49 698545 698716
50 69 703269 709499
73 5 553901 556521
94 25 188140 194290
82 88 281504 285260
59 65 10700 14640
15 10 398580 406323
26 52 236142 245914
16 67 803850 811255
74 40 538604 547425
12 71 252158 257711
50 78 668842 674091
97 22 266196 270883
40 87 763483 766519
56 24 859389 862933
8 67 445662 455331
10 98 551107 553499
82 71 650849 656347
51 96 493551 495340
50 1 715995 720037
78 79 435969 438927
88 26 135295 144137
54 29 593003 596563
87 82 553410 560344
23 97 732053 737230
60 28 635710 643783
49 43 542535 550000
69 37 405194 405928
100 78 940612 943397
84 68 3426 4439
18 26 346198 353372
64 58 645529 655172
42 28 631759 636534
66 48 258421 259119
53 68 865628 869498
46 6 929658 934540
46 80 77608 82512
63 84 936575 943106
50 89 677753 684943
101 51 608145 616717
94 29 709467 716754
11 88 8120 14554
57 11 976254 983849
100 76 353446 353666
95 30 756479 760225
52 9 702897 706999
22 19 129681 139250
56 99 913861 915184
69 39 784274 788723
43 87 134079 135537
8 21 759317 759965
2 66 93458 93929
83 26 527087 536461
8 51 504148 513079
42 56 467553 474714
80 18 223417 223624
77 101 945570 954063
101 34 332286 339488
69 43 561236 569776
22 77 503711 512966
44 36 847859 850303
40 15 56225 63219
75 5 150540 152467
79 46 881464 890665
