12 737
66 43 763783 769780
18 2 624786 632243
49 100 122621 123002
87 73 979633 986461
46 10 477358 483182
69 65 177555 183377
68 79 664675 665584
52 49 110244 117011
38 83 97124 99173
66 5 474198 478606
58 93 628518 630089
21 37 224145 233897
90 14 95414 97099
73 3 848057 848194
51 46 88199 92024
93 40 115488 124691
80 88 954487 957612
5 18 690471 696813
15 81 179322 187608
58 42 810501 818990
30 73 572030 581108
94 82 699161 704614
50 62 867799 873147
61 13 854263 862385
97 55 691451 696352
71 96 538226 544296
64 9 905081 908473
8 68 712657 712984
16 75 296810 301667
11 29 795278 801667
2 31 207007 216200
71 30 766558 776422
69 70 198344 201397
100 38 793269 797267
83 1 979829 983715
36 25 414661 418606
68 44 447021 454503
16 3 700434 709786
78 84 507566 512714
63 58 16604 20969
67 60 507007 508681
42 41 550389 553018
44 90 945352 947873
71 78 701473 711048
80 71 871385 874701
47 87 926625 934931
88 77 991225 1000212
65 59 635724 640779
8 34 655372 661029
95 90 913848 921897
56 64 163610 171777
63 99 687414 689087
12 66 420322 428078
53 41 525214 534932
72 19 842959 851377
17 67 34884 42097
71 8 373535 375756
63 20 64051 67708
47 26 435108 437300
49 9 958442 967666
79 21 766546 770787
37 69 120501 128223
41 97 118745 127731
97 22 540419 542613
82 46 216864 225860
57 23 318862 327123
53 34 396290 396487
31 84 63449 64558
57 97 929824 931009
83 44 473720 477785
44 91 398444 405631
31 88 99494 109015
57 28 855572 855915
31 55 277253 281609
75 89 713693 721060
78 89 451325 459374
74 36 31250 32246
81 1 616029 620164
70 96 102805 104268
18 31 490176 492074
9 74 386467 388807
72 92 889340 898888
6 33 617964 625924
19 85 244264 252278
45 66 676424 683878
88 15 645011 647032
101 92 311179 321159
74 87 114077 116913
52 40 985038 993219
0 82 902093 902327
92 30 191335 197196
38 96 537657 547558
47 18 634001 638260
50 53 138036 138528
6 24 987532 994467
81 34 182672 192608
12 49 689046 691009
5 92 847323 853635
53 100 704840 707494
63 79 46475 54728
50 18 956805 965557
11 75 749936 751761
80 48 779054 784050
13 2 768020 777337
21 43 923881 931332
94 46 966695 971760
96 93 165124 170408
73 12 830355 834836
55 66 741565 745173
6 62 630147 630442
87 90 704363 710733
100 24 13031 22000
43 39 381756 389592
70 98 198028 201683
41 64 692169 693712
62 100 204654 213368
10 29 294483 301522
52 2 893928 899948
90 92 677010 680172
56 89 168802 177968
34 30 931280 935549
75 34 536298 537278
23 48 801920 802799
48 60 150017 154121
77 41 833705 838164
16 17 448324 454446
85 82 102918 106535
38 89 643476 649353
83 21 512231 519183
31 59 976063 980578
98 30 338061 341325
53 78 49217 51299
54 100 415271 421102
69 87 809243 818884
40 8 775626 777246
24 56 145574 147811
56 8 8119 15810
20 67 797223 800867
19 35 909397 914081
27 26 746244 750426
82 18 831870 837249
98 7 638406 642776
42 34 208750 218159
23 81 613250 614549
25 78 404379 413397
40 37 966050 972632
52 97 797766 807359
1 79 435234 441363
19 22 903341 904832
15 10 359542 363109
56 0 251883 260171
10 100 242767 244403
23 49 339174 342533
16 98 280353 289779
96 98 788427 798391
94 47 759880 766586
83 70 882191 888295
30 0 285016 288034
93 61 968433 971670
90 53 32334 34109
37 3 490226 491504
77 23 645310 647755
58 76 555759 561291
37 83 728308 733514
65 68 171325 173733
96 69 890402 896529
17 1 837881 839861
29 57 320865 325583
64 38 100369 100620
4 39 162472 163688
78 22 326986 333977
93 21 337363 337829
1 42 176442 181163
12 38 931773 939917
20 21 190937 194694
42 52 76064 77583
6 29 322100 330429
56 51 317492 327210
81 47 874707 875061
87 49 545460 548132
35 101 936377 936711
29 46 282623 285271
39 62 108601 118304
33 0 988329 992901
47 88 858383 863885
19 21 180576 185463
6 50 518282 521915
77 90 323654 323809
35 33 823227 823825
30 26 81900 90803
29 28 39447 43053
76 16 338917 344814
6 46 711693 712421
93 31 982468 982654
83 99 66556 75917
47 5 113291 119536
82 9 496198 502057
63 43 139535 147353
33 89 957205 965900
43 14 762379 767821
48 53 669660 671689
52 42 479519 485806
57 5 916999 920180
82 91 439532 440230
72 58 170071 170580
41 46 631834 641128
8 10 164494 174305
99 81 826720 834455
84 70 990322 991302
59 93 807168 814469
70 61 585769 588807
77 86 603338 606497
48 69 329641 333608
18 10 764152 768183
43 69 431820 435407
26 58 440041 443325
38 52 601291 603210
30 46 50945 54292
49 54 539238 547189
18 82 745714 745933
46 1 734971 741530
29 94 139829 145522
15 101 283372 286393
57 41 833211 840696
43 66 616808 624496
80 16 91002 95766
42 60 382006 383770
75 40 990478 997196
5 5 553485 558039
16 78 976079 985366
63 16 449028 458863
19 95 677075 683129
91 42 58182 66724
49 92 519668 528790
13 86 973302 979941
17 69 223645 223726
45 1 942181 947348
56 85 655534 658061
69 78 292730 295654
57 82 246508 247528
27 83 252646 252937
11 46 718777 726043
55 25 792869 796128
45 38 373655 375974
56 1 346046 349266
19 18 231838 238181
1 85 572883 577251
59 40 720720 729243
3 60 460144 467139
12 14 516937 524749
13 99 888253 895717
52 68 537430 544921
48 64 419984 426659
39 24 146744 148882
27 95 336632 339406
54 68 658716 664704
101 3 46472 54875
35 29 451004 455442
17 38 942378 950904
81 100 238652 244732
7 75 542188 550481
11 48 596980 605119
7 96 704690 713176
26 101 335802 336972
95 46 981372 988000
17 52 145150 150161
33 92 93279 96108
19 78 622874 623605
72 18 165634 172432
25 51 652139 660710
17 76 476339 480549
45 36 72719 73968
40 72 542213 546025
1 24 447004 453854
23 93 380823 386986
22 87 449392 452888
70 39 886330 888996
82 22 494733 495686
41 41 980923 985357
98 68 324240 326089
24 35 689206 690312
65 17 872823 878504
5 13 299420 300466
15 39 404356 413390
25 98 962886 963475
64 59 162676 170584
17 81 821631 822047
22 97 301227 302672
14 9 70145 79213
1 45 219390 227806
42 8 264909 273027
50 69 635065 639906
74 90 196451 198910
77 55 744071 745516
30 35 548155 549955
81 98 932371 934552
99 62 617442 619008
13 59 60879 70051
68 87 338523 343372
24 5 293357 299516
39 75 134276 141246
20 30 115864 124630
70 95 424507 429464
86 40 800955 801247
74 31 850182 853927
38 72 402184 409961
90 42 106900 115921
12 33 467894 476630
56 11 110097 111096
18 38 669795 675432
39 46 48492 57974
72 67 305421 311786
17 60 552055 555159
35 52 610385 613202
40 53 47904 49647
69 48 150530 157899
22 61 92626 102296
45 13 793420 796737
5 77 433210 436233
38 39 501748 507677
49 76 661552 664462
55 49 813571 814579
97 93 248034 254599
56 87 94123 103923
26 5 743933 746985
81 51 325317 331754
59 82 572965 579576
5 80 50712 58047
23 11 642430 648906
78 53 790982 793444
84 45 761379 770039
51 49 201599 206305
41 101 129010 137664
90 51 940765 942267
62 28 474262 482184
100 78 218948 226495
88 36 539753 544344
72 77 452242 457355
30 96 306487 308807
59 88 711644 719091
22 21 559932 561279
40 101 55640 61057
74 85 998535 1005965
85 30 823883 829811
97 41 22174 26885
56 94 492586 492881
63 54 858254 860192
13 94 38971 41273
64 100 21722 23832
85 84 763944 766805
21 40 874965 884774
76 67 905080 907480
8 19 362277 369540
79 23 807724 809107
88 27 65132 74296
67 58 47826 51315
7 86 725404 731100
54 18 341971 349883
89 29 341424 349256
13 93 875326 879516
16 8 461419 462580
36 6 244256 246160
3 98 669526 670892
90 27 203804 206691
45 23 830137 831725
97 19 438681 439144
7 95 738220 747090
29 75 983435 988261
36 77 931423 939488
14 59 732734 739596
18 55 589257 589722
6 79 100030 105838
6 45 659738 667919
64 20 489808 490564
39 57 927561 932690
3 27 884173 891285
40 60 816511 818733
69 10 100203 100948
60 30 173237 177720
49 27 832588 833017
25 46 735661 736250
71 72 268768 272583
34 6 244899 247243
56 16 85591 94604
7 21 153858 161550
67 30 397654 397678
45 62 483751 489532
36 42 805639 809862
84 57 685437 693734
34 15 13507 17216
34 72 111086 115120
1 72 132617 135320
23 9 452583 456680
44 70 108761 111719
30 25 371071 375671
99 13 525869 526163
81 64 653933 657273
21 59 16459 22036
67 75 295106 298057
40 67 829227 835824
31 54 640234 647951
32 81 954636 959493
9 53 581889 590911
1 30 541045 546980
41 8 232755 237585
72 5 24418 32878
92 91 36533 45124
51 18 748479 754082
75 58 677681 681585
76 21 565698 570588
21 75 816625 824487
42 63 447009 450247
38 49 718456 721562
64 29 321785 326092
72 13 35862 39397
97 100 911394 913441
95 100 760895 768356
69 21 332603 336597
63 56 876602 885156
87 34 221379 222082
9 78 983015 991372
1 69 468001 474076
63 63 189340 196545
15 74 914233 916185
13 13 723291 732815
70 101 629457 635921
17 35 708718 717986
5 8 633658 639588
20 73 818112 822830
92 15 746583 751424
68 9 140713 144397
14 12 8460 18128
23 39 6041 7153
7 51 851413 852004
65 2 961899 969406
77 52 980579 981878
92 79 460607 463393
78 18 358862 368214
37 65 536612 546570
41 2 986532 990263
54 86 587444 591417
20 59 830391 835463
60 56 991153 994027
14 54 805303 806749
7 7 750333 752171
8 4 196595 203601
38 22 126828 135109
1 41 835358 837027
21 84 123791 124769
20 101 628448 636472
14 88 194047 202883
33 64 818307 822788
33 31 579451 584195
23 28 577468 587001
88 74 842787 848215
75 57 922933 927839
71 20 44240 45791
58 41 307053 316838
70 43 546884 555422
75 94 369071 372355
69 9 886035 895855
87 91 751665 753435
15 27 220261 222902
41 61 104469 114330
98 77 632530 635797
59 63 794199 803895
94 54 307316 309066
62 78 837304 839847
69 67 134599 138243
84 39 31657 39156
56 82 230243 238754
11 99 997421 998936
10 41 160597 164887
95 18 760078 766901
24 87 784494 785819
18 72 185615 190418
76 62 510487 510543
66 83 746189 754975
9 85 89199 89461
44 58 862959 867148
85 17 819075 827774
51 45 68811 75340
38 95 586172 588800
3 86 869905 875781
4 13 420009 427650
90 7 775665 781918
79 100 369881 375195
90 57 407287 409012
60 60 395213 403633
3 6 242738 247668
90 95 861448 861888
31 98 432465 436191
78 5 952514 961667
52 95 408607 411783
16 60 877966 886255
101 51 604742 604955
79 101 399357 403274
31 94 726201 734420
45 22 979427 985451
87 50 488734 493905
45 8 417727 421902
101 79 520057 529612
73 35 826482 835908
87 33 659576 660250
70 62 77671 85479
1 54 775251 777206
90 34 581129 589889
94 77 707979 712373
34 93 674022 678472
14 38 287982 297889
94 18 772815 776981
57 16 831957 840546
82 73 334254 338875
77 63 309050 310939
1 46 211689 212995
9 22 356624 366428
21 70 823893 825768
14 96 752693 754688
75 46 735642 744238
42 84 160934 169098
81 22 818019 823201
27 55 208851 210870
59 45 808994 812287
51 39 364896 369737
87 77 780637 786443
97 52 504125 504517
45 32 573810 577825
18 5 991035 1000842
9 84 30560 40348
57 32 153467 157096
67 72 873422 874870
47 31 604841 609081
73 27 290817 292533
82 77 130253 132745
39 49 367230 368969
97 33 396131 399094
8 60 31308 41278
99 27 217888 225870
53 65 270640 276284
91 51 50062 54098
37 35 108262 115522
39 60 850638 856086
99 84 575192 583841
93 5 714750 724121
70 41 643216 648453
66 27 552827 559812
26 46 102403 107743
78 43 930109 936226
99 63 369246 372779
88 82 176857 186355
42 82 337036 346068
76 91 148164 152467
93 87 775974 783324
14 92 434793 437978
68 11 205962 209385
22 93 720361 723585
69 7 865273 871813
68 52 542447 545468
29 80 557804 563776
101 29 401339 404009
93 2 344434 354001
62 46 329370 330866
77 83 819119 819604
101 73 564041 569097
90 20 302299 310873
79 58 900322 909890
43 3 142930 148603
77 34 66598 68396
36 54 66380 75462
77 50 408651 414341
29 2 520015 523507
39 84 640845 648248
36 18 681521 691123
15 17 424337 427589
35 31 387151 394573
76 81 875249 878127
51 36 991204 995658
99 61 491643 500547
31 76 633509 635434
60 48 613626 623546
71 91 262429 267669
97 42 816984 819976
67 52 892522 896027
54 15 754172 763378
69 6 204460 213857
87 21 224987 229230
82 78 343796 344498
101 30 173047 182873
59 29 321222 324422
56 22 645810 647303
97 48 951389 954545
49 91 357186 358919
12 60 275636 281440
52 82 754715 759048
79 61 635441 639830
12 47 458725 463571
54 13 774005 779843
70 47 756570 761204
80 47 934430 940559
50 29 36053 45334
0 25 946743 947492
4 68 589467 593897
27 20 345351 347760
2 1 105673 111696
0 49 160760 161580
30 20 829070 832333
51 64 119603 127318
95 101 915281 916915
18 6 912262 916238
58 32 901944 909692
44 74 774708 781964
85 9 904447 908816
36 32 899441 902011
88 30 930350 939545
24 91 540262 546059
34 19 527117 533952
61 76 968681 974385
65 19 905380 913155
65 79 344094 347455
0 89 461506 470268
41 91 655030 662345
88 9 108702 114458
4 51 32773 41161
65 85 194515 204466
63 37 430356 439272
9 90 731920 732450
75 83 356936 365152
10 5 918749 919273
14 68 138525 147373
36 95 358307 360073
70 54 739090 747104
89 57 523439 527181
19 67 638387 639103
64 58 358939 364022
32 15 584347 586692
12 13 561757 563692
11 60 871765 879281
54 78 962591 964782
52 93 131063 138776
35 43 495837 500378
69 83 482823 487467
40 32 739538 742851
89 99 823666 827230
43 51 169360 175526
67 16 239844 242355
1 53 183732 190744
85 33 111674 116434
2 22 48198 56882
46 71 105706 106563
85 80 410189 416624
100 3 551126 559665
2 83 731902 732254
42 38 3285 12865
83 53 115204 119372
82 21 750379 759727
17 23 900547 906447
90 50 847714 857288
50 33 583179 589877
2 44 499352 504912
75 8 154598 159822
55 11 656071 664092
3 93 222790 231487
58 36 35771 40055
15 5 527240 530749
20 93 624917 633069
99 14 285418 290523
28 63 396399 398498
1 47 743373 746643
65 57 65132 66053
21 66 607627 616353
54 79 54844 56617
29 4 387475 390453
53 4 855992 857959
49 20 843941 845029
71 25 861940 870718
15 52 622502 627185
13 14 797217 799462
31 5 934792 944255
61 23 185529 187596
98 70 783059 790954
30 16 757906 765607
58 40 286011 293683
46 13 868174 872491
68 31 109023 110559
72 49 868258 868397
68 43 380482 380495
6 67 653954 662358
48 49 888826 893021
101 2 665649 668530
2 28 27787 36185
14 65 381043 389223
35 56 52630 56200
35 100 265940 270921
8 63 372811 382349
6 68 956993 963976
101 47 679427 685189
54 5 555972 562533
9 2 841842 845234
46 22 625788 631081
59 75 975171 979564
41 55 90706 90992
23 65 469717 472295
79 42 220372 225490
58 39 950741 952257
20 16 377983 382946
71 58 994740 998968
38 59 837906 841444
18 1 991662 994699
32 39 789727 792836
82 37 352407 359873
77 84 212433 213930
52 98 808490 810357
77 35 573877 579257
97 84 298660 300201
48 63 202791 205980
38 50 154139 159382
87 101 69225 73061
16 5 841608 842268
58 70 512269 517496
17 28 29532 37442
43 4 144211 153219
60 6 394261 394417
6 85 310135 316495
37 17 912163 917623
56 77 39487 46438
87 3 512493 519145
78 33 623379 623583
36 47 307592 317466
19 10 145277 145651
93 30 474940 483344
48 73 155810 157581
64 90 49865 53393
63 53 840848 844557
94 49 385234 387055
5 38 896235 898303
49 29 425500 428412
37 91 529639 532860
