18 1675
21 97 271216 274113
36 80 544527 544676
79 32 891817 901717
51 72 208344 214398
42 3 742958 745447
39 62 105991 114420
33 65 554513 555421
25 100 937091 938271
40 40 846647 856223
100 61 817870 827458
74 0 776215 777926
3 82 695308 701365
79 70 864386 874343
75 36 336709 346697
95 98 338124 341998
58 29 554397 556002
6 40 720803 723993
96 14 126855 132167
17 42 876609 879435
18 44 667747 671005
78 91 488569 495056
39 12 920788 930335
12 56 161454 167218
87 11 91217 97864
85 15 420612 426974
52 44 527742 535874
79 47 251951 254636
27 80 362987 370422
3 63 170837 179319
19 43 876058 882497
30 86 275469 279526
49 73 740018 745222
85 70 923864 925776
55 90 533599 536743
39 14 170962 178764
72 72 275198 280610
83 85 260126 267401
22 59 911476 916525
25 19 458353 459101
93 70 350774 353415
78 5 753194 753321
88 61 432216 434058
19 4 107630 108783
98 92 803429 811913
16 33 425902 435698
54 71 419416 428869
53 41 213983 218467
26 45 485607 492493
21 61 554072 563453
13 3 784696 785850
96 78 465991 468149
59 77 236215 239170
90 40 303319 311673
58 14 667926 677703
72 27 979784 986976
83 41 166618 168339
40 20 30440 37976
38 29 829751 838575
40 94 400284 407198
16 72 132424 133065
68 34 182930 183274
78 72 684318 687282
47 62 497120 499554
18 20 266775 274640
34 69 257480 258261
88 94 650399 654641
7 99 776912 778532
75 73 545078 554113
3 41 6358 9031
46 54 278996 279324
64 0 755937 757349
14 101 787839 792838
68 47 127475 132228
45 62 87114 89388
79 41 45407 47508
27 85 797647 806525
47 95 257143 258151
67 87 375021 378540
49 42 667057 669973
81 99 514044 520826
40 79 572256 573668
60 44 534379 539489
18 80 489091 494408
96 82 788270 793414
70 54 826733 828984
71 35 761320 771091
71 84 515728 517688
58 38 319716 329068
44 49 240777 246838
63 9 40364 41648
73 44 290610 300339
83 52 968217 975308
70 96 598188 602198
95 34 123399 125241
82 18 333422 336314
76 99 283163 291495
11 59 635650 644151
74 60 47009 54810
91 35 532492 539162
77 90 386847 393008
40 64 566534 573601
26 41 696420 705594
82 98 328875 331638
2 81 829606 830308
96 0 662496 663090
12 42 860096 862914
20 26 140721 148974
58 61 567141 571042
88 76 533619 534279
53 40 10722 15617
94 12 990885 996403
3 6 144022 146872
78 99 710844 719882
101 75 849432 850443
65 48 100609 104731
35 68 291356 299768
36 67 689357 693558
45 8 922328 927579
99 45 106369 106841
71 8 536025 539573
92 45 966491 974148
93 97 623989 633912
7 80 138670 141523
4 90 652487 658962
43 43 661060 665057
51 39 396145 403207
90 6 703637 709260
47 11 697045 706094
15 4 524074 532221
10 73 298448 301925
75 69 189746 197826
59 13 219260 228094
64 63 241828 245778
35 18 664973 667150
6 5 292297 302116
89 31 909875 911464
29 13 431741 437670
26 79 80791 84419
31 44 971575 977278
17 13 207023 216270
76 97 976426 983130
37 43 758459 765462
21 16 709493 711634
24 11 596769 605275
65 72 900484 907258
30 70 230711 234965
27 27 143531 150776
82 12 901141 906680
56 24 319041 328694
34 25 912639 915827
99 65 315527 317038
5 87 475483 478783
81 100 86866 92783
37 9 761235 761406
35 5 587828 590673
14 47 221274 222579
73 75 971803 976379
98 43 369003 376683
12 6 566849 575652
86 77 508180 512089
55 27 600237 603728
40 25 701815 711129
85 57 892302 898058
94 45 755073 755755
61 9 545249 546897
68 70 926177 934251
2 35 300315 302250
5 45 538584 546364
30 87 143043 147894
99 90 331251 337050
12 59 686053 691789
85 29 464439 468372
16 39 546865 556335
34 39 685108 687304
44 87 192040 196244
51 40 50595 52883
90 4 978559 988271
33 50 888724 896155
44 4 742029 750351
62 34 224397 225267
70 43 272467 277982
12 78 327103 336190
41 77 272602 282172
16 98 966293 967960
87 87 796265 804379
72 4 532330 536989
73 66 109915 118309
72 58 261997 268339
88 45 782989 788402
28 89 593854 596330
50 36 736410 744366
26 51 692020 693489
10 101 934954 939288
60 38 380449 389386
24 49 73082 80996
54 7 60463 64505
54 87 93940 103232
18 31 299760 303245
21 25 13016 20205
1 50 702036 710488
46 78 890332 895361
57 29 911355 918887
14 24 718474 720667
6 36 836164 844807
27 33 296671 297572
97 34 162494 162665
41 59 197912 200010
81 26 830385 833421
86 87 571251 574259
3 39 912757 916975
0 54 307727 315655
89 55 207734 211771
98 8 694182 695610
31 90 5331 13091
31 38 256784 260268
12 84 455407 462274
98 97 221563 227991
22 26 328896 330894
80 43 230589 235960
83 35 768532 772150
27 24 984859 992009
80 44 817782 825961
17 33 781600 786748
48 57 21948 26638
93 81 634151 639246
31 20 604846 608671
25 8 732635 737176
62 51 393100 398636
99 11 24558 28041
18 98 847730 854504
60 15 887778 891176
101 89 958016 961601
4 87 69802 74769
78 83 548092 556762
86 44 700642 703118
27 23 313571 323251
50 60 487962 492341
78 89 293965 299671
70 67 633457 637947
27 1 205890 215585
5 3 479501 489069
8 71 549494 552253
38 32 604262 608929
32 77 6763 9288
80 53 729828 734782
13 28 696754 701388
47 1 880295 882076
2 97 59062 68329
97 30 274325 279357
46 39 8059 14209
74 84 821466 827095
62 43 578019 585451
55 20 233208 234088
14 72 462828 465682
64 54 591403 595055
16 82 978307 983470
52 4 977057 978760
33 95 372973 377697
101 42 928635 932307
43 48 501184 503349
91 85 601991 604268
86 16 763272 768245
29 74 9879 19086
46 8 750890 755423
20 47 531673 534568
46 101 23435 30067
69 17 47721 48502
70 40 696274 696362
36 56 167463 167713
26 78 840126 849742
90 3 172187 173973
91 7 554224 561110
23 38 839442 847007
49 45 793557 800771
8 81 303742 308840
89 59 762417 762490
42 25 300109 304939
11 101 638991 646070
3 73 600474 603103
32 58 824421 831179
11 57 515721 520373
43 1 632921 642592
75 7 140018 144642
29 93 292781 294070
89 4 68716 69240
13 86 826856 829286
52 16 625357 628843
58 101 483282 492695
56 29 543465 552347
96 26 588925 588939
47 22 966413 973997
34 24 364812 365103
69 59 917314 923403
8 37 448541 456264
12 79 686726 689930
33 46 869999 875530
70 91 539681 543856
64 25 697957 698346
52 88 915329 919402
10 100 291747 295597
96 48 184537 187266
56 40 967869 970898
6 72 64952 74655
1 62 185200 190896
35 17 693137 697923
61 27 579973 585209
81 88 378422 387799
55 3 660165 669888
71 89 196076 200768
63 29 328755 330052
43 13 587138 595551
28 91 376085 380251
31 81 668040 669670
78 46 944144 951838
1 13 923609 927973
2 1 949335 949819
29 100 29780 35187
100 54 413496 422211
60 47 970345 971591
69 81 944616 952207
42 24 263844 267471
46 70 903986 907809
46 12 920062 928721
19 82 436445 443422
92 4 546767 552415
62 15 658429 667146
12 40 448370 457619
69 85 216334 218753
64 68 324067 329233
86 22 537398 546555
90 86 551629 552143
89 101 387254 389543
26 34 487535 492313
74 73 794318 795979
91 60 866755 868987
32 75 464437 471709
24 47 579647 585552
23 91 992129 992927
3 40 104346 107140
74 56 101770 109988
30 41 336279 342738
57 53 223266 231799
96 77 259808 263299
4 59 542881 550301
43 28 982865 989016
78 6 333536 343273
94 5 713065 718626
41 92 562103 564400
77 55 799114 804852
21 28 502333 505197
101 9 327602 329845
0 85 512452 519094
40 7 327603 334209
17 74 676188 680643
5 89 630357 638708
85 6 794740 796871
99 56 642116 650423
71 46 406725 410753
58 79 613461 614714
91 29 898192 900519
36 55 20024 23284
25 14 266522 276257
89 16 730532 738199
95 59 483491 491844
43 38 738349 741667
85 7 257452 263132
23 52 958682 961255
64 20 160116 168470
40 76 99333 107888
67 86 169003 171183
88 19 196418 201396
3 49 951490 953608
19 65 616045 617232
46 56 910554 920199
72 95 882564 886616
100 6 796637 802212
59 73 254297 260778
38 19 946387 950276
15 53 603553 605506
29 24 621960 628005
50 91 601188 609193
87 8 302376 308593
45 99 201601 209344
63 61 350040 356178
54 35 201970 207749
16 67 725532 729101
47 73 619208 621428
41 52 832514 840330
97 33 153992 162562
66 53 358594 366677
84 95 378474 388448
15 41 847971 853645
4 8 784024 793444
61 69 819538 825944
82 81 249837 259718
64 57 621419 627476
69 101 541857 550683
78 49 580410 588470
69 18 514711 523326
31 5 66483 70248
68 29 128068 132169
84 56 16442 22665
31 43 355640 358927
100 3 790013 798172
67 26 875926 882274
20 101 888052 888681
67 100 982369 984302
87 93 404012 404525
44 90 254601 262310
24 14 991931 996000
73 73 695210 704965
51 97 30081 39178
49 63 881459 886409
26 28 276752 279885
61 51 180681 184759
13 53 967037 967285
7 20 468863 473374
12 75 193741 200306
86 36 19932 27354
10 6 118623 118994
32 13 874059 883395
27 87 338335 339481
75 68 401284 407626
32 86 950329 953610
5 39 472751 473755
92 95 193273 194579
83 67 855346 861234
38 97 606600 609036
42 20 664373 673066
36 72 441616 449062
12 25 319968 327691
32 63 247022 256772
40 57 834537 838627
38 93 11364 20577
92 49 919374 923643
29 61 454117 462446
30 46 64733 73376
1 65 778429 780093
23 100 692353 700510
20 71 78758 86153
69 14 816718 825869
6 75 582269 591856
40 58 201802 204574
21 32 816626 820691
85 100 207749 213344
94 73 823253 827688
29 94 41860 43394
98 9 804624 814281
66 7 964805 969493
100 8 653393 662098
31 24 503262 503316
42 83 842175 846363
47 74 586135 592636
1 73 749925 753791
15 22 987758 991123
21 3 101249 107966
4 53 454154 455126
56 16 368074 374026
95 78 153043 153486
2 95 732220 733699
65 82 617488 626106
42 47 146502 148336
44 59 733243 734127
4 75 661783 671715
28 36 86365 90083
54 20 917069 920475
30 8 299493 301702
64 37 625344 627365
50 21 180887 190217
50 89 170016 179497
2 26 430438 434002
87 17 151316 155894
100 70 50986 53818
16 26 708348 710596
8 68 379299 381774
11 39 680456 687848
63 82 38195 47542
52 5 606350 612083
5 27 855440 860901
20 48 330011 333495
72 60 340429 342394
7 15 263439 269934
37 37 365886 375229
24 60 899867 905814
72 20 986917 992484
101 34 289606 290091
33 4 856083 862696
100 84 325349 333058
48 101 947531 949377
15 57 95383 105034
88 99 864657 865742
59 32 379801 389631
101 98 694446 696557
49 11 806621 816006
65 37 338999 348705
54 85 763847 765839
16 96 31463 40642
6 59 179186 188834
63 96 51512 56750
47 101 890112 897727
27 47 853084 862675
83 54 984701 986603
52 56 300157 309866
0 47 357702 365042
29 43 963895 973215
23 45 251261 251782
81 25 766038 767084
35 38 42073 43467
52 52 51331 60415
91 66 887818 893322
61 4 275948 285331
9 66 511790 512399
7 42 952328 956791
99 98 565567 566666
77 7 720119 725573
83 97 801502 805805
29 96 173123 176901
89 50 425316 430884
66 43 612894 614875
1 72 367585 370792
89 17 193186 202060
38 8 131262 138610
33 60 337274 341682
57 27 447406 452626
67 73 368908 376983
45 88 248273 249404
62 35 526003 534213
15 9 967404 968564
43 49 53316 57933
53 3 998072 1004339
14 85 971788 975462
84 64 348557 355737
72 47 607628 617300
57 90 92903 93019
71 32 411893 414127
0 70 690815 693182
21 23 290969 298771
93 57 770350 775937
75 101 898678 900131
55 17 497435 499451
56 69 423211 430499
52 6 970241 973536
29 1 106950 110700
53 13 711157 717208
56 10 18114 23784
66 44 652611 660976
68 86 875969 884942
79 50 354300 360359
61 100 183757 189595
12 50 961404 966103
58 35 284841 289517
90 89 403190 412813
15 97 788650 795310
56 23 710022 712495
47 10 146854 149963
32 51 452576 460354
69 37 828681 829494
86 2 488539 494154
87 40 507489 507907
35 91 355275 362311
90 97 719891 726459
34 23 834149 838273
33 90 281857 283911
89 66 135530 138014
84 88 853332 855845
83 14 689116 691390
100 96 304233 304453
98 73 880193 885729
31 2 111901 114996
68 27 925829 927320
8 10 794188 803616
95 77 429557 431571
95 45 688927 692227
93 7 452178 460322
91 80 107980 115771
83 31 430777 434686
70 46 587596 595323
33 15 991269 991655
41 33 339267 341841
59 95 516043 522298
27 91 750581 751580
94 34 871843 872673
10 90 803106 803229
71 56 92582 93217
11 34 222578 226657
91 70 895191 902550
64 44 663608 669837
45 48 498652 505176
36 96 455673 461751
69 22 378980 383588
73 69 283827 289140
0 1 603360 604424
3 18 735012 742091
24 86 301180 304444
50 11 452597 459263
24 50 461364 469511
29 75 709719 716082
20 35 907030 907297
11 66 571185 573018
8 5 675676 679699
47 72 522935 531865
76 21 258714 267413
19 57 235101 238697
45 58 502092 508332
29 83 958489 968480
68 78 561608 568135
9 72 599032 604551
41 82 827224 837110
22 42 572729 575023
9 48 715471 720555
12 70 801237 804472
1 67 225996 228668
99 22 937 3868
31 45 679718 685150
98 101 751355 754481
44 18 30510 36382
88 0 726005 732411
91 93 896678 903647
55 50 349821 353301
13 4 201801 202658
16 32 446272 452706
48 86 230921 237279
10 51 197148 198572
48 6 40163 48014
5 20 644056 651805
49 67 256790 262932
69 34 764350 772163
75 27 531912 539237
9 69 661032 663929
14 19 329499 329913
59 39 525609 529056
26 99 35683 41744
4 99 244988 250060
17 85 800261 802688
45 77 538139 539910
19 5 964916 965170
9 79 144654 149747
57 19 920104 928190
60 16 966382 969011
16 12 670367 672498
4 73 705082 710956
75 64 681634 691074
18 36 935288 940331
51 22 679078 686389
22 69 107270 109921
12 31 211659 218247
0 59 856466 858509
81 38 537462 546629
88 100 191694 196468
20 30 339726 344545
43 66 319763 326332
41 74 356560 361988
89 20 666255 672102
71 20 535990 543305
45 45 726150 727971
35 83 536088 540403
62 101 833294 834285
75 67 190266 192697
86 72 308627 309600
41 67 273961 279793
37 48 532433 537786
22 41 544095 545875
81 90 226880 232436
97 14 347217 351313
58 54 446523 451181
81 27 932946 940239
82 25 219631 220885
77 26 396477 400759
23 57 773301 781072
33 30 140903 142042
15 75 158888 163798
28 1 344463 349962
83 28 423059 424892
51 77 688537 697924
11 74 30090 38303
33 97 343015 346991
61 101 652850 662815
36 23 183892 190441
3 78 361818 364124
68 14 196434 197987
79 9 719870 720247
101 64 669422 670650
93 2 400298 408071
95 79 221015 225764
98 23 653018 661910
3 48 136956 138100
68 99 88324 92938
72 101 899277 904249
33 92 994644 1004313
42 21 138652 143091
36 68 762418 764123
27 83 755114 756139
45 90 396285 405197
5 41 604607 611049
25 33 208937 214052
34 32 75755 78041
91 84 203803 208368
8 72 507261 512393
34 92 144346 153621
76 32 942268 951886
61 29 137324 139733
67 52 552289 552515
101 96 980844 986369
92 31 81318 90954
69 9 870494 875617
89 60 235242 241577
24 46 203762 206181
72 98 588494 590483
71 42 169220 178516
84 14 889132 896120
96 28 984457 986323
93 37 122083 122648
36 76 45311 46114
84 81 589720 590780
64 92 231824 239501
60 2 161745 170472
49 39 368687 370265
10 22 904437 907459
97 80 690820 693080
0 98 544867 550814
88 5 880850 884025
4 95 963513 969323
84 37 35368 39979
51 61 37880 42629
24 94 708737 711748
53 52 47538 56918
76 95 367449 374561
63 66 126224 133875
93 28 89129 90235
82 39 610243 619078
80 58 166298 168441
20 49 983188 986328
45 76 836279 842949
88 22 814434 815162
90 45 293406 295288
4 42 937562 937714
76 62 544739 547093
1 99 769675 779139
96 11 249102 253167
100 31 271737 276454
66 94 531493 532183
76 65 304942 306156
66 45 61497 64186
82 46 839599 848382
17 90 521713 530266
59 27 906 3930
12 95 552363 561709
61 10 351976 357588
49 96 406135 406700
42 74 971082 977701
21 26 349620 349896
31 73 199433 206535
28 14 500314 506151
83 45 838759 843368
48 54 864216 872875
13 25 43857 51000
4 41 344775 345625
13 75 810886 814967
84 46 486410 492323
10 92 301257 302427
75 92 595890 604813
34 6 541767 545420
96 20 418429 419244
100 23 609875 618479
80 15 871970 876867
11 20 443975 451481
44 33 887700 896364
41 76 495970 500219
16 59 272919 274241
45 50 747004 753111
50 31 227624 232017
60 36 244702 250337
92 32 495979 500926
51 85 446735 451466
44 72 873376 873799
52 75 495557 496217
61 36 19243 22028
68 64 699317 704882
2 12 831544 835143
52 7 309039 314928
10 24 296575 300688
95 43 689886 694409
46 30 152855 152889
36 65 57456 59595
55 60 723841 733145
7 53 388713 392465
29 53 444927 449111
13 56 196307 200631
14 77 497853 505304
39 56 242611 246782
43 79 435631 437816
33 19 772826 774232
4 9 653996 662574
0 100 635508 639824
18 96 213075 220976
83 73 670283 678160
31 8 678275 683454
62 71 187076 187989
83 93 370762 377780
81 3 188449 195601
45 11 519169 525976
50 25 2413 3141
35 46 126415 134981
69 58 918267 925794
46 95 571781 579710
93 0 604273 613738
68 1 733444 740265
86 20 601719 607407
43 74 306538 309297
67 37 354581 362438
77 12 381555 383738
85 5 956300 957628
23 72 560084 563516
9 11 279911 285679
32 90 739625 744184
61 58 367315 371457
42 33 302208 302253
1 25 191615 201386
49 26 95989 100634
16 87 328348 335942
35 27 591209 598709
38 36 647808 655697
63 19 781938 782881
26 59 731905 739934
86 79 386809 395239
92 90 401344 409810
13 79 489933 490274
83 11 690282 693060
36 91 721172 729129
65 53 240886 248961
41 37 781818 784595
70 12 712316 717303
74 19 218232 226863
53 100 574606 583627
84 36 344215 351630
38 9 542729 547170
33 82 359778 361269
8 44 269320 274538
67 83 859549 865650
1 14 577473 584780
59 83 291778 297629
91 58 115154 117669
65 3 885876 895057
36 34 762342 771955
17 6 621461 625732
49 27 458346 462504
28 52 223983 230857
45 46 966359 972783
3 76 310750 312502
51 15 451850 456253
28 97 493585 496071
76 69 405904 413105
38 15 671648 681200
14 81 520724 527756
20 61 186799 191862
84 32 351440 353373
94 51 739157 742134
47 54 731365 736954
55 89 667441 671029
33 66 305932 308484
39 59 589819 589952
13 13 535380 537416
83 56 693467 701946
23 24 529267 529646
46 68 654531 662861
81 51 573214 574629
5 36 594066 598979
100 89 256593 260588
100 9 35128 40543
3 1 287175 291538
87 12 792002 801407
44 100 76614 80981
54 97 758190 765618
28 22 989604 990536
43 59 517636 521930
85 22 460855 463530
29 28 344991 351550
64 78 33670 40797
94 4 756628 760637
45 2 139189 141813
7 40 909291 916350
97 70 311619 313973
67 2 503607 504557
83 98 970190 978266
38 91 958083 967486
67 10 2963 3305
46 43 188271 197681
46 14 678449 678520
64 62 551235 559434
46 88 979756 986879
54 81 16792 21548
50 17 352531 361514
89 100 824855 831406
35 51 166395 168951
99 85 967360 969308
26 16 165648 169747
97 60 469208 473199
61 71 364485 367924
44 58 394712 400282
96 73 464189 466518
60 82 895161 903969
35 95 268763 269669
15 39 741165 749329
64 76 425280 430726
39 70 365401 368245
52 1 973104 979988
76 74 23864 32214
52 87 232468 241141
4 45 812624 817582
12 73 755210 756591
85 76 660377 665428
38 44 484063 486653
23 0 548430 557974
79 35 855052 862357
99 19 542 7484
60 90 806891 813558
62 19 569760 572213
8 49 913506 917450
70 1 367848 370986
8 95 112182 121079
43 32 330899 331858
55 61 103307 111654
38 89 442318 448105
20 99 882778 891926
26 89 299301 309192
38 78 240068 240454
73 36 348445 351174
59 88 904528 912197
41 19 73653 82564
77 18 20078 29892
43 6 961491 961859
45 73 215516 220996
65 29 765466 770667
69 43 656351 663674
27 12 882870 889582
32 64 32829 33596
2 49 678197 687322
94 99 26274 35916
65 49 666042 666854
47 9 459615 462185
65 28 46539 51064
35 90 79546 86847
94 44 562980 566394
25 10 69441 72990
11 28 634164 636170
15 70 52713 56463
63 76 993886 995358
64 38 175577 180984
59 17 81711 83868
43 30 161793 166530
30 40 222722 223352
42 43 278559 278593
43 29 402018 404048
90 28 45129 49733
13 6 910987 918417
27 4 727060 732708
46 71 479761 484912
75 98 754076 762054
76 59 26847 29798
25 41 358908 365793
99 89 190850 198047
42 52 794760 799769
67 67 717330 719748
81 46 487145 494474
8 94 524006 531332
55 65 503114 508216
69 91 393689 394493
81 50 915240 919319
94 60 117375 124813
61 66 695148 704049
68 50 669737 671283
79 43 450255 453360
21 4 745315 750599
24 33 515476 519902
83 21 234332 238510
22 88 768552 772659
100 59 121181 127423
56 1 963433 967049
46 98 745573 751076
62 12 18111 26349
4 64 989523 991605
4 5 533199 541407
7 57 735702 743066
39 98 292673 294639
30 60 47365 47936
57 11 499104 500343
4 10 835078 836061
50 75 567570 574861
77 22 192154 201793
69 65 472709 478212
98 78 932706 933018
84 61 181368 182740
48 43 812946 813379
41 65 471068 477591
61 76 942778 946738
18 38 549405 558103
42 1 825124 825486
4 24 931227 932488
46 82 135521 142572
27 58 692095 697449
54 15 827307 832412
61 2 877843 882363
9 80 478992 481693
95 20 407609 415595
89 94 610455 616204
39 9 661972 669648
80 79 836101 838505
46 90 29286 38586
66 95 515352 521724
67 34 740224 743381
90 94 49308 52078
23 61 213861 222954
87 95 968266 973368
60 57 24673 25239
49 40 291115 298257
101 31 455641 457094
9 24 174069 180316
62 14 311580 314210
29 23 26792 31660
56 97 260516 270453
20 37 517135 526893
26 22 603248 612796
42 45 746915 755207
7 58 76332 83483
89 79 611729 614330
75 85 452015 461457
50 61 235726 239022
20 79 979555 982650
81 12 244668 245100
97 42 29252 36954
65 65 477021 479165
76 40 130674 138505
39 31 950744 954782
98 41 921861 922780
67 35 703251 708205
87 22 590280 593741
10 82 578041 578727
52 85 78943 84035
59 101 271504 281465
50 56 929963 934909
35 93 976847 981067
54 76 510480 513271
77 48 933220 942786
97 50 330869 334950
85 43 180132 184530
77 76 502787 507979
83 87 132745 139014
84 18 363554 369843
53 8 58341 64638
53 66 45845 51136
8 93 933953 942022
68 25 219313 222567
65 70 927241 934351
98 88 492070 500465
65 63 866381 873324
77 66 629900 635618
15 88 41372 48342
11 54 997773 1002428
52 36 76255 84598
68 84 597638 604612
42 95 834303 835110
83 84 352134 358475
30 10 647849 654750
79 93 882566 887933
31 52 552628 554784
65 26 285556 292138
25 34 688010 688478
46 5 891642 895463
9 99 967648 969300
49 17 833212 833825
76 46 705690 714646
30 35 78945 80825
36 77 420328 423142
23 32 935453 942656
73 22 109696 118259
49 3 873260 875863
3 57 540053 543386
16 25 171217 173738
14 53 716976 721619
101 43 974076 976587
70 94 278315 284650
56 2 664094 670882
5 51 639341 641512
13 11 19828 26882
94 18 664729 667657
69 44 794549 802547
98 86 82418 89767
99 87 73128 82995
50 40 541197 545940
0 7 413027 417280
51 64 273670 275467
92 24 947442 956355
91 39 987058 994693
34 71 462086 467916
96 32 276934 281944
69 23 991401 993775
17 23 36589 38521
86 55 225933 231575
71 93 499994 507979
81 42 933479 938709
93 18 838233 839167
10 28 426273 431991
20 3 895366 905187
52 43 219929 221443
20 59 5005 12400
80 10 929356 930863
33 2 291028 294282
51 66 208562 213390
39 39 667364 671032
12 91 242091 249087
27 46 906178 909933
14 88 427085 430232
63 14 641960 646481
101 74 701605 707647
39 77 881817 890057
38 7 814447 820511
43 62 194777 196168
12 10 677482 683002
51 21 437380 437562
95 46 582008 586336
68 88 578421 584086
42 82 869265 878424
21 82 184340 194231
14 67 259079 263349
56 27 33106 36034
75 35 565992 573643
45 40 602559 606933
89 27 688944 692558
19 26 387675 393077
40 13 148362 149537
64 69 180776 190000
3 35 372644 374663
30 82 14092 16877
88 83 970979 979613
12 83 73647 74693
30 90 950312 954482
14 70 778083 785393
100 86 598135 600322
27 52 618056 627719
21 8 38704 44803
6 65 328759 329782
68 97 76806 84181
32 16 136627 142129
57 89 474321 480662
91 52 852838 855302
17 72 877901 886498
14 15 497480 500587
25 98 164690 171161
42 89 720998 722790
29 65 695178 698367
29 35 601814 611244
19 83 330595 336630
1 44 405034 411449
42 22 237236 242253
67 30 456929 458837
85 91 803587 808931
34 1 578367 581839
33 6 224351 230318
58 91 343590 346219
88 18 126264 134948
0 30 59152 61955
83 17 967593 968330
46 15 586563 594038
13 83 990808 994859
31 63 922738 930237
73 29 14995 15038
30 57 545633 552678
63 60 503155 507748
14 86 773428 779968
0 83 569365 577130
93 45 507785 513506
84 11 339631 341709
97 39 986260 990634
6 87 59170 67851
100 77 633137 639444
33 10 577883 582095
29 50 137228 142920
42 50 848642 857753
68 56 593564 600191
56 38 984808 992579
60 17 638180 644225
69 46 823359 825208
94 90 228972 231192
65 42 420316 428959
56 5 50776 53822
68 63 840249 848845
18 48 607414 616920
26 15 147831 152986
58 89 327337 335439
81 75 383398 385448
62 69 594485 594606
40 89 61781 67199
16 65 646248 653164
67 80 469253 473595
81 48 363645 371368
44 97 685346 690340
37 55 230651 237944
74 29 982970 992339
78 54 492121 493971
58 5 498995 499253
1 96 79776 88693
77 51 393357 399175
23 47 696490 696880
55 39 981579 989777
58 58 371036 378763
84 16 754156 754686
5 97 302580 306241
98 47 616221 618380
70 2 993779 1003283
95 27 429192 434416
68 83 305600 313676
88 14 662229 668554
44 68 158587 161243
8 57 81123 84239
18 63 199354 203320
0 67 15282 16210
96 42 33795 43120
44 69 92761 97092
11 8 584609 586761
70 35 984372 987669
69 24 92807 102354
10 95 156495 160262
55 85 968193 975945
14 34 499013 507871
7 48 172711 180546
55 81 120094 120323
95 90 363905 368536
87 2 111350 115333
93 5 822251 825180
44 101 631547 636309
18 86 697124 704202
65 9 857617 864295
69 25 414605 418432
20 90 162402 169526
47 19 477780 481682
75 49 759044 768803
26 2 600346 603223
34 85 584128 593536
9 91 942153 948254
20 40 630061 635380
96 8 780199 781970
3 17 680244 680779
31 14 959058 965149
0 32 426875 435570
29 64 447576 450797
97 59 213970 222406
47 81 300499 306091
48 39 880642 888405
88 16 352942 361880
23 65 295541 297215
42 41 561005 565184
63 13 437169 438885
0 35 374641 382037
93 38 721813 729085
30 36 713692 721869
3 51 119692 127312
90 16 655580 655770
70 17 127231 131779
41 34 618765 626067
9 29 63017 63377
45 23 388374 389480
8 75 898442 903900
26 9 975022 979070
16 61 881435 888898
98 89 261360 264218
0 2 121223 129839
74 78 939759 943938
43 8 840110 841134
44 42 907090 915802
55 48 666061 674963
31 31 137536 141322
9 96 473351 479101
0 14 455583 459949
73 26 323467 329997
19 64 456208 464228
52 72 20939 22408
28 30 373724 380865
65 78 190596 200170
4 62 644385 650882
58 21 104233 112245
93 43 106545 113068
75 1 651978 652598
69 56 82943 91208
51 8 518617 521808
42 101 166344 167371
44 43 997158 1005519
11 12 294165 303484
58 72 909558 911593
90 79 953979 960676
23 48 264709 273560
18 85 418877 419758
100 36 199503 204201
70 42 793114 794290
44 7 298136 307640
6 11 281734 285110
52 97 466959 470861
97 9 464704 474666
5 65 74005 75001
24 9 128481 135269
54 84 688084 688120
96 36 783675 791074
85 45 428289 435292
78 48 277531 283014
44 77 767333 776015
88 68 94851 100059
29 31 538632 539325
17 3 59918 67541
31 22 681976 682300
95 92 195436 203184
86 17 134300 139710
68 76 760312 762076
43 91 459955 464925
6 55 657994 659842
37 93 789412 796743
52 92 453157 460853
74 58 116631 120072
45 17 139100 139450
37 99 795721 798319
89 29 119647 127163
99 14 243902 250936
101 12 478243 487101
26 87 568213 570585
44 35 101611 109773
21 76 856241 858546
57 71 638087 638483
48 77 898176 907492
93 60 50338 57545
77 82 307668 312504
70 20 7225 16789
98 22 124961 133242
61 46 352892 362797
78 52 888004 893612
31 13 966641 971006
94 69 255233 256836
93 61 41540 43725
23 22 356429 357241
53 15 807259 811316
90 27 998975 1004334
84 66 137261 139403
26 74 221751 229762
93 72 296365 305672
28 35 392190 395064
72 3 519368 520641
2 10 66312 67554
32 82 56484 62880
29 68 247021 247344
50 39 497253 501402
88 75 414111 419451
22 57 15701 24812
56 70 919082 928158
7 21 438838 441835
70 59 306738 311312
30 34 356201 361465
101 71 377972 387764
13 40 503948 505115
20 10 830244 835835
78 92 128712 138203
62 78 236975 239224
50 90 786024 786212
28 29 307471 312033
22 34 452525 461915
5 15 281375 284573
5 59 401044 408469
96 75 944964 952409
88 90 731140 738938
65 55 357482 359544
19 50 897672 907548
62 68 680738 681477
34 88 155920 161673
63 35 441004 448802
29 29 60597 66678
8 30 496925 502749
17 34 879106 887850
56 12 723838 728529
67 3 184144 188081
48 22 260535 264429
40 45 13047 17352
27 88 273917 277868
76 88 174596 181816
65 95 849436 850503
70 23 138187 144735
57 47 611950 617784
78 33 435202 442588
6 89 34524 34759
96 80 236687 243151
99 35 548764 552595
81 93 776692 781866
96 21 503389 509851
53 96 180420 181753
9 55 772438 776648
13 62 725520 734365
10 58 223304 228786
62 2 632105 638595
46 69 541152 543853
14 89 39701 43968
61 22 85273 92564
90 58 329201 333846
77 62 23445 23961
6 7 54356 57886
58 85 935885 944280
39 78 981463 988788
91 95 54855 56687
64 4 173792 176916
28 67 408626 410871
99 34 715254 717950
71 95 833034 833879
50 10 884273 889295
41 63 253687 262084
48 96 295976 301169
11 50 908861 909158
41 15 9510 13330
18 56 378512 387081
33 75 421483 423507
47 18 735145 737460
26 56 802395 807591
90 14 523544 528921
16 80 564043 567878
42 62 154989 164217
37 6 70752 76247
67 23 302845 309954
48 49 558296 563069
27 86 484922 488956
52 82 797343 798356
12 27 912818 917476
79 38 412990 417378
100 68 596866 597323
93 39 372540 381132
73 57 807630 808689
15 5 751989 758470
65 77 706186 709766
81 89 554395 560103
89 14 887600 893937
2 55 819852 821966
61 1 682516 684382
3 31 480698 484157
52 37 735747 736326
55 56 520953 521832
81 8 585168 589407
71 16 225228 235130
41 24 760592 768425
3 98 495785 504225
62 9 216580 221477
96 54 710004 719336
72 32 218898 219143
31 59 784374 787633
15 59 758628 765276
67 81 271004 280363
33 73 101078 103492
28 68 792852 801704
90 29 320733 329769
97 28 971294 978229
22 50 621672 627154
5 49 498478 502921
59 58 578818 580351
44 99 251213 260342
83 7 970901 975280
43 47 243636 251402
0 69 439750 443554
36 49 66310 67939
64 16 797313 798837
28 19 626957 633775
62 91 135733 138134
13 74 425104 432384
32 78 609247 609929
50 81 193839 201636
57 45 656107 660320
55 15 912770 917729
63 6 780187 780754
5 48 495231 497577
100 83 371551 374815
28 58 611197 615540
17 49 413371 421127
70 99 18006 25944
96 57 940303 945931
97 99 411241 419474
66 15 360719 366809
74 77 496058 498897
8 62 483733 485846
21 86 238105 247160
36 94 934053 935815
54 29 795811 800879
76 25 797842 798801
8 8 882428 882887
73 49 601496 602341
0 86 897259 902669
14 11 832822 841257
25 77 455985 462853
85 26 292240 299165
8 91 363379 364370
45 3 913288 917274
24 75 127863 131668
28 65 108445 113816
47 68 4476 13882
11 83 18470 21339
35 36 673347 681683
77 95 681088 689594
47 31 6919 15802
18 3 852694 853531
14 45 760288 765312
55 47 890939 899047
86 54 592304 596513
85 81 331075 336335
45 79 950616 960435
47 4 455988 456036
67 101 90439 93762
72 50 609512 614450
88 47 164231 166451
6 66 80659 88498
27 57 534696 538005
47 38 201200 202628
1 90 752696 758748
2 45 914949 923919
53 22 96547 97389
97 61 814868 822022
16 73 340098 346035
66 10 413206 418116
78 63 912755 921958
27 16 966748 970741
61 12 806176 812469
98 0 65016 74189
41 75 59571 66740
51 31 24033 30355
64 45 697180 706177
20 2 448105 452132
72 22 813561 819450
84 20 28617 34083
69 49 980155 986387
21 99 503098 510209
97 75 799878 802304
101 99 697723 705730
76 68 674682 675808
101 41 627686 636146
45 69 263782 273550
40 41 729229 731035
9 25 421788 426799
15 78 537600 544074
10 87 447615 450894
19 97 212938 215908
13 64 552722 557089
58 11 258706 266819
47 57 217991 224819
27 18 511307 518226
62 72 659794 668623
43 69 910046 919654
28 24 181499 188298
33 63 730812 738433
28 15 44979 54506
14 39 316878 316964
3 5 864711 869352
80 6 106751 111246
78 37 821502 822991
99 77 167482 172722
31 86 163335 168416
3 53 455028 460923
52 50 345366 346823
88 38 650178 651155
43 10 672888 682516
57 5 231597 232353
80 23 948458 948962
59 30 170519 173579
91 15 463504 470308
50 3 423054 428769
31 93 88663 97605
86 97 247110 247408
67 63 499650 502948
24 88 43430 44293
66 40 474520 476750
26 58 169111 175688
2 25 736188 740659
84 101 181166 185855
89 37 884676 887856
71 86 205785 209359
76 45 477583 484751
91 96 115637 120983
6 6 437896 446817
55 58 996298 1003131
6 28 555082 559795
78 85 835683 843747
53 48 652843 660171
57 26 564350 565088
10 42 183572 183755
67 12 488072 497919
45 27 91667 97243
45 32 18812 25272
68 53 782010 785635
63 63 437916 444732
26 12 794731 801646
7 91 540667 546962
18 13 378389 382591
51 59 352115 357936
94 66 554953 563943
80 51 159579 165584
58 34 839440 846411
83 5 181846 191706
17 40 475289 479149
75 62 15734 19180
95 82 661726 664606
11 100 57121 57646
19 61 255713 258858
19 7 54827 57027
89 46 632109 638182
53 94 264523 273047
49 51 307758 315987
18 4 220505 226464
101 56 396270 405758
80 35 216972 224648
82 68 295224 298404
18 93 730315 735843
1 10 73668 82214
22 58 753353 758459
86 94 198370 203046
93 101 517600 527477
63 62 437886 447063
42 96 715598 716902
85 58 565048 571222
95 48 839722 847775
23 73 40269 45592
93 4 404194 404966
89 81 176394 182425
25 75 886204 894597
39 8 478640 488259
59 72 337211 342621
65 19 164574 166913
13 51 246191 251986
68 4 954542 962240
69 31 186696 194529
51 68 180098 186323
99 76 933938 935662
85 37 642796 649746
10 70 336470 338697
26 72 458042 462600
54 27 717352 724799
48 66 212878 221927
18 67 249743 257212
29 95 96627 97366
77 85 85628 92354
17 7 931243 936502
18 88 742777 750487
15 64 109109 114785
91 91 584517 592360
1 23 275302 278374
99 47 876648 884965
14 75 715476 717927
58 52 973965 980225
60 50 770378 778980
32 67 264468 269897
84 67 443631 445944
41 9 256779 256794
6 13 827531 836054
15 101 464882 465156
24 72 451606 457620
7 83 449325 449890
95 72 707301 714594
24 54 850859 855507
39 7 858414 862189
83 59 398283 404280
66 11 671653 674077
54 45 903769 905418
70 29 745399 750020
22 91 784314 791001
92 25 988935 991759
19 101 152875 154257
96 63 240518 243824
43 25 637185 642944
70 65 626994 630034
34 55 29211 31155
46 27 137870 146436
15 68 108196 111067
59 85 754074 756183
22 9 890285 899335
94 25 272406 274587
5 37 107098 114638
97 23 701580 711346
88 37 226342 232929
18 30 642065 644279
