15 1364
43 41 722628 732594
36 5 861319 865034
9 21 807750 816388
64 34 670091 673616
69 8 210169 214986
53 54 772955 776058
51 98 457558 463166
17 31 521031 527780
6 43 197256 205573
39 1 648795 650326
66 98 333645 336426
1 74 597347 603988
35 70 852512 859590
30 3 987334 992335
98 81 617981 621498
6 28 798732 801842
99 39 902635 910966
58 98 178862 184914
43 58 29525 31831
72 25 951268 960870
17 20 840945 847429
23 75 447491 453010
51 0 484110 487930
82 25 710436 718509
98 85 536938 546036
54 32 378796 386102
50 13 703999 708874
60 43 192901 195052
72 34 954560 962791
17 89 354189 357697
92 18 788605 795159
97 16 938061 941402
34 83 784983 789527
57 42 495705 496431
54 37 398195 400737
26 55 416550 421265
67 91 83897 87102
22 71 150391 156204
24 7 847083 854384
99 11 877510 883978
32 86 999033 1004367
27 41 355968 361860
38 57 23743 24270
37 45 118552 119081
91 65 13656 15503
69 97 662417 670904
1 82 861814 871510
83 92 708271 716267
32 52 103327 106525
55 75 719073 720918
100 67 332397 335418
62 42 733666 737809
7 36 275372 279237
37 41 477809 486854
53 78 460460 468646
79 30 244128 245544
42 10 220232 226383
98 58 169864 178957
68 82 291098 292878
59 68 837753 847423
38 28 280535 285351
81 51 803610 812130
96 80 916124 924410
92 5 675895 679450
26 84 110120 116478
2 72 251455 252321
80 33 505855 508722
6 5 419353 421335
31 20 800213 809351
2 73 432891 440276
49 0 58583 67993
47 43 102585 110681
91 11 302796 306564
12 38 300919 308079
69 43 87614 89029
101 85 662354 671279
44 7 886207 887399
68 39 376403 382942
59 87 612763 618966
84 14 814676 821799
24 88 30616 36985
61 44 107078 108203
57 61 314654 316553
17 0 903669 906803
89 61 754101 757584
85 6 263577 271830
65 99 802282 810671
63 88 699449 705106
31 91 154280 156563
5 38 66237 69053
55 32 541448 550159
44 34 418997 425297
22 80 508422 512321
74 74 784259 792085
14 71 925842 934041
100 60 394573 404404
44 13 614881 616272
64 23 782607 785774
95 64 594592 597212
70 17 621325 623375
10 81 982080 991839
79 9 26022 34774
76 20 222444 226163
24 91 630406 635446
95 23 326937 335566
95 50 715638 724559
20 11 153640 161194
66 91 958078 963310
41 69 667940 677561
28 97 496258 501017
56 24 743396 749027
71 71 467938 476608
31 25 993447 1002424
12 31 557086 560529
85 71 101745 102401
101 80 52772 58273
46 70 35967 41227
55 70 262824 266731
26 53 601413 606401
50 5 861019 862129
28 72 533374 539110
0 30 523982 531908
86 67 629031 634586
37 33 315891 320252
6 68 211668 219478
24 83 305676 312294
47 0 839467 842186
37 68 650635 656042
68 56 29530 39421
66 88 502225 502798
75 69 113906 114388
94 56 705532 715226
13 60 582545 582576
45 47 824240 828712
15 46 230031 235823
9 91 249561 251580
72 82 262234 269198
20 60 21577 29142
68 0 918189 926213
21 24 719710 728986
1 22 511325 512642
61 25 594865 599327
26 92 945144 946880
23 12 293338 299076
71 67 173889 183792
31 26 954358 954996
91 12 784633 786383
40 79 662229 664848
7 26 946530 951414
42 75 621011 629195
22 25 882188 884519
26 101 642720 651650
83 88 183490 187735
94 34 52254 56992
32 69 263854 273343
49 58 930701 940553
30 20 853252 861986
21 5 207202 217038
72 86 519364 521287
76 98 167416 168068
79 42 183416 191018
42 45 595224 602613
0 8 317034 321641
39 44 510743 511205
31 24 482423 492412
66 43 735782 737243
50 63 26815 31055
34 17 861369 862396
43 69 997140 1006781
10 4 7710 10889
65 25 463774 468022
2 56 513492 520498
92 20 72436 73340
52 31 331766 334803
21 79 180404 186383
13 74 631380 635316
6 3 473334 477206
10 72 332379 333698
4 10 614134 619355
93 40 471065 477463
48 79 974870 979601
42 97 717815 718233
78 9 262754 269521
77 26 327228 334674
95 99 404136 406343
21 59 719914 721601
22 65 803822 806823
38 48 191173 199866
11 76 9095 16503
4 101 200282 206049
43 23 181577 189553
52 73 517503 518076
43 48 549006 558503
1 73 750705 755003
20 93 169682 175388
81 83 68524 74695
100 49 138188 139313
41 101 466450 472284
45 27 659646 667743
90 38 455690 463044
15 60 520391 526578
98 50 851616 859965
98 51 119129 123720
75 42 967902 971990
101 83 850504 858588
9 66 730429 736462
57 47 439257 447964
3 79 151741 154427
33 83 469321 471072
71 90 963738 972095
86 62 291053 294659
93 24 978237 983699
51 80 824799 829387
100 24 842302 845576
94 31 741988 743493
101 53 653679 661939
63 81 702843 709657
60 84 754877 757159
92 45 910292 913315
10 43 581495 589909
22 56 243840 245210
72 0 713378 716423
5 49 155038 159464
78 8 20700 29840
25 48 528633 537916
1 26 399510 406599
28 49 459122 467263
40 90 548635 556126
97 79 59350 62988
48 90 158966 164093
82 16 15281 19734
72 33 65551 68964
72 44 814092 817469
1 19 469466 478760
94 19 186741 193957
50 74 5491 7374
21 91 385356 387297
10 69 890475 894758
21 3 132642 139298
29 8 17246 21219
71 68 999338 1007351
12 13 167582 171740
18 50 75341 76399
35 71 331292 334168
39 75 278205 280213
8 96 194079 194197
73 27 631341 637910
35 34 764123 766655
95 98 244435 245086
23 76 775317 776640
4 54 687839 689354
9 56 577760 579512
38 70 450711 457098
80 34 670062 671090
82 82 201436 202671
76 69 392014 394059
69 45 750877 752688
33 28 462816 469084
84 73 671094 672270
48 82 689000 691768
44 37 508109 515470
31 76 103931 107690
80 64 385729 395594
34 6 483289 491498
97 44 527537 532375
95 26 273507 276554
47 71 361607 362969
72 22 11453 13503
50 16 215675 225047
89 25 223663 229178
85 55 597312 604937
49 82 800799 802304
49 51 434506 440899
25 53 817374 822649
76 99 734686 735748
44 88 594293 603494
22 47 545398 548616
34 62 419315 425959
65 47 866830 872846
62 5 997831 998888
99 76 149173 150256
57 36 220520 224439
18 20 124745 129277
76 66 74467 76321
68 78 786810 795440
47 101 245182 251276
82 96 747231 749906
19 42 186627 195880
63 91 126849 131027
30 92 616998 618105
65 55 686243 688698
12 28 492380 494805
15 32 394355 402446
61 55 466677 473987
81 95 607171 611689
13 33 411230 420481
73 49 959392 966880
0 74 135447 139539
78 98 968539 972507
94 18 509 10250
57 10 168621 169340
59 4 486148 486740
17 47 26905 36261
12 77 62066 69473
61 78 604182 611430
15 93 170947 178145
50 92 559283 562893
39 101 976170 977400
42 49 795389 797128
25 69 705379 712159
4 47 118426 121834
48 23 764772 773047
87 14 295418 300205
71 70 918600 923122
82 94 476028 482240
18 83 158754 168081
86 15 411562 421457
96 11 248428 255058
34 8 822449 826097
56 99 492269 493838
86 27 681874 690463
11 39 526312 527359
80 69 797318 799780
24 77 158058 165884
28 51 380512 386650
43 36 275703 285418
6 35 763851 770198
68 34 522101 525979
65 27 623129 633080
0 90 222584 225416
66 57 371751 379322
97 31 813879 818931
26 48 12467 12963
55 99 845562 855296
95 3 141338 149668
11 17 257760 267522
64 87 916190 925728
6 55 609848 619187
73 7 398072 404819
23 47 844696 844876
17 44 825611 826669
51 38 13039 18974
38 67 982028 991114
83 15 556254 559323
1 20 56897 63315
11 71 253531 257761
64 73 514165 522039
19 71 907559 908129
12 98 255837 260720
101 63 635071 640254
27 39 857786 860724
64 16 824038 831892
18 42 202380 210043
74 20 112045 113679
90 75 727925 733164
47 94 346837 351808
79 82 446726 449020
29 12 758582 760322
0 60 623374 632184
83 65 220984 222234
10 71 489304 495607
35 50 632036 641074
72 91 526662 533023
25 65 471880 478954
0 12 507729 516348
74 37 287727 291001
56 89 971649 976509
5 9 927984 928735
94 90 875343 884751
68 86 687418 688958
99 4 480560 480617
61 81 366086 375734
18 19 322356 330238
46 61 603479 613478
16 92 896525 899952
47 34 192061 194826
47 85 202367 205509
85 60 149164 152058
66 9 494099 502449
44 77 825214 825895
50 57 757539 763824
80 63 267186 268397
60 64 23769 25793
58 81 774209 779486
73 89 703142 711209
57 44 33395 37313
24 72 303705 313572
64 85 113537 120378
8 28 983351 988398
96 49 608157 612090
75 101 606224 613812
70 96 980457 986261
101 13 360602 362733
82 48 418110 424230
67 11 992989 994838
27 63 694495 701662
29 52 683208 686958
1 39 104855 109420
26 83 966181 970527
39 77 138340 142154
89 65 415021 423212
72 50 106434 106870
12 43 397077 405357
59 86 553988 560542
46 17 722390 729121
64 47 166342 175741
86 41 470799 479206
28 81 31949 40499
49 43 829705 830756
3 65 290147 299174
20 39 280157 290085
24 26 749251 750980
71 99 501071 510662
87 83 535448 538873
35 36 755368 757515
37 98 969096 975466
9 61 840004 841573
62 72 737090 740144
64 95 908000 917107
31 64 831935 836063
6 98 825167 828262
64 89 624997 629596
48 73 360729 369677
60 49 906227 906712
76 64 654104 655885
57 13 956748 959236
6 89 3574 9402
98 39 39345 46852
53 98 221421 228066
56 64 598693 608282
37 72 203185 205622
46 55 323016 328907
90 35 394676 404112
29 86 431292 434773
89 44 182529 188678
100 35 798502 798674
5 45 411800 416896
36 50 705217 709884
1 79 315048 321316
70 85 56693 65581
22 16 67549 76803
1 30 418843 426595
77 5 981495 983913
28 66 778000 780055
11 100 964273 967578
81 77 44221 51838
49 41 170088 176375
100 69 669214 674016
45 41 68119 75438
91 26 637047 641136
62 59 583428 585247
61 6 13831 16232
22 21 850564 859077
51 47 624778 629394
54 63 358932 361697
18 97 434515 436019
2 20 851975 857589
9 43 94449 97843
6 41 391615 396195
10 41 474838 477970
54 79 546318 554528
51 82 413254 422434
70 59 838438 840391
12 16 360751 369685
23 45 116742 125695
32 37 879970 884081
87 47 133632 139412
18 86 110586 115829
86 14 753911 757369
39 78 436629 440681
43 9 608469 614356
28 1 207705 211293
57 51 948296 948782
32 99 635445 644261
94 9 609759 614712
39 99 67959 73856
5 7 794810 795957
36 71 272485 275102
67 0 57736 58788
83 33 418551 423837
12 80 997563 998160
90 22 229716 232740
69 15 554625 556817
3 86 440299 441282
1 55 973077 980970
43 25 996708 1004188
46 83 434113 443227
4 69 789011 794003
34 58 532186 532231
46 45 28376 30979
19 12 683135 685861
28 53 77290 83284
97 89 908573 915905
17 52 220899 225210
48 96 516721 524816
73 35 83628 84251
42 73 431758 434637
41 2 171146 179533
68 100 290525 297697
86 51 279010 279554
10 34 157255 162852
38 39 538387 542947
74 93 392219 401714
92 74 942334 947154
53 75 272873 274266
63 43 6132 11652
78 45 942545 948836
37 65 314727 321143
74 98 583402 587831
32 43 231627 236308
12 35 426016 429021
60 69 849153 852536
19 83 948385 950888
96 48 505829 509123
57 98 700146 703789
10 27 308192 314895
43 98 377967 382571
43 54 968624 977981
7 3 947119 957031
35 90 993069 1002869
14 29 989323 998770
21 85 713461 719345
47 87 611240 611734
101 2 47084 51385
79 93 78597 87652
29 83 148685 148914
79 22 240392 245795
5 33 470169 472368
33 52 444172 445169
61 38 989691 996988
39 80 666459 673749
25 5 562760 570757
35 42 559844 567054
15 12 204338 205512
39 15 598593 600891
72 36 3760 9310
78 76 33604 42099
92 49 155319 160134
3 80 990613 998848
96 20 41860 44197
30 41 198779 204864
86 61 215114 224673
21 72 849429 852185
34 13 340304 346496
71 101 736528 736720
52 26 979059 986547
95 25 296179 303740
28 88 916640 920117
72 88 259792 267853
12 94 445561 450133
75 77 658247 664677
58 5 196895 199307
78 26 392489 394000
72 69 213230 214419
47 5 474239 482826
79 25 256366 258517
7 98 366561 373854
58 11 544060 550031
32 61 678360 686741
17 74 469847 475160
37 53 824593 833992
42 36 386278 388015
8 40 199586 205335
46 42 399986 404754
45 89 223849 225800
92 43 349961 359362
29 42 65535 65838
36 54 7195 10160
80 42 179425 186880
4 51 659346 668537
80 10 741694 748395
65 41 581223 589224
13 94 244154 250576
66 75 518343 520094
38 95 575583 580364
99 24 877922 884377
56 76 532908 542361
39 46 853062 854942
10 54 229559 234687
4 11 348115 357363
93 59 660702 664082
7 74 234463 243970
63 1 161591 168109
11 59 30873 34374
28 15 824062 828982
57 82 85589 87728
46 34 498631 504846
56 47 441420 442320
95 27 745287 749081
17 41 808143 812011
5 31 183911 189845
34 63 73378 80844
5 41 986459 992923
15 4 579705 588812
82 99 120129 129318
35 51 724407 732671
20 46 319778 320611
40 7 336570 344254
56 53 267197 276663
73 71 242415 251669
53 81 519082 519714
33 7 182656 188922
21 39 382942 383117
52 29 26687 31037
32 2 97693 100453
42 93 15403 24652
90 83 264204 271092
75 70 507651 512920
24 61 887234 896931
60 41 212219 220992
101 52 602461 602970
17 36 87508 93101
22 60 961700 971136
72 52 54662 63775
25 97 137022 146568
15 86 516651 519318
41 88 618144 618378
39 89 716396 720694
29 2 95642 105321
37 87 585396 595346
58 1 883393 892361
77 48 992028 992829
36 8 383548 388466
69 77 400156 404257
69 28 66775 71535
9 41 409679 412302
46 50 244999 252238
77 25 346648 352643
78 56 474091 477355
99 36 464005 466388
29 72 752335 757755
99 34 661539 665621
12 42 698066 707822
53 32 763308 767434
87 21 416635 416867
92 53 126683 135351
78 32 205038 213192
97 15 391856 394002
86 9 90454 98798
67 71 883849 884620
77 35 989705 992491
57 100 974719 983753
8 44 418034 423478
19 68 866228 872346
58 10 154472 155245
86 72 951401 955507
66 24 327962 330009
4 21 546623 553519
62 89 920882 925703
73 85 456317 462268
57 60 242282 251767
80 7 862359 863492
53 8 889008 889190
74 25 686294 690241
29 66 261023 270885
35 27 360442 364183
53 41 491282 494208
34 57 667596 669710
7 92 420098 422823
71 21 916552 917997
72 71 571210 574268
36 47 962959 971360
1 62 313419 314451
23 38 85093 92013
58 74 372863 380323
22 53 980468 984663
76 60 667205 672392
63 18 709976 719467
11 10 730023 737205
23 95 956389 958113
100 91 527395 529027
57 94 493933 496111
73 38 879741 880151
52 24 866104 875619
98 69 470677 476151
45 46 901017 909115
78 65 402841 403915
43 55 564087 569352
98 12 3571 4631
38 0 741634 749840
14 66 984124 987779
63 93 494595 497449
4 100 946673 954106
13 58 717867 718355
91 13 175577 177038
85 88 478427 486282
66 77 641295 642387
80 5 124924 134686
59 77 116914 120499
9 33 89065 92576
94 46 418695 418757
79 57 573040 581387
11 37 84465 87613
19 98 156409 161235
67 24 513462 520751
40 76 247765 251261
84 64 885006 886270
19 85 309200 311395
10 39 58586 65568
80 32 628686 630905
5 59 46226 49373
76 91 724513 730645
73 58 996817 1002855
48 21 546494 551610
69 79 815613 821691
25 85 890461 891029
94 98 600983 608886
40 27 16449 16501
19 18 639727 644018
44 21 992550 996722
89 82 824991 825868
93 83 206430 208388
31 31 204533 207889
39 31 920272 927924
67 93 126768 133999
78 52 434807 437028
73 4 800932 804080
8 99 521033 522991
61 49 61465 68797
87 30 848485 854314
79 10 779532 779923
68 84 672118 680533
98 83 532963 540745
94 97 55240 59139
76 81 887778 889448
47 86 56468 58660
21 49 945098 948199
21 92 360404 368929
40 51 339594 342052
8 61 902142 905000
36 4 915120 917839
5 22 501742 503685
62 26 447125 453973
87 22 696818 703563
30 31 878871 883869
25 90 477521 485897
78 11 351214 355230
20 100 349538 358315
60 48 308766 315553
54 3 594646 603195
18 12 803773 810963
25 73 124626 126731
12 68 940140 949157
95 11 654719 657221
50 97 905063 908963
32 82 271753 277096
12 83 503718 504842
41 98 348283 349471
19 10 441394 446693
9 25 562165 571572
28 94 52657 55228
25 72 219120 227174
22 35 193976 203398
45 61 197969 199959
92 7 165067 166588
80 92 117257 121997
44 70 101131 101780
33 87 983643 988485
55 49 218761 226436
4 29 353743 358111
74 87 453756 455525
16 56 28767 33428
69 14 396978 397530
20 61 569201 575249
40 87 396615 397461
39 85 340591 341340
80 76 36133 41025
92 69 832680 836103
53 88 347752 354133
86 94 137500 144514
49 7 409975 417761
61 73 552276 552766
93 50 683250 689295
82 35 277597 280436
63 17 981144 987971
25 93 390383 392853
69 44 148347 149404
77 9 94287 100991
10 80 793706 795384
76 65 108947 118672
86 97 851771 856198
101 0 329558 338013
35 68 768730 771655
59 76 943078 952579
24 81 752653 754674
59 88 474896 482154
52 41 647730 651255
44 41 764518 774146
57 20 685268 695020
21 84 148831 153989
41 72 821425 822895
76 22 917210 925808
79 13 145501 154903
91 35 482994 483571
47 31 66011 73892
92 97 154807 162004
27 64 914534 923852
44 43 437463 438267
24 95 772798 780105
39 43 375068 382867
69 49 639107 645561
1 89 765161 766547
39 24 822440 823515
32 26 625042 627265
63 101 79045 81170
70 16 694944 696139
85 26 665560 671973
19 74 352246 353721
93 97 754354 759564
9 71 469582 477485
64 36 724809 728286
85 46 555133 556359
43 0 149413 155357
74 40 87526 93728
87 25 505916 511079
57 87 199973 202203
76 0 311449 314149
93 14 54218 58206
34 24 348626 349799
41 0 517427 518227
41 42 736286 737345
95 41 847090 853081
87 27 42689 43304
76 58 841232 844385
2 10 502077 511711
37 40 575550 584393
23 83 294087 303584
98 8 109898 114949
68 52 704087 710799
98 38 928746 929247
44 82 750417 756673
49 37 423736 433060
65 83 217023 223266
60 65 39492 42388
77 41 736165 736314
32 51 881184 889275
26 69 774705 778380
68 2 677776 679989
8 42 61910 67122
17 8 877944 886368
86 34 958886 968588
100 101 793901 794007
42 43 806710 812280
17 37 635910 639951
37 44 317458 323264
96 7 753645 759136
14 55 626377 630728
85 92 184782 186229
13 17 632264 636711
97 20 267821 277112
0 21 582969 587603
93 38 620238 624235
26 16 173497 179873
87 77 51618 55293
48 52 341239 348547
49 92 747410 756836
29 94 404576 412618
24 38 586975 591581
37 77 591915 597329
69 80 127548 128253
26 57 871350 873402
2 50 121224 125640
37 46 81378 86824
61 39 631543 632691
8 21 476405 480904
11 42 455345 456502
54 56 295768 303791
1 54 754067 759392
90 91 124864 128705
76 32 282855 292095
10 26 880511 889780
9 59 100166 105981
61 46 318280 319705
70 38 804946 812207
98 52 61429 70100
73 40 982633 987153
4 41 737829 741007
46 41 713886 720400
13 71 902266 910105
24 23 311715 318377
39 29 695956 698228
12 56 508018 510973
46 95 13401 20557
92 89 451561 460593
70 82 589048 593974
28 64 231507 241479
45 20 755531 756062
42 31 419737 424166
71 32 921255 925819
67 36 816021 819962
63 30 862092 863483
27 101 560175 560482
59 55 223195 229166
5 92 668443 674078
55 39 844917 850758
86 56 834842 836322
44 1 587626 596177
43 16 96925 98341
10 74 170148 172953
72 92 827696 835862
35 86 949857 954314
69 86 76262 80917
50 78 587457 595833
13 63 148479 150569
67 23 973042 978223
50 14 287950 297849
44 44 667857 677368
15 76 394635 403838
85 84 227750 235103
96 10 372433 379794
28 84 600380 608467
87 9 739112 748853
101 37 29543 33808
88 77 703419 703967
71 36 728944 738703
78 3 980165 981618
68 66 100723 104747
85 47 732695 737892
79 83 147103 148818
52 82 546293 551644
45 30 41181 45814
24 92 408399 416082
85 86 441484 441566
5 64 594905 596686
80 80 190340 196364
67 67 305702 309957
98 56 30914 39793
81 28 422481 424745
2 57 759920 765266
19 11 528080 535105
6 46 806505 815740
97 72 754418 758972
31 18 683413 693039
74 86 19943 20204
81 63 3352 5052
99 29 843834 851313
25 7 339216 346335
26 96 559450 567002
43 93 875670 879078
40 6 775531 778401
100 37 478675 482925
56 77 940921 945214
14 61 455700 464207
7 21 754169 760945
90 65 24365 34294
31 79 384559 386657
22 0 208372 216257
100 18 829690 837306
46 47 27184 30211
71 44 82385 85332
32 25 63598 71128
18 79 929364 937627
21 94 258091 258713
11 28 307419 317067
25 4 94585 95791
45 4 761404 764387
52 1 516091 523236
66 16 815578 821220
53 82 508578 514139
70 35 593602 596365
87 42 862289 867053
27 93 631072 632118
36 85 121955 126414
40 12 117083 125432
2 52 348872 355559
75 82 62225 70233
58 17 337536 347004
3 19 5234 9182
75 29 692369 695846
28 32 584648 591906
83 57 372113 378763
48 2 677481 686808
42 98 562997 567673
85 52 433606 438676
62 63 501291 504627
81 64 543493 547305
36 25 112200 122029
71 79 703409 711427
25 80 277179 279233
27 57 242998 244248
28 58 191579 201336
90 18 110428 113661
84 91 832192 832778
64 30 883665 884836
70 20 351644 359530
14 41 746561 750373
6 86 332763 337224
86 3 434206 438575
75 95 886831 886917
76 100 830326 834927
99 67 276213 285392
8 84 648113 657106
93 28 701553 708131
10 62 53584 62962
53 38 557033 561808
100 97 226206 230092
29 45 200662 205311
42 22 427110 433452
27 35 605313 605526
28 100 459100 468938
26 35 689386 699100
3 22 764397 769574
35 77 80114 86828
40 21 638908 640751
74 47 280465 285081
75 87 184647 188555
62 0 239928 248843
80 74 762118 768132
16 39 842275 846978
33 73 438967 444261
22 82 151462 152108
89 76 292368 294199
48 12 313763 321944
13 72 51736 56740
61 74 538823 545241
5 93 510638 512433
89 34 606364 610666
92 46 452424 457053
16 36 979904 989528
67 37 188135 189709
84 35 364002 365510
28 10 86595 87710
35 92 312472 316149
16 41 8738 11565
60 77 811716 818993
61 59 403991 406414
9 2 417732 418690
92 9 555007 563830
45 7 582594 589095
36 12 638362 641131
47 57 590833 600666
73 31 494128 495825
1 50 387262 390877
36 29 265989 273137
3 5 852001 856845
89 97 734647 735491
18 6 512475 513270
3 84 501491 507293
74 55 677729 684534
17 66 61450 68658
98 29 563955 565430
95 39 134326 138859
101 101 904169 905234
93 41 926935 931657
81 94 438463 442668
72 56 526003 532207
33 4 130782 135272
82 31 756269 757390
80 65 357528 366016
91 97 767693 772992
85 80 708200 714599
36 40 805284 814860
69 46 778093 778537
87 19 943589 953012
6 22 763830 772801
31 19 202686 206652
82 34 900465 903197
81 18 834495 834606
82 90 326635 329775
40 86 516197 518076
56 30 799158 800005
88 93 378100 383895
11 21 286871 289318
57 30 926617 934347
47 46 69800 75721
53 13 222384 228392
11 32 209954 212245
48 77 540914 541824
93 61 894998 899504
61 4 305680 312028
40 11 677723 678183
17 69 531325 539948
60 37 118204 118854
90 13 555473 562335
75 47 581934 582059
83 19 974862 976469
63 92 917063 921252
2 65 466157 469541
76 35 63822 65675
64 80 768120 774174
59 96 164695 172344
31 66 466619 467493
89 41 699627 700787
14 84 224649 231945
48 76 316882 325077
68 22 216476 226078
38 86 78572 82612
63 7 912188 913599
53 25 823876 828400
39 17 274317 274981
17 13 923088 924920
55 0 901803 911778
21 9 339120 340595
65 38 899107 903393
85 74 839207 848903
32 12 847170 855082
85 3 652661 657176
10 45 105515 115395
50 64 690802 698869
97 65 988437 989368
12 87 434847 443150
96 40 758129 762574
67 79 349737 357851
96 25 393073 400218
78 54 918342 918706
30 80 596414 601258
30 39 777719 786205
94 47 639383 643604
45 65 195880 204447
2 49 489301 491788
43 80 306294 312177
2 94 601336 604554
29 80 237674 240117
90 36 926211 930963
32 39 886300 893791
83 34 318640 318759
21 70 807828 807844
47 89 301188 306254
48 3 105461 115205
80 17 434152 436909
14 77 476755 486525
85 8 212334 212784
64 61 23364 30247
34 20 849021 849985
59 94 132763 142528
82 47 810833 819107
59 99 938276 943008
25 1 365997 366158
13 66 852003 858592
29 6 511203 519364
68 16 952663 962413
88 30 794568 800068
60 97 175791 184502
63 33 699250 704071
58 77 840343 845162
90 69 163686 166485
35 24 480759 484203
91 6 443214 448631
99 19 712925 719255
55 40 481642 483721
48 14 357245 367000
51 90 691978 699848
58 26 83960 90319
23 96 307121 317034
78 74 822984 832512
0 0 13427 16642
7 10 975649 976997
50 23 64316 70154
21 14 598641 599042
86 19 885244 887778
75 10 813620 822934
55 63 159441 168171
80 85 495378 503752
39 87 963978 967136
100 80 251856 259848
13 62 270969 280783
51 72 417114 418640
19 101 649384 651665
35 44 94186 99615
91 66 948077 953560
20 31 129492 133985
9 88 318154 324934
70 40 60347 62061
9 47 600948 608166
91 17 962633 964207
62 78 11558 11651
23 48 710981 719536
45 11 470241 479788
6 58 662817 670934
14 24 628350 632341
30 8 560359 562161
22 55 757917 760393
59 19 961327 971076
71 6 356173 364468
15 35 343021 344731
7 0 649238 658923
39 7 366673 375282
26 74 683035 683220
86 31 199481 201155
60 2 46600 53707
47 12 533537 543189
83 1 140336 140637
79 5 128394 135977
93 45 446111 448859
31 59 19446 22635
76 6 379028 385555
58 79 413567 422232
27 1 856387 861301
96 51 822584 831082
66 81 298064 301507
74 49 542089 546791
61 65 755415 761472
83 29 719945 723414
61 50 691214 698277
21 65 755514 759055
92 65 876135 879231
55 20 256757 262890
38 15 267392 277364
58 43 884493 888180
3 42 884537 892986
29 14 808662 812032
30 47 957702 967428
10 5 327101 335870
86 92 496415 503837
5 94 849333 854855
94 78 681332 691160
67 26 636567 638652
20 87 922895 924826
27 100 13572 14893
40 39 383454 393407
69 22 21154 25996
40 29 773905 777162
48 30 115973 120121
36 90 910836 911876
2 18 824028 832075
73 60 162921 168353
64 54 161887 169116
32 74 348070 349806
25 13 538611 541850
49 3 438437 442205
36 62 174889 178831
13 85 294451 295319
23 17 143600 152192
1 85 210639 220588
70 43 967739 968866
84 57 247534 249751
79 63 476854 476970
86 40 85563 94991
47 22 991139 996700
46 66 684570 685457
89 84 5899 13290
83 8 115890 123332
7 48 459423 460007
27 18 713524 721101
32 95 467239 473200
20 36 31876 41686
52 96 181398 186568
37 75 228692 232815
11 85 71061 79196
54 20 83334 86384
55 79 501696 503780
61 1 234495 243344
15 90 355979 365560
83 17 127965 130557
64 8 758096 760565
72 29 347394 354209
97 96 732246 739253
17 101 779191 781898
82 73 982261 989527
87 12 735897 742813
30 89 128680 132869
81 47 11774 16125
39 50 589783 595209
3 46 960921 965463
93 47 695563 702550
20 32 913822 918697
26 5 312298 316211
54 25 199676 207986
57 78 375082 380058
97 7 355878 362664
28 57 444917 445920
84 65 439025 447368
27 8 732051 733515
22 17 189563 198742
30 14 465122 469936
18 68 254280 254638
4 61 334704 344552
77 29 164962 174550
25 50 894762 898444
9 35 710084 716861
10 38 942697 952659
73 83 624794 634735
75 50 182544 185839
52 59 29937 34889
45 68 291301 298645
29 91 803671 809965
42 62 9806 15539
40 16 346883 351742
27 30 401240 401952
91 25 517281 521533
52 69 541791 547729
8 51 804891 806796
18 33 786073 794708
1 87 598005 598730
22 37 769155 771345
64 52 148801 157213
6 60 830372 836478
18 9 422770 428560
92 87 62639 69140
48 8 569529 575939
4 73 587323 591549
93 37 687439 687944
77 13 74523 78893
59 80 803772 813330
98 48 991245 994245
11 1 677273 683506
27 53 577738 585045
91 59 673701 673962
47 2 734897 738918
99 22 5135 13256
33 9 643626 647816
6 9 702074 708309
45 36 643837 645007
24 90 271061 274927
95 101 304827 308141
15 83 662928 667794
97 6 452851 462625
2 99 961591 967388
51 49 156639 162586
96 101 828932 835822
52 25 714817 717677
80 67 801264 801636
55 21 527742 530433
60 17 554785 560596
76 39 597558 607278
18 1 541927 544150
93 48 266479 269163
45 1 402106 404953
73 51 91665 95718
50 70 341996 347717
84 97 120014 124532
31 80 406149 408396
40 19 810610 817770
24 36 643801 649500
32 38 556997 559291
57 12 480717 486007
15 70 220601 226762
68 74 328778 333020
51 93 535318 536391
62 27 51404 55550
59 5 879253 880731
22 28 311590 318351
41 62 864867 869501
94 35 226661 232683
7 31 277413 279562
43 13 711954 716553
98 82 580102 585516
33 60 828365 834062
0 92 398124 403242
0 82 396930 402824
101 1 921668 925653
32 93 434487 434515
27 50 233080 239800
83 76 249573 255463
60 26 605460 608512
0 95 457886 466504
0 93 936834 937663
44 50 269285 278326
14 92 804521 811715
100 81 881791 883933
5 101 904233 913098
42 88 219580 222160
9 42 600919 601328
69 73 146641 147287
23 23 407263 412926
92 42 212650 219525
26 81 119854 123657
100 85 455903 464182
87 70 508085 513433
34 101 127732 135557
42 44 345404 349487
14 83 98457 98814
80 60 766954 772868
24 40 413171 420475
