10 880
51 84 481324 489753
13 1 519600 522019
56 1 208844 216800
23 17 753806 753809
19 58 300773 306189
98 34 201976 202093
80 40 757191 757701
96 66 891759 892985
24 76 238601 245568
21 52 472807 479759
31 67 678412 686833
9 96 344722 351934
52 35 691623 701422
46 77 908072 915112
24 47 870617 874022
35 40 181383 186377
23 80 344951 353010
34 79 532938 537961
94 66 18833 22223
22 2 499931 507241
77 8 232700 236513
58 52 324617 330691
60 93 490252 494673
28 12 426969 432641
37 24 906791 915550
39 23 866270 867096
47 86 685385 694000
81 71 233107 242967
50 9 474577 480867
21 85 278498 285349
17 5 902668 908786
57 47 817245 823005
81 78 190547 199954
101 91 411698 421020
98 54 993773 998242
86 55 306066 314250
15 77 340566 341731
16 44 528601 535770
89 7 876633 879988
20 47 447568 453746
52 36 627592 633161
10 19 414118 420082
8 55 538343 541746
19 0 633901 634910
74 92 688723 697693
41 39 85230 85373
41 45 655183 663250
46 52 733201 739820
32 29 229207 230923
55 40 419435 419619
95 96 958013 963378
65 52 619376 624207
34 2 479534 483231
43 6 969884 979579
57 54 340049 346244
34 32 815504 816583
101 49 95369 96183
96 83 873944 874113
45 94 923082 928685
75 66 125296 125940
26 87 497642 506124
64 90 232787 240899
51 73 261695 266286
58 7 500655 503890
97 60 474202 478406
99 38 540494 545140
82 17 812351 814166
47 89 2414 4929
10 25 280439 286923
83 60 952980 958632
68 17 116592 118090
0 88 846002 852299
83 85 112720 119179
67 7 485806 489169
42 5 197386 201532
43 40 530218 532005
98 49 633064 640571
31 34 113649 113819
73 27 218796 227301
66 37 9398 17045
8 96 125497 131224
81 53 619340 619818
63 78 745087 748977
18 40 565179 574647
9 63 357259 361850
4 40 75593 79692
98 22 391125 393774
91 7 509854 514817
51 40 147230 150927
12 9 775407 780023
99 75 562774 566271
36 64 207993 211782
73 20 620453 627518
86 45 823772 825043
89 42 20362 24301
3 30 26679 33202
48 6 925606 930120
36 84 335891 340905
66 98 407748 412084
56 57 574700 577016
65 44 195736 196707
48 10 659531 664477
54 89 531715 536543
64 96 852658 856433
69 99 628467 628979
79 17 601847 603588
36 95 391053 400590
26 86 763304 763705
4 28 410321 412799
98 56 14586 19115
62 98 857687 863697
25 40 514160 523809
66 2 611851 613252
11 16 189185 198407
94 42 312192 319077
89 2 570720 575581
93 21 948165 956122
3 18 544627 547918
29 28 576816 578336
6 5 478855 479726
87 94 679000 679555
41 23 265465 271360
47 38 696187 705000
29 81 668549 668673
75 17 67997 69609
91 75 759398 764287
56 11 503355 503971
61 67 520380 526258
32 33 652161 653688
0 9 565326 566719
65 74 739705 740245
62 39 360285 363267
82 80 895582 900719
25 74 320186 326709
100 74 370255 370455
52 22 203240 204870
75 88 832426 837333
87 51 655048 655065
82 8 181322 189162
85 48 642646 649558
15 48 217875 226396
55 3 382168 383886
72 93 972295 978740
66 87 635002 635861
51 53 928694 930107
2 48 462284 468426
34 25 801711 806327
0 76 768444 778183
80 15 548194 554157
36 100 520748 525842
8 86 110353 117839
24 24 267034 267932
43 23 704674 709407
10 66 820213 827587
96 38 139979 141495
19 17 409757 418398
85 29 179517 180060
19 14 105152 111628
84 83 98516 106796
23 11 173775 174777
71 64 508257 511872
78 12 763018 766797
81 79 606025 610158
73 35 535663 536050
22 31 605667 608128
55 0 610634 620423
74 100 122322 122776
60 32 737496 738974
39 25 181500 181656
93 11 38442 41586
51 68 230712 232398
90 88 311363 314744
86 93 499489 504950
68 31 869256 869934
5 19 288881 289541
100 60 266208 273564
89 10 54037 55493
89 37 444438 449216
34 49 569558 578860
73 94 572970 576861
54 50 437022 438137
30 7 880938 883063
31 41 767771 768555
34 36 546988 552162
5 53 475934 481070
99 30 296764 303520
1 82 877143 883842
50 77 566574 569330
20 83 756757 766650
35 66 751085 756608
33 90 815333 818139
28 85 175578 185212
56 70 929436 930061
57 70 724956 733865
53 31 793925 799919
94 99 613280 622063
45 78 782170 784451
91 57 81055 88935
19 60 9345 17073
47 75 687677 693976
77 61 898373 905310
45 52 947856 955692
23 57 402604 403705
30 81 860749 866908
10 57 54580 57118
53 74 146864 149224
58 42 610980 611609
8 42 581626 583383
20 100 482682 483737
62 54 199508 200231
73 8 572336 581516
32 23 845198 847927
98 90 387654 389076
17 19 26847 26949
40 27 57616 58767
13 11 519938 521276
87 100 419764 427796
1 22 970566 980240
77 74 668897 670750
44 101 811072 815342
4 55 504374 506908
32 58 76261 83769
99 29 624801 630517
90 31 615326 620234
29 15 899214 902802
101 89 770225 773927
11 39 147836 155533
21 8 250843 257776
63 70 207764 211833
90 6 84857 91054
89 64 197361 205089
61 38 3920 8087
32 64 980448 983046
100 44 542832 550236
89 16 887581 893783
13 73 558874 567231
57 88 213907 222700
65 57 21382 26532
36 4 897800 899571
71 84 522861 527888
7 57 649685 650300
11 20 590410 596916
57 61 597356 598606
44 84 98431 104840
9 48 917075 917848
45 85 576085 580883
90 55 728745 734473
66 59 344851 350762
78 6 136868 145700
49 13 151129 155749
25 38 106922 112314
3 14 812775 822732
34 61 594253 601956
90 54 54044 62677
82 85 262180 271731
83 91 455508 462852
62 56 840934 843952
88 93 42038 50449
33 68 63292 66606
19 45 989045 995520
16 33 62375 65654
79 79 596416 599344
57 32 884008 892368
22 14 882964 887835
76 77 220436 221024
15 39 815784 822470
43 41 334778 342805
14 64 13794 23593
37 83 794758 803454
59 82 865522 873864
91 19 519875 520410
55 22 356013 358596
35 84 629019 629725
6 56 619960 626137
75 7 516181 516502
52 81 931904 932463
10 30 594478 597304
20 10 578483 582522
49 70 119742 121147
36 59 290421 291657
53 101 602525 608042
101 51 897549 900518
73 15 621629 627788
41 68 131478 136581
77 31 878556 882254
97 17 702227 702456
98 51 786190 787555
51 27 603945 607296
78 89 463176 468479
6 7 910482 913892
91 89 906657 909973
64 18 638855 641389
4 57 992771 997780
56 22 6085 14714
4 50 6259 10177
25 16 904626 908840
84 30 788829 796672
8 41 65767 74728
7 62 970406 970883
59 92 448874 456996
23 9 454471 463190
81 100 536067 545948
86 49 294399 296695
49 12 935287 941429
1 73 524769 527314
64 85 639631 640776
15 22 522026 522313
6 69 511751 514760
20 15 977857 978246
32 50 238725 245530
34 101 261835 271217
82 54 26255 33639
4 85 480583 490089
76 19 202900 205857
59 13 346080 348200
89 23 990248 990986
98 55 177679 182150
78 55 945551 953660
37 49 407383 413987
39 64 405226 408681
0 11 260979 263025
76 100 753429 756366
45 31 884208 891428
72 99 280659 289150
80 33 573958 576928
1 93 740107 743473
57 11 732335 734895
45 24 195778 197762
88 16 274373 276832
65 24 581502 585675
31 89 103894 109869
48 86 43735 48913
98 78 966488 967802
77 78 434305 438106
80 42 641624 649002
80 43 664094 673266
90 36 883107 889836
39 33 168883 175598
15 89 157092 166190
57 67 783265 791565
16 34 215840 220218
3 76 194328 201924
19 9 928319 929662
75 9 97749 99844
13 79 745469 754936
15 30 253880 260529
85 34 899813 903126
73 46 256811 265743
2 59 73985 78248
38 57 448069 450214
50 16 960093 966182
26 56 553562 562631
83 31 933088 942287
31 75 806005 807129
58 44 80257 86128
33 101 568116 569662
53 61 600869 606115
70 9 982900 983355
95 27 112367 122222
74 5 917299 924202
2 80 894580 895530
70 27 664695 672750
7 80 903495 912577
79 83 876840 881107
0 46 906365 910092
68 86 108706 111366
13 101 680664 690506
2 15 430845 438812
9 62 156691 165113
50 86 135871 141240
59 11 910750 913569
11 59 987802 994845
14 44 419655 428919
69 12 902613 903574
31 24 791975 796766
86 71 653173 662860
12 100 463582 468513
33 81 806027 809181
27 78 76634 84452
35 57 138776 138791
75 52 806298 810950
65 40 748945 757251
39 22 441338 445351
57 9 751606 752922
4 6 95511 102303
69 47 168277 169029
59 25 394588 398799
39 10 704143 712279
87 88 314588 323899
98 4 551460 554836
9 36 813765 815980
94 68 389947 390005
33 62 913818 913913
51 98 616628 622538
64 83 269219 273002
69 13 65970 72227
94 98 534584 541142
85 42 66740 72581
46 8 948555 953983
62 51 631740 639002
6 50 567922 577337
98 0 509323 512237
45 17 622928 632326
30 10 147862 153510
82 100 789216 796630
24 30 159194 162400
42 33 135351 141181
53 50 229352 238448
78 68 677153 678550
74 49 742030 746602
52 62 523743 526286
90 45 716779 719267
50 43 452360 458832
77 56 825351 825593
21 13 29395 31818
59 52 677272 677540
46 59 763853 766252
30 85 866349 870958
79 52 205856 207320
85 52 178664 186785
51 72 891576 892027
44 100 29160 38944
28 75 599828 608460
65 7 31383 37676
93 95 397585 399303
44 39 482338 489076
52 17 374164 380728
40 88 409260 418536
85 22 967697 968457
64 23 659415 664991
12 87 419287 421673
52 75 55074 56958
84 61 665812 668752
100 94 580300 583887
70 53 512643 515031
62 74 660334 666088
43 1 865046 870349
89 83 847900 853401
38 84 123760 131877
2 52 648264 651521
43 57 606832 616807
46 1 736067 736391
90 2 11404 18638
9 95 214323 216603
79 42 785733 795257
23 25 656014 659494
69 79 77666 80197
100 50 806801 814327
70 39 877990 887821
64 87 388324 389618
66 84 402410 410882
84 87 307350 316005
45 37 617406 617484
20 7 885535 888810
28 1 428811 435670
79 87 438482 445934
85 39 506647 516276
50 99 4124 9218
16 89 344348 347351
41 63 828643 828731
100 62 922660 925191
68 29 597120 602112
61 44 787322 795648
90 26 926657 935375
81 96 37960 42373
42 42 235650 241288
47 45 231935 236066
22 71 292872 294278
1 10 121831 130133
71 28 274723 279035
11 32 513712 520984
52 89 81744 85472
2 13 297681 303425
99 37 937134 945031
44 72 710443 712822
19 89 945519 951284
10 9 702970 707539
46 15 59629 65485
81 7 504841 507265
41 52 714080 717403
80 37 681937 689640
25 87 659227 667598
85 59 244900 246829
6 34 470142 480054
0 68 723762 732129
100 91 104431 113459
70 101 218553 221635
78 34 550486 555167
39 76 881992 883502
19 36 155926 163570
16 29 677607 681580
74 9 669462 673110
37 72 331274 338878
60 99 503245 504639
79 62 512117 515328
86 53 791293 799588
76 58 495311 503059
63 31 643531 652889
54 60 428821 437525
10 21 512405 514068
71 80 600038 607123
63 2 53249 57562
64 41 930431 930780
57 45 177982 182326
100 31 382662 390925
91 12 601032 607183
57 95 670202 676065
87 65 34233 35823
3 50 99370 103655
85 61 55062 64085
19 2 979334 981894
16 67 130840 133771
54 101 640601 646754
55 10 756950 759138
61 53 36561 38111
22 28 469295 470540
16 13 620578 627303
98 28 732582 734375
1 58 752696 753319
9 54 293360 299089
92 32 390579 392289
0 37 62978 72241
66 48 451176 457479
30 92 409028 411134
12 20 169226 170666
101 71 973603 981172
4 88 957627 958387
26 52 259567 263350
55 23 356759 361410
90 10 97147 102074
3 33 145170 152903
79 94 194841 200647
38 61 6190 8713
84 28 865485 870621
17 97 743067 751754
4 78 138205 139501
46 26 633498 641714
10 34 392168 397502
18 62 362178 367726
14 55 255363 257669
51 85 831594 832494
12 61 272896 277182
53 99 364840 371769
72 80 196329 196886
99 91 94622 103485
2 53 792011 796396
92 40 712288 712742
41 98 30854 36583
87 64 159352 164602
81 19 630463 634859
2 100 654894 657629
42 6 48343 51162
36 75 534305 535249
85 70 165998 170005
24 12 138602 138775
33 11 44025 53099
75 61 959259 962521
26 7 102112 105323
99 97 2299 5809
59 36 530438 531710
90 43 638489 642099
53 85 151068 158524
65 100 710556 716331
22 78 396319 405646
83 63 896726 898931
57 57 380640 390282
45 82 340835 343474
8 43 902519 906108
87 9 40037 48912
81 59 933679 938210
76 10 624717 629504
15 26 22787 27671
85 88 487312 490393
18 92 196538 197393
97 42 845816 850427
7 86 98175 99675
38 13 117464 118701
38 101 2031 5882
37 12 982905 988719
36 73 947998 951249
3 100 235393 236224
9 81 254822 263520
3 21 632794 634371
70 36 528929 536819
98 95 137353 143660
8 7 852234 858677
47 54 983950 987167
11 40 322390 325012
75 40 861648 865219
54 24 336781 345551
52 11 791098 799725
91 79 379193 380382
93 57 44767 51234
67 65 997892 1006504
77 17 123125 124371
59 70 898370 907974
98 1 989570 990006
6 54 470579 476010
74 79 20664 29484
77 85 122051 126297
11 13 772913 778539
82 53 811103 818290
92 11 399168 404624
59 57 562829 568354
5 79 477265 487142
95 28 307626 312899
79 58 76801 77462
89 13 554295 561625
45 61 455270 464739
82 67 441107 446744
66 72 11876 18974
64 47 216394 226325
84 60 706158 713920
37 79 910543 911779
57 12 855728 864068
39 59 512216 512866
96 84 62050 62868
90 9 554585 560374
31 28 780400 787685
83 76 482128 486888
66 74 826279 835383
9 45 404087 406229
34 5 432237 435363
99 53 859594 869069
77 49 275460 282478
25 47 659082 664308
88 100 624876 628010
55 2 310606 313889
23 46 540229 540934
60 91 618869 627947
91 5 403169 404989
30 49 368414 378185
39 62 401362 407169
90 62 536863 545563
61 1 767605 771061
89 58 347599 353012
18 60 473906 477279
5 61 75541 84743
76 34 650123 653465
12 83 525854 527015
51 69 571586 581537
80 4 738262 742329
77 83 908663 912643
45 44 906648 914041
90 46 791225 792727
78 87 876226 877151
53 53 665378 673259
16 25 949557 951338
11 90 538219 542324
49 99 795491 800552
51 17 167115 170372
36 36 649666 650948
72 12 818503 820626
16 30 399722 406633
12 66 82377 89034
55 66 44320 47916
78 11 39370 48633
44 81 564279 568704
90 64 180631 180929
37 78 524543 531427
94 3 881663 886030
56 48 124547 130535
27 17 983692 986633
90 14 129989 134990
73 74 747486 754536
71 72 163274 171407
30 42 118127 120149
101 0 923475 929331
30 94 434279 437129
47 42 279746 288105
23 23 894328 900283
61 71 324666 329942
70 47 47421 49992
57 5 684250 684547
95 101 56288 57933
50 91 702017 710144
96 14 162667 170868
71 69 746482 752640
34 96 926033 928945
72 50 710253 714874
50 2 875787 884394
23 35 897133 906475
46 37 133100 140091
20 22 26334 35190
100 49 998237 1005684
39 36 616879 619129
22 79 297194 302496
55 12 502416 511439
40 83 456560 465971
20 30 639340 646739
8 54 553487 554331
73 5 433045 433438
32 81 905972 907823
25 65 542347 549140
66 33 274834 278757
27 92 551414 552550
54 56 790212 791108
73 32 376849 386505
32 39 177700 184928
40 70 569597 573895
78 95 462248 463563
90 101 547831 553613
12 41 735179 739840
85 75 617576 623338
27 41 116926 117023
77 98 248858 255116
49 93 462617 463138
76 26 874044 880330
51 56 859606 867281
40 9 446181 448022
4 14 786824 791893
71 78 634969 636456
91 70 243908 252661
69 40 526155 527296
78 3 480059 481371
98 64 752824 756815
88 54 503622 509314
25 90 746423 751339
44 58 504212 506344
10 93 286533 287493
57 63 526639 528828
29 94 104772 112726
25 81 956605 957883
16 4 146841 147685
87 59 725778 726851
12 70 253983 257929
11 91 974635 982058
3 38 420816 429860
76 71 296569 301388
95 78 87095 93436
46 56 351861 353428
98 40 104769 109596
58 17 984165 991093
36 68 390124 395818
1 18 818556 826185
4 92 248218 258122
91 52 494420 501929
57 79 51615 56430
54 61 797258 799795
62 1 626163 635807
51 86 260647 264010
60 87 96254 98836
72 14 282131 285226
66 78 565681 575536
95 68 644944 651747
70 87 101700 107772
53 37 683954 688764
44 3 449924 456534
93 7 77442 78830
54 70 543317 550382
73 14 234833 238906
61 68 268075 268642
54 19 160086 160174
61 70 977152 985076
65 61 323608 327890
61 61 532396 535608
83 77 771806 776846
51 66 688649 690851
12 39 760367 761532
43 82 399562 407848
35 76 222453 222507
47 80 401108 402799
44 50 732372 735828
31 83 457118 457968
99 45 831843 840311
17 14 459017 461952
4 27 408213 413396
49 101 358725 367579
36 101 95603 101978
61 89 494821 500659
73 6 76023 85189
74 101 148442 157226
69 38 768798 777829
62 36 108730 116315
82 13 932580 939211
64 100 44837 49957
9 53 526866 531286
68 34 72981 75768
49 55 563727 569617
31 57 153924 159413
62 43 483337 490149
3 49 851381 859906
68 61 207289 207466
37 99 807007 813614
92 12 409470 412608
59 50 247706 256494
65 33 964940 970069
39 48 410961 420891
63 7 212245 216261
19 95 268367 276928
90 41 775404 778072
81 77 83050 91624
74 56 836080 843035
24 37 195451 199384
66 93 697578 702159
75 92 996213 1005858
94 69 697193 702298
81 88 510379 517720
60 50 162083 166829
97 72 541357 545922
7 11 302101 303829
71 81 779484 786124
86 36 265243 266956
0 75 343921 346804
5 14 853418 860780
1 0 508177 514197
23 14 210184 211710
1 36 66694 73914
78 10 875324 879312
33 60 128669 138341
66 19 13245 15381
69 31 913861 918965
71 44 158290 165901
45 11 843208 850621
49 52 922647 931681
90 51 217332 224295
28 97 874269 878793
36 89 325775 335006
73 81 749757 755562
10 13 87942 89024
59 0 143159 151817
37 97 44040 47999
28 28 352305 361256
9 85 3735 7862
100 8 146862 146948
101 97 376069 379619
39 3 831748 835836
93 14 743733 749573
64 94 533367 534665
64 65 413696 421674
38 49 37022 44100
19 49 702069 702427
32 27 836940 844136
94 50 538790 539022
84 62 927172 931064
17 21 776060 776175
32 54 411970 419735
89 40 684117 686747
88 8 269750 277574
42 13 934761 941388
84 77 404409 411723
88 75 496181 501284
8 57 231972 238873
6 80 167690 172437
90 74 120960 126139
58 89 492009 499033
65 99 108860 109633
1 79 125418 125731
37 87 447513 454808
93 53 500463 501289
87 56 78331 78776
21 28 252141 259400
44 46 514608 516931
16 74 307017 308087
99 66 467265 470618
56 14 930372 933845
45 34 37337 45905
79 57 370812 377547
85 85 775006 782228
69 100 195826 198874
15 19 737322 746586
18 9 105565 111641
71 58 224086 227897
14 6 851084 853866
69 65 188016 194270
99 44 635723 635880
52 57 364248 367602
59 71 814507 818301
15 7 308587 315761
63 44 525735 535679
38 38 339012 341989
69 52 482511 488991
92 29 306574 315437
55 88 220013 224930
59 78 124641 130947
63 32 683998 693109
100 99 815326 815520
15 55 299446 304086
31 53 303817 304834
93 51 271536 279548
