9 435
15 1 503748 504630
59 65 949331 958556
85 94 545531 554217
44 62 720934 725203
20 41 244527 246227
66 97 666881 676540
62 32 611096 619825
50 49 683070 685047
30 5 757945 761838
46 8 673216 675796
63 28 874538 883202
4 48 361453 368763
84 41 11074 18362
65 78 715387 716298
84 30 82759 88018
5 37 154721 161760
94 16 775770 778612
67 31 113001 118092
89 38 805823 813449
89 62 895659 903652
88 57 448505 457524
24 41 733503 742113
83 76 30080 33314
100 42 826164 826537
2 36 882113 889596
32 16 301825 310725
36 93 652933 658899
84 64 46657 49802
59 82 565005 574462
71 33 977221 987034
4 30 957295 960448
89 54 29535 32845
60 75 60892 65492
67 88 626814 632574
62 46 200466 204324
17 85 536051 543890
1 54 415167 420987
18 44 596973 606003
15 51 753782 760841
78 36 107934 110788
93 35 934097 943200
60 39 237412 240248
86 62 731467 733930
64 88 336472 345067
46 79 636886 641035
45 6 965771 966090
51 62 153338 157825
14 62 289915 294175
40 82 133749 135625
63 11 527838 532843
96 87 517794 526921
21 56 545826 552864
61 97 198446 203258
78 76 674546 683189
36 9 840217 847374
15 5 555345 557653
64 99 55372 63793
86 27 534655 539741
23 30 844563 848818
30 85 149045 149626
6 45 173433 181350
36 62 487704 491767
96 11 626669 636146
82 72 941383 944598
3 83 415356 421154
34 26 232552 236186
96 98 124071 129342
30 44 845873 848000
85 74 474198 477313
95 64 370425 372222
92 27 252998 254392
58 15 481680 487712
25 59 303556 304190
16 14 412239 416139
41 75 455292 462024
9 21 487488 491887
30 35 942940 943251
1 38 24504 31185
29 81 858674 861690
20 70 983860 990302
23 48 461618 466425
31 9 145710 150136
71 67 668025 672156
65 92 906732 914472
34 14 525869 529933
35 4 41934 42468
81 91 833467 838592
46 82 384234 393190
0 92 447688 456791
39 48 542846 548367
9 30 334464 340519
3 36 19510 27085
64 77 751060 760687
62 60 267394 271465
79 47 240505 249316
97 82 652745 659676
72 51 342420 346960
12 99 973585 979704
19 72 452205 456301
95 9 731076 737954
69 0 544964 548553
56 9 328601 338506
61 3 899375 906764
46 88 757535 763284
33 9 472410 480686
29 72 744447 751121
94 99 733241 738644
50 35 702655 703964
101 2 139704 148138
40 100 247030 250411
11 13 359969 366617
5 92 874041 881851
55 88 445002 450020
4 29 622947 630839
44 86 365000 372018
17 13 655299 662788
83 56 857333 865725
61 67 941885 942462
89 20 762525 768757
98 16 879769 885590
27 40 873788 881984
13 41 279069 287182
27 81 637691 640356
71 10 736125 744661
57 58 377013 386969
29 68 520140 528199
91 35 927626 934079
67 60 576075 584725
81 16 424439 433352
70 98 367800 369692
68 24 922270 931848
15 7 711809 713416
1 60 565354 572506
80 88 220735 224209
84 71 379044 383250
75 28 341574 350948
5 57 245037 253885
76 38 889607 890931
12 22 97736 99615
28 36 411981 415777
41 93 23465 27481
46 5 248734 256779
84 91 215804 220266
57 97 833710 843318
42 58 935011 941246
88 18 974509 978730
51 0 854774 862313
57 27 591854 596385
91 88 356605 362167
70 72 180274 186879
22 68 739669 740049
84 54 53905 60979
40 2 599370 607858
41 56 114652 116586
12 1 403835 407430
2 35 84772 90329
57 7 337448 338636
100 26 160086 164911
101 49 832075 840664
16 35 319986 327463
21 6 249317 251601
54 13 505840 507476
70 66 788656 796242
64 86 41584 42894
10 3 667727 668149
76 89 469605 479595
81 54 465481 470487
40 92 908553 916018
0 97 212620 221208
36 81 271733 272310
56 72 224374 233058
12 20 942164 946756
18 89 93467 101878
18 79 150865 153986
77 30 331596 333865
77 34 357926 365999
13 53 387197 390642
75 45 723529 725428
92 37 356033 365249
27 24 863336 866521
7 78 638464 640984
22 50 165962 167639
89 4 334312 336655
92 43 572917 580238
70 53 117332 120769
87 98 742067 750050
23 18 989418 991389
45 79 273584 280255
57 0 78455 84961
81 78 449225 458097
22 46 670384 678960
19 5 415547 419809
59 89 486739 493229
35 6 382490 390279
2 96 434819 435473
88 37 234888 243098
25 35 506355 511742
45 81 32356 36310
49 27 409996 416699
65 75 91200 91824
72 59 936818 937969
40 84 178005 186848
13 62 542858 549662
23 93 118920 123636
33 45 301148 309297
6 9 991880 1000487
58 40 698197 703922
94 56 933495 933962
37 55 75235 76166
75 74 23893 26755
42 86 131132 132493
3 47 58570 62019
69 19 9315 11162
35 55 162672 164011
88 93 361236 367599
45 98 534686 537917
24 39 205330 211693
8 1 187539 193726
96 53 722139 724660
77 22 483639 485775
97 0 752824 754928
37 49 959615 968804
61 5 782071 788256
10 34 893761 903127
19 95 95 9616
95 66 9326 16804
65 40 536302 541887
20 44 613690 618538
66 14 15321 23555
22 74 933707 934381
51 93 8429 18346
69 42 791694 799779
54 57 541242 542364
68 55 599407 601186
98 2 844633 845721
48 85 287883 288743
79 41 781182 786058
92 42 522529 528288
15 21 205470 205854
6 60 939697 943625
23 41 154709 160282
62 48 27359 34039
67 44 122504 123795
74 78 774921 775575
61 65 950580 952897
79 60 548668 555109
78 37 274912 280520
83 66 280813 289294
18 26 69044 74334
31 66 348 8652
60 61 911832 919872
70 79 128918 137560
30 43 977843 985201
42 13 647130 654137
9 57 440031 443773
85 24 661033 668339
23 33 420696 423877
80 55 496208 498301
78 61 579451 582073
29 36 576255 582054
59 58 109637 118825
75 96 273264 278527
74 38 790868 796782
23 50 746186 749231
42 5 630786 636299
73 78 392822 398338
48 56 457191 466972
35 92 978488 980325
6 94 368113 376802
19 14 610673 612631
31 62 300235 302057
86 42 451974 452541
44 96 175472 183592
24 0 851527 854192
97 70 409952 410599
77 60 884739 888441
47 29 366542 369023
82 32 460862 468929
93 6 167427 174661
89 10 850729 856364
89 44 640340 642901
37 50 49751 54342
56 86 123638 124038
87 8 100413 102987
25 98 569318 576031
33 10 822860 823099
7 36 992855 1000672
83 20 920462 926265
63 74 817789 818320
91 54 99868 103651
11 37 972885 980906
39 76 574422 575761
18 22 943292 943322
6 72 255430 263293
87 77 807559 812317
49 19 432084 439285
0 62 375401 383207
63 45 979801 986122
8 30 778111 779218
28 0 797692 799236
29 89 805878 815517
85 97 768827 774475
93 94 30611 32761
91 10 592445 600902
24 97 27940 35850
0 34 128156 132598
22 9 326027 332305
51 100 301243 306565
91 32 862189 866986
39 81 420914 423526
7 39 894068 899591
88 41 973996 976340
92 46 272706 280714
78 64 569934 575105
28 37 487577 488335
6 90 360445 366730
55 4 615910 622210
55 62 406065 415623
54 23 991910 994119
86 81 447057 453477
22 27 478400 486947
71 4 233448 242121
65 76 374466 383923
74 101 773214 776384
51 51 583407 588976
94 44 13110 16294
40 58 360144 366580
48 36 931014 938301
31 71 536793 540364
60 40 277846 278863
30 56 560474 566774
60 74 999299 1004312
65 73 98506 102197
18 49 621409 622489
19 55 801953 803156
61 49 822455 827235
57 96 73754 76911
44 73 871408 875138
46 52 139600 147491
22 97 738461 742877
0 8 689179 690643
15 19 361931 367927
64 97 350029 350187
20 98 657618 663268
8 37 986552 987124
69 10 683207 692763
19 76 690615 699253
59 33 401549 404378
25 0 61512 71249
62 2 917285 926701
60 49 926470 929433
79 67 509668 511420
94 32 694446 703950
98 4 305800 308543
64 80 858095 858997
38 54 390853 397491
73 85 383130 388246
17 77 821791 826093
57 45 561253 563413
30 42 13438 16493
43 2 548821 551300
33 99 150758 156825
33 12 553618 562821
64 68 160571 169956
83 94 587127 594511
52 84 319096 319158
0 2 970281 974687
11 3 758960 761421
35 75 886514 888890
24 36 151989 152664
29 15 833998 839480
58 16 548937 553903
50 77 686077 686552
38 72 873858 874885
75 22 936235 944799
50 79 684343 692286
17 32 16211 25899
21 89 583213 589920
49 89 94108 96989
31 97 272283 276313
71 98 821928 829978
52 95 143864 152414
40 17 249010 249861
54 70 42951 46538
67 34 103367 111011
4 79 258543 263739
68 43 772330 774267
96 93 528311 532738
43 6 738197 744708
19 99 413809 421268
15 99 687871 695329
4 101 671794 681278
38 85 304681 313990
73 92 732552 738359
27 51 209561 215084
80 50 382824 382934
34 97 428305 433472
61 46 533568 535431
52 45 327335 329932
79 70 900477 903829
18 45 62478 68033
25 77 696119 704446
54 73 12918 16755
78 16 923120 923132
75 54 383441 389602
74 52 340039 343455
80 5 371931 380797
32 39 973361 976711
92 92 810134 814047
91 55 426549 433514
92 23 282509 290538
14 20 468590 471550
62 30 56483 57068
1 16 539366 541238
66 83 834436 840375
22 45 893395 893820
22 41 222596 222734
50 96 175969 181588
17 55 290459 297679
8 99 368768 375951
72 54 981973 984315
84 3 994791 1002713
30 100 190945 196332
63 37 962659 964754
84 37 545574 545818
59 71 950193 957761
76 7 430068 434105
7 32 935894 938892
4 43 969528 978277
90 17 14441 17499
66 52 753226 760333
82 66 438495 443061
14 87 340759 350573
51 66 355370 357060
13 54 931591 938395
