17 1728
46 57 337720 340119
4 38 751363 760389
18 17 237108 238073
64 41 569391 577833
13 8 548149 556618
20 3 22988 31583
54 3 592670 602306
41 67 813732 821222
52 62 238621 240522
96 66 698174 702298
8 6 391000 399056
40 18 112473 115347
22 23 559319 567370
14 101 419465 422693
27 62 4043 9299
35 68 471593 475723
21 8 399552 403191
92 82 955838 961052
84 67 638349 638666
19 4 12721 13768
59 59 642847 647549
45 38 1664 6512
94 87 695191 697112
11 85 432279 436629
94 14 850806 856499
0 76 57635 60383
16 54 446404 450559
44 19 432875 441533
57 41 41937 51165
80 18 871031 880684
8 75 505269 515196
98 21 434799 439781
62 67 789293 793328
84 99 447067 455391
84 2 659848 664788
16 83 237431 239581
3 96 107004 107754
27 17 282717 286266
66 40 657711 658663
70 83 404030 405931
30 76 555547 558264
24 2 605421 611097
67 18 373002 382010
6 34 23624 25905
85 94 15525 23918
80 49 597933 606603
14 96 360183 368288
22 89 66498 69586
20 41 947417 950102
79 13 769093 776420
50 3 382346 388680
13 29 842549 846082
58 69 880808 883163
77 79 356446 356901
16 65 706476 715526
7 77 208976 218533
33 79 587356 590134
67 96 871110 875590
87 19 631909 639749
58 24 924828 925658
56 75 131042 139085
42 1 640756 642519
37 20 792047 797802
5 79 52987 54333
48 93 233040 235333
21 49 204076 205232
5 12 160230 169279
101 50 17803 25046
78 55 69741 77066
84 46 322302 330481
24 90 219443 223851
6 46 351279 359510
89 32 542260 550840
87 28 929186 935509
67 80 824839 827984
58 49 360468 363451
28 39 478418 486986
87 85 81411 87850
98 90 821812 822763
28 58 429988 437003
53 44 219567 226462
23 57 759365 766898
1 60 589549 594109
25 27 702721 708341
98 10 400968 408000
8 51 365682 374496
45 58 169264 178409
47 87 771633 780488
95 27 612405 612836
13 85 479384 488522
27 66 356287 362355
94 46 423 8203
5 71 554216 559356
74 31 268581 274683
46 76 887883 896613
3 70 244766 247064
47 41 761723 769441
64 61 1598 2542
92 65 975156 982018
25 93 145383 146134
21 71 96806 98954
91 72 881329 881680
28 93 113140 121105
30 71 105828 109786
67 63 381533 383590
44 82 659851 660191
29 65 841605 844401
7 83 402177 404333
13 79 722102 727163
14 8 276834 280472
35 84 867140 876279
89 17 870955 876163
59 18 24502 28286
60 43 955132 960195
86 13 495810 499975
48 2 120305 123813
49 68 20460 23189
31 65 111314 117045
46 23 594938 600989
3 22 126208 126469
49 101 953618 960995
97 79 15874 16131
5 10 364363 373993
57 10 58989 62780
70 70 523895 533849
16 53 656448 657671
54 55 871024 877977
9 1 102625 107523
10 21 961302 967784
6 14 558580 565762
64 28 766195 772219
95 14 188032 194177
64 0 599404 607568
12 8 901615 908244
61 83 637289 637893
15 71 380028 382236
60 96 251178 257874
94 76 432151 432246
98 58 625499 632519
97 21 181579 185994
100 28 213992 221815
32 62 600188 609236
46 52 112671 113001
51 50 164441 172802
20 66 296939 305701
73 53 206356 206625
49 39 599480 603785
10 40 690628 695867
64 63 17026 22612
66 96 123255 132855
31 92 888528 898190
63 71 549662 551618
65 14 594123 596923
46 85 761547 762187
55 40 509988 512677
78 83 361036 361135
100 33 395093 401436
80 23 429102 429574
23 85 296352 304804
75 9 81996 85499
8 96 561075 566227
43 34 332132 336333
0 84 843950 844559
100 45 447736 449663
67 60 732501 732637
12 17 641341 645217
94 82 846127 846466
46 81 5103 14263
74 45 209299 213828
63 79 564624 572296
36 24 369749 371678
77 60 266580 271658
25 25 890488 896048
33 33 956493 959418
32 71 538916 542750
70 64 334087 336235
63 53 751803 758169
48 39 673364 682266
7 58 176844 183005
38 77 115411 116250
97 23 925014 933308
26 59 30776 35083
63 52 265987 268911
97 14 88256 93796
1 11 367386 374993
3 76 847870 853164
22 1 878522 883211
31 2 985699 986716
55 67 750178 759941
57 7 585885 595035
42 38 947212 948867
21 17 663895 673039
50 44 676760 684580
82 27 996417 1001769
33 60 822822 823877
98 100 258424 265455
14 14 353853 355560
44 85 595321 601815
29 93 725355 735265
62 56 635026 643975
67 77 352244 360363
82 60 414230 420757
94 101 163509 171934
83 27 490712 496467
14 85 547700 553722
84 96 321272 326320
47 13 322253 330709
80 61 631791 634104
56 46 894977 901575
13 22 257587 260032
72 25 361604 371013
4 42 885281 888187
1 82 902242 908708
80 57 311678 312751
22 37 4853 8784
42 15 489750 490117
54 98 455791 459910
41 24 945765 948122
26 41 309370 311674
66 4 376701 377261
55 14 491761 492265
91 30 540198 546031
82 64 571487 580545
38 66 122004 123597
99 86 768712 778052
44 70 521468 522640
20 2 673860 675755
41 11 976448 978559
32 84 788553 796452
22 41 339615 340881
6 74 685115 690217
20 57 402579 404177
8 2 851095 853795
62 87 895700 902348
87 56 385806 387728
32 85 175386 179963
96 77 827102 829726
64 89 408269 411574
88 36 277605 284626
94 81 663787 672988
35 30 93906 96423
77 21 860013 863205
51 56 941057 949268
7 51 27085 32532
61 84 307863 317065
7 101 613615 620661
72 0 48478 54255
48 12 121926 123519
23 10 690196 698454
98 89 426304 431745
45 59 490056 490908
6 27 993944 1003440
9 84 156178 163239
52 59 998408 1004287
92 62 816277 825750
84 7 823908 827459
30 11 406719 414485
48 37 683302 687249
37 100 913117 919664
10 42 462281 463218
28 52 44083 50642
52 24 129457 139365
41 46 819527 826711
59 44 551315 552777
5 80 840717 841293
25 43 178707 179907
60 64 234208 238545
13 35 736891 741143
29 101 939657 940782
47 90 220740 221176
91 81 491242 492868
44 71 183282 186888
18 82 186058 187096
98 83 415445 422802
58 91 241919 248530
62 92 458472 463072
14 51 161789 168194
70 8 307663 308558
64 3 411615 411796
39 7 444635 453885
21 94 867653 872772
73 78 125967 135828
69 27 542268 548839
46 89 830945 835994
59 28 940413 950056
15 95 62522 68511
93 98 15166 15219
91 19 305409 305527
98 14 569516 578983
29 27 473448 481423
70 38 516307 518691
82 17 75575 85385
12 67 894505 901061
31 69 425038 425224
88 37 511268 517337
18 72 197088 197163
29 57 129646 136212
34 24 39477 43930
76 38 647036 655979
16 21 759017 761984
100 42 625587 633706
58 31 660658 666198
66 84 865064 868271
48 89 846750 852770
62 57 737972 739502
10 39 297765 302744
100 5 427448 435977
51 16 53016 53637
40 87 615498 624002
86 42 388731 389849
67 31 756204 761038
35 17 775484 776856
86 22 482751 483405
39 76 941389 947809
79 32 278305 284325
79 96 897973 901774
14 88 629836 638874
11 24 754102 763740
31 58 907661 916764
87 66 112662 113698
24 81 20942 29761
21 98 486137 494916
33 58 892629 901453
53 85 583273 586206
35 54 346912 352792
17 3 298812 299435
16 29 73861 82087
4 88 903385 907141
61 46 531661 541056
32 50 903124 904683
56 100 315756 319243
6 80 62509 68567
50 87 162022 168628
38 49 643365 647604
1 63 713606 721973
88 68 677668 680735
7 36 441394 446775
24 37 696919 706154
80 5 288646 289078
61 58 233105 236532
45 2 437001 440869
54 94 738465 743597
68 20 954983 959374
14 33 677275 680461
30 7 657372 660895
26 92 7561 8652
69 9 742726 743916
6 78 166170 166702
20 49 27012 35437
76 53 886848 893313
43 32 140898 144726
18 84 566615 570548
8 14 362946 368324
67 3 487573 492880
2 75 334568 339832
22 39 994649 998070
92 6 571260 573641
61 12 318893 322655
3 101 566061 568248
95 5 933520 937993
92 18 405936 409352
33 93 18750 26646
8 21 700043 701877
32 10 403822 413772
37 2 916246 922883
74 11 601602 607754
71 101 730615 739053
62 13 69768 77779
98 44 940879 943081
77 57 617882 624742
67 19 213874 214167
86 70 214881 222805
78 68 253660 254546
63 84 971122 980783
47 24 53262 55386
60 101 393496 400440
6 56 333604 337084
32 21 768879 771549
52 43 581067 582483
37 15 438206 447673
50 68 101135 103349
27 90 971735 972118
92 56 134457 138138
8 26 989782 991245
80 51 416502 419515
68 69 823761 829682
45 84 730885 738670
2 33 703844 704290
21 45 880638 885041
95 30 959669 961027
58 94 18354 20539
13 16 483704 486937
58 19 319310 319866
81 34 85205 88071
97 96 878642 885237
73 92 76555 80333
2 76 573196 579156
61 65 495781 504186
24 83 756808 759353
92 31 152346 156021
16 20 933451 936956
95 41 175084 181242
91 9 162627 162863
3 13 764972 770501
45 56 474840 483160
86 81 948028 950939
34 65 426826 432621
22 93 356487 364300
67 35 129901 137581
39 22 939212 942135
66 2 765659 768386
93 74 545752 555137
100 43 287735 290788
13 100 45697 46490
22 71 110427 119427
101 15 91182 96567
98 49 185095 188286
88 40 511170 515878
84 81 219804 221324
34 69 817274 824257
43 97 482459 485149
81 4 195152 201486
44 77 45626 48100
101 2 853971 863036
23 48 598712 599386
35 97 918370 922271
46 7 476791 482642
1 99 759635 767256
88 53 7998 15232
46 64 580297 580990
40 4 426663 435827
58 33 694271 702693
44 101 775927 785016
8 27 907422 915723
54 14 974015 982448
59 77 839149 841438
74 95 394697 401292
0 67 122111 129373
16 8 137063 140274
58 9 439546 440165
20 72 556518 562422
48 3 435778 443394
75 28 90450 94249
3 44 415433 417408
30 93 175267 184790
63 45 603498 612248
36 97 305907 310311
87 7 611217 619051
80 90 165840 173136
4 54 524821 525158
10 67 976727 981384
83 88 88154 90524
93 10 878590 878881
66 89 497302 501915
100 59 761071 770207
5 45 787483 790944
45 83 715386 721718
35 34 108324 115573
9 64 68721 69146
95 101 205103 209585
97 13 639533 640440
79 100 233271 235074
82 20 719821 728482
42 77 253767 254418
2 81 637947 645866
14 54 490322 492977
2 79 635327 645063
65 15 68321 76305
85 77 436463 437340
31 85 796326 803801
39 97 622655 627149
96 56 767143 772719
100 2 32030 34637
93 35 423431 427285
32 82 923983 924120
11 91 942230 946584
63 10 615047 621758
94 39 781815 782254
3 45 120397 128673
52 66 194779 197403
30 26 188223 193346
18 51 410991 412590
59 93 487067 494367
69 43 507375 509652
7 27 744876 749363
100 25 273594 279409
78 34 471879 479075
21 29 731280 732159
36 65 604286 604804
8 45 597216 602028
47 54 508707 516354
58 95 361163 365437
99 64 149858 156946
26 55 698257 707098
32 52 224062 227256
57 30 986563 993990
34 90 156048 158822
12 32 677137 681215
4 36 251394 256969
9 8 924875 927420
59 71 858298 867726
38 18 990252 990606
10 101 600177 601328
41 31 43925 51754
81 62 487933 492522
38 42 55878 58932
93 12 477538 485560
85 36 90684 96706
56 84 775525 782264
61 25 971842 974167
2 62 761347 766484
2 94 967468 972250
21 30 498240 507735
53 2 375788 380540
89 75 833065 838407
1 34 168011 175851
44 98 325054 333542
70 55 296973 297749
70 53 161024 166565
78 62 938044 941461
79 67 653885 654721
57 40 219894 222619
61 38 768740 775804
41 74 565375 572647
100 15 4905 13144
44 66 736495 741423
5 22 795983 799252
24 29 981450 990287
90 29 957812 961151
98 4 180402 182028
42 34 231783 238564
91 88 470002 472977
50 35 656695 663205
45 27 613119 622859
93 45 262764 267727
42 28 561732 570946
1 96 908070 913261
44 27 954146 963131
59 88 494937 503058
23 77 869813 877919
77 100 442693 443125
58 77 481621 486693
19 61 270322 279822
19 38 799035 800522
8 41 97351 104012
69 65 947437 951082
92 48 383528 393162
52 47 135254 145045
88 46 114211 119759
89 50 366035 376029
10 10 146250 153474
3 50 151742 159199
80 30 226041 231623
53 74 714560 715259
25 33 561110 562872
96 1 478318 487659
89 44 851447 859035
98 82 477915 481245
41 101 25490 34711
99 77 994946 997079
10 52 808197 810539
75 41 129964 137518
34 78 956062 964740
8 95 117684 121642
38 59 512300 515403
44 23 467100 476124
15 78 209911 213847
1 41 625876 628291
73 5 542066 543707
82 65 652810 656478
84 64 463701 473180
38 55 648428 649113
61 64 184733 190921
67 66 486463 494485
88 17 819862 821454
66 59 243267 246779
53 77 530589 540228
19 87 367617 377386
33 77 460927 461969
1 21 969746 970489
77 80 406597 415413
96 5 141314 142046
39 42 116667 121816
87 53 219201 224682
99 23 966259 969035
1 98 161209 162106
61 34 302846 308046
53 89 541849 548841
3 64 749534 751856
56 82 359154 362487
79 48 641198 645483
29 30 322913 327033
67 85 5629 10002
81 83 299685 306883
31 55 980579 981063
9 36 6530 15999
32 58 858290 860199
96 69 802954 807678
38 74 396622 403055
39 26 131702 138422
17 96 501238 509828
23 46 557114 561370
53 47 910302 919054
16 64 437196 444189
77 42 319868 323739
0 10 593709 598747
59 81 373746 375724
85 42 397037 399488
73 43 539132 539642
91 70 695656 698399
19 25 350580 356954
66 98 41987 49958
55 62 837567 841530
66 20 244843 246410
2 53 742702 749893
38 84 836568 841336
37 3 685027 688997
59 57 294517 299108
44 40 109054 118165
46 72 598357 599997
41 32 687808 694088
97 82 25911 29711
69 41 420062 426467
33 80 784934 788916
100 48 227125 233947
33 81 299806 309189
9 27 645533 654358
30 41 830374 840300
47 34 546150 550062
95 6 73188 75620
52 45 363389 369148
3 37 187927 192598
45 74 537814 540786
6 98 969718 975933
101 21 903139 904921
81 89 258063 261064
0 57 933048 939282
29 41 605120 607256
35 89 615122 619106
6 95 450317 453111
88 99 6672 7697
5 48 423352 425525
23 99 985419 989320
87 44 678926 682142
77 92 866759 874228
90 56 747110 754033
91 29 218404 227302
91 13 468763 475032
56 65 54837 60377
70 65 783206 792163
87 9 944074 949830
39 4 679962 689500
66 34 664308 670880
40 10 70317 79913
101 37 720555 730046
75 38 421025 428863
14 55 91587 97734
53 5 763876 766071
63 21 309221 311788
9 42 485392 494171
8 20 479214 484924
59 97 867745 869979
4 39 294005 302946
31 14 49520 57248
8 94 50545 52504
9 97 334430 335432
15 54 996797 1002245
99 14 703479 711041
13 56 224938 234391
54 46 999868 1005991
88 100 794400 800552
0 45 370554 372762
33 24 269290 277288
88 70 436800 441605
76 46 983556 983645
21 50 743053 746156
2 70 778110 782377
46 12 685708 690562
2 97 872770 878706
90 33 994352 999674
44 84 377009 382954
24 13 515876 520291
9 21 168963 175515
36 88 719398 723866
22 76 978350 983850
75 95 433036 438980
91 99 55891 64065
28 18 936096 937371
13 74 698279 704002
14 31 778462 786724
18 86 766375 773675
15 11 22884 24963
60 92 494571 501680
36 52 676589 680031
56 39 137315 141628
83 71 19385 20006
14 12 206739 209479
13 6 688561 695554
68 24 306584 312563
65 95 250458 254687
86 43 263620 266343
37 77 805470 811113
14 50 402902 409023
57 43 942618 945401
67 91 485169 490006
98 12 750967 755484
13 66 18140 19291
19 71 457135 466940
59 10 961589 971534
5 23 911751 915731
25 30 627111 632911
20 54 853277 858720
52 52 371896 375352
26 85 416734 424796
37 80 421014 424793
0 17 912882 922794
37 97 477192 484835
67 55 987980 996336
63 29 109905 117946
14 65 396226 405286
49 40 70750 77171
80 89 503440 503674
77 63 967856 975175
97 66 120684 125864
83 75 421801 425353
61 17 138074 142259
49 50 861458 865168
43 48 128589 132030
66 80 858351 867501
20 90 352914 360418
38 8 345773 349007
9 92 294896 304089
101 55 303241 304828
101 41 407923 413821
87 71 766045 768422
26 64 784888 793264
89 76 797091 805489
92 11 83351 87062
19 45 972178 977528
71 93 657903 662705
47 11 49359 58531
96 14 753823 760690
11 61 546844 552772
50 16 167131 172268
30 46 779371 785423
75 70 22584 25867
38 101 565489 573516
23 23 924315 931950
13 46 709660 709724
35 25 852937 857564
16 24 135812 145224
41 37 422724 430797
15 58 90 386
80 29 501284 502780
51 91 539700 542129
70 39 325372 332576
52 61 253236 262468
45 20 449385 455970
42 47 326055 327324
10 6 707344 712352
98 67 481663 490779
99 82 859814 867715
93 23 900429 903044
47 47 555682 563778
9 75 657958 665561
70 5 938910 946238
63 40 753160 757732
18 73 786593 795707
0 86 497864 499488
36 1 417293 424393
76 47 266857 269617
55 70 292130 301927
5 49 603058 612444
86 15 684732 685179
18 94 812033 812450
17 33 635013 637119
31 33 341973 345833
83 81 767151 771756
23 4 312540 318573
55 49 548124 550394
66 69 373113 378338
57 23 183205 187057
99 89 309154 316837
27 56 358743 359449
37 48 329670 338095
58 28 198383 206374
18 88 881699 887775
80 1 209061 216642
92 55 548207 555565
92 8 263747 263999
85 61 580120 581745
32 1 314462 320628
69 78 155178 162621
75 72 203799 212312
31 53 994858 997481
37 36 902069 911015
97 42 49824 52321
11 99 707613 711893
68 74 582257 588463
89 7 290236 291602
51 81 296147 300432
27 89 765284 766109
98 24 473049 481548
78 73 311512 316308
56 22 830668 840376
63 26 66191 72911
98 65 37025 42312
32 15 685619 689889
29 38 712395 714967
68 29 214747 216438
4 63 505146 509805
85 52 866823 868497
86 4 377702 383521
44 37 147279 151399
95 81 924183 930933
13 80 867902 868861
26 2 717275 718126
41 44 999750 1002754
83 49 677608 680407
36 42 137637 147568
91 52 919252 927579
7 10 395603 403046
76 86 391912 398920
8 85 772969 777728
18 80 701455 711434
69 75 596122 597046
87 73 189305 198907
43 10 687237 692225
75 26 392112 397561
78 57 796845 800351
19 74 73194 78915
25 74 456680 456916
13 82 580283 585299
67 29 444887 454153
97 61 943827 944106
83 65 98951 99394
11 28 322712 327921
37 56 433784 439645
68 46 248511 254889
76 66 672863 678259
76 69 945749 947605
97 12 558117 564766
19 16 871533 879222
3 30 566761 576079
1 65 410901 412805
19 39 836416 838279
15 3 30899 37779
39 20 79216 79694
93 2 103815 104717
89 49 83348 90641
84 55 748589 756193
51 14 473555 479998
3 42 746886 750576
38 56 187013 191596
42 5 459660 469312
56 78 957078 958890
0 59 420813 422154
73 29 446822 450224
42 32 299931 301286
87 15 520563 524033
91 40 419591 422318
38 40 724978 731802
32 32 585426 590431
59 9 46846 50530
95 80 443689 444938
88 43 973419 978802
16 22 747659 753741
70 85 57891 60973
101 77 660214 661902
18 40 485681 491764
12 2 203140 205005
87 8 882723 890104
46 54 696869 701349
54 76 341671 348893
61 52 652111 657794
52 56 497505 507153
95 97 712125 715210
68 13 293555 298219
101 72 797467 807364
1 42 771570 780442
87 43 449728 450948
12 87 281428 285845
26 16 708823 715003
84 32 561266 570583
57 19 571499 579406
36 16 561916 564725
94 13 834670 841536
90 30 316782 326619
69 3 227415 228637
49 83 910289 916219
35 94 311301 317946
84 87 497601 499061
85 92 307207 313371
74 49 774087 781805
21 5 237050 240823
16 9 517982 522771
3 20 357974 367373
85 84 508923 511045
70 13 99209 101693
3 1 844854 849592
90 99 847894 851093
33 43 173969 177960
81 94 506126 511695
36 80 60489 65042
87 59 171086 178795
85 71 193228 201972
88 69 868245 869215
32 6 208852 215822
5 29 555554 563763
25 100 679747 689345
22 85 443365 447371
80 82 837052 845100
24 59 587582 587701
38 86 213330 219164
3 17 585460 595373
86 35 840111 841588
90 38 980144 989171
16 86 931304 940333
65 6 940627 949513
36 17 886245 888567
75 86 469480 475950
82 83 754920 756506
52 55 575350 581622
10 35 317015 324675
37 38 647383 653763
13 26 895884 901781
40 49 466569 466672
23 50 663229 671224
38 5 924955 929004
17 1 837345 846307
39 60 759798 759903
97 10 214397 223038
28 21 822723 824317
10 54 767589 769423
57 64 637194 640704
90 39 724734 726830
93 66 263088 267739
17 99 265301 267271
57 3 375872 385556
4 80 19659 28800
36 36 695042 697916
83 55 835939 840217
88 35 469690 477200
29 29 875819 883102
89 62 360615 365633
87 49 929714 935226
57 51 988930 991875
84 42 212774 214584
47 89 245319 245487
78 58 159038 166282
6 57 73401 77513
30 75 128906 131002
93 97 312501 318042
97 52 704960 712319
70 99 110669 119676
69 18 831746 836352
71 49 399438 401839
59 99 155785 164533
62 38 37181 39228
42 81 882556 891257
71 84 640961 648059
99 3 594528 596974
19 85 919273 927884
39 36 350634 354639
44 69 104380 110828
21 16 113107 114536
5 31 631304 634482
4 56 471381 475207
20 47 875855 876654
84 31 412614 422260
11 60 89535 99167
79 60 69015 77359
89 101 761077 770858
101 56 617963 625642
22 20 253452 260934
55 3 43254 46481
56 98 834041 843511
47 66 140274 145069
62 25 606178 613821
91 42 494943 496115
56 38 625509 635205
19 22 732221 740022
8 72 53499 59466
43 100 953405 960598
70 59 876109 882462
91 85 939944 942711
76 63 632587 640749
33 70 116804 121751
92 97 507255 514475
1 58 140854 150219
74 88 938566 942630
83 25 899886 901279
42 23 283607 287140
81 75 961462 962552
6 30 784293 793178
46 46 221873 224267
29 96 587876 596995
30 44 719209 721724
100 52 797965 803346
0 34 239800 240354
16 59 753948 757954
100 27 491919 493732
26 88 119775 125995
55 91 670012 679955
27 74 20123 26481
61 0 575984 583866
83 79 897835 906318
78 2 626803 634189
79 54 666643 674732
88 82 364362 370450
21 89 553819 558418
8 13 440161 446319
70 69 443286 447215
68 6 228665 236361
84 84 94436 98482
2 10 208285 218229
56 62 151073 160955
19 54 910222 915264
77 9 500554 502831
27 7 716767 721329
24 35 924462 925685
43 60 644938 652205
73 67 575752 575758
56 45 369218 375233
10 1 955487 961164
33 69 828357 836646
28 76 674954 678483
23 26 566214 575088
95 62 272094 272749
64 92 693621 697312
4 79 724675 732089
77 77 992100 993686
33 96 545089 553743
13 44 108125 111784
38 21 237735 240047
67 68 288962 296021
37 22 299570 308097
89 86 119911 120919
14 89 969957 976893
59 20 35669 44297
63 39 591123 596903
99 51 507790 512062
57 1 41298 42181
5 58 155689 159672
24 42 154489 157588
48 40 156714 160514
12 91 54155 61584
96 80 675513 677289
65 69 945643 952826
67 30 98550 101506
4 95 595010 603329
34 36 266173 270621
37 13 71976 80661
4 3 418451 423104
65 50 358750 359793
97 84 130034 132604
63 90 277561 280225
62 80 939670 941057
48 5 742942 752079
65 81 703612 710926
84 16 290962 299215
55 27 679205 686673
31 3 779307 781466
7 69 432651 437729
17 20 786240 790917
78 84 208339 214132
75 37 304050 305980
36 32 159446 159982
67 45 152130 154345
31 15 271142 272949
31 25 179697 181065
41 39 442360 449484
62 21 754416 760676
50 30 353812 358675
0 41 829256 830466
43 21 235692 238433
86 77 817675 818526
66 78 723792 728784
63 92 79645 80473
57 45 790978 793996
83 80 603109 607520
99 87 922100 922248
66 18 637359 645905
91 4 260688 268505
15 51 397340 399970
24 27 855543 862014
8 24 563338 570094
45 29 590224 598136
5 85 972830 973436
80 99 840345 843612
91 86 791729 800046
28 86 707476 714414
71 21 411640 418449
26 8 735765 739109
28 94 386852 396570
81 93 876120 879919
95 24 60282 61004
19 29 21209 27661
77 71 626604 631510
89 90 308716 311047
101 28 307722 313909
98 51 817978 820282
30 79 13463 15488
24 86 541616 550713
26 101 842390 843419
60 77 928073 928801
20 68 188370 190840
96 71 164488 167340
38 35 680993 686523
48 97 285753 288308
19 51 914235 921175
98 56 446764 455492
96 3 458952 467399
79 24 319315 322343
34 89 408390 416296
12 9 893291 900751
78 9 353394 361697
3 29 713258 721177
88 84 585675 594025
83 3 268685 276502
33 55 838595 842750
59 29 699833 704312
96 46 211056 211149
37 63 817975 819461
22 87 13002 22207
23 55 516728 523818
74 84 52348 53315
96 48 441308 445649
18 49 378485 385772
64 95 693220 701411
90 94 470746 478453
34 74 73137 83110
34 85 830281 836955
57 79 970778 973526
97 24 586601 589778
39 12 34262 37020
32 37 716155 721431
34 64 882274 887244
59 12 833316 836736
33 13 700562 708055
13 40 587580 596906
83 83 677029 680696
51 53 808995 809242
75 16 486725 487807
20 8 692727 692841
53 30 171444 180275
26 45 168446 173259
22 44 789417 797380
70 44 166905 173307
87 83 703187 705354
34 82 700490 704083
63 50 471230 480968
69 15 342837 350170
65 49 430295 438698
53 50 933005 938100
11 77 375219 383718
57 37 555939 560223
73 33 596591 597366
50 59 591052 596252
84 3 353393 356707
16 96 813297 822089
6 33 679566 685789
92 50 193129 196134
15 81 634771 643157
13 4 118012 125778
58 46 335039 343622
80 96 436950 442862
65 65 688845 691427
48 88 77109 81168
49 97 440586 444882
43 99 668156 672764
70 20 560285 570125
50 73 265600 275587
63 25 298990 299038
19 79 99893 104363
3 46 559157 568578
74 67 50893 56302
96 54 812878 815914
63 41 101979 111517
57 8 863114 870394
18 24 786998 794441
59 67 519225 519706
68 3 307068 313443
17 28 209994 219026
101 52 591228 592938
67 88 372032 374925
72 49 664141 672466
53 40 192420 200275
25 79 327099 329697
37 58 300576 309968
1 20 542781 543893
37 33 495080 496546
61 100 324932 333246
85 48 814766 815221
0 64 504977 508220
25 49 745813 752733
66 82 360888 369093
46 96 277763 285379
1 75 576648 584982
55 16 58525 60945
69 2 975635 976850
2 96 739567 743577
75 36 721864 722012
27 47 661326 662102
14 21 683001 689087
73 22 648633 653773
42 20 66635 67362
61 87 303018 304329
26 74 241602 244683
22 60 798682 800463
52 97 646488 650502
14 46 614092 618011
77 26 97900 102317
60 46 898805 900822
89 84 534879 538018
32 14 378665 384498
86 86 307689 308301
18 98 711916 717509
51 97 224293 232366
56 77 643798 653458
95 85 636171 642826
7 3 64057 67359
23 59 576890 582002
70 61 164012 168380
52 32 735666 743398
8 19 652167 658936
88 67 770567 778336
71 62 846351 848500
95 12 819226 826909
22 48 146211 154551
26 86 828080 837125
85 26 962416 971262
8 81 291609 298850
100 80 619414 626136
71 78 939686 940027
14 90 346681 352828
53 6 834343 834461
7 26 183759 184461
70 46 182189 188600
78 96 617317 622051
3 36 185374 186875
7 84 351243 353251
80 9 647766 656457
6 5 877622 887421
46 93 195372 197824
28 55 205482 208687
6 79 751956 757336
56 11 896541 906149
87 94 891241 891564
88 96 438676 443532
29 50 157241 166976
43 56 63758 66626
47 32 849410 857565
8 60 557559 566235
0 20 620250 626820
80 21 630615 635551
22 21 634199 641312
7 32 361387 363231
30 101 554528 560015
16 51 459811 459996
13 81 124861 130800
59 80 57760 65948
39 85 879662 888288
22 62 201180 205646
11 88 59083 60617
47 42 946787 956564
55 74 860723 869103
68 90 36127 38148
99 33 885229 892437
35 75 910850 919994
60 71 849980 857643
74 24 830001 832269
9 40 139844 140074
57 20 424528 425167
91 91 21362 25438
6 93 303608 305501
69 0 338972 347721
80 93 782882 790047
45 94 123438 133380
30 83 5772 14405
33 9 563927 568331
20 83 955597 962121
99 60 530349 535956
82 55 784143 791629
59 27 5664 11560
52 37 601301 602254
17 52 325025 325590
34 48 749300 752231
39 84 916711 926110
84 97 503069 507409
78 50 55632 55897
69 70 917921 926619
27 81 843709 844357
7 24 359886 368496
80 92 683916 688979
47 16 148910 151613
96 10 803623 811144
46 21 822798 830319
53 0 590254 593788
96 26 396913 398671
70 21 977254 983954
98 13 392764 399361
36 15 955333 955388
97 49 635144 636164
92 1 899260 907331
54 35 842766 849524
32 20 548768 553487
7 79 640002 644446
17 0 515216 518140
100 38 713831 714387
92 32 372090 375606
0 46 195278 198678
79 15 564783 572756
38 2 913077 915795
12 21 231066 240112
3 9 513241 523128
85 50 911701 915607
16 90 805402 806594
16 45 581436 590350
64 76 763946 763963
52 63 981721 984731
4 52 264281 266843
75 65 143169 143268
28 45 235737 237847
16 41 818223 824928
75 30 247885 251930
91 71 112679 118633
35 33 608367 616206
69 95 965035 972427
14 74 574729 576167
79 81 258874 267801
2 56 363250 366514
35 56 251105 257924
86 44 373091 378921
3 84 638573 639031
27 32 320739 329174
7 56 597493 601465
51 34 488131 488320
52 71 414786 423185
61 43 968384 975968
4 34 927090 936324
99 75 431287 435245
93 20 326796 335933
7 16 426918 430877
22 97 865864 873136
99 62 549137 551938
28 14 866817 875218
22 15 396287 396847
21 82 240815 243241
56 24 484045 489740
15 93 878493 878707
62 30 657665 664357
27 78 719387 724368
26 18 959475 960806
37 25 235973 242004
63 99 997703 1003767
8 97 950346 953794
33 65 775888 778357
97 65 591459 592805
49 22 468535 470363
72 54 617037 619185
84 43 483025 492359
34 70 308444 308812
16 26 901178 902795
82 31 797446 800950
29 72 826473 826492
78 42 958963 961803
31 32 141747 150039
51 89 925591 933729
38 37 561039 562310
83 0 786266 792349
30 82 139828 146740
51 58 907404 910395
71 91 290056 294607
71 0 634677 636409
57 50 38057 42773
73 59 746935 748780
10 8 803274 807446
34 31 318807 326408
66 58 381704 391642
30 12 198971 201807
75 42 571995 580790
33 39 812467 817548
89 99 99884 105875
45 54 797925 803720
77 62 834395 843725
23 15 269433 278599
36 33 439299 444173
25 59 844556 851897
44 59 753683 760185
40 31 151426 159740
18 78 513927 518685
5 37 252615 254480
85 31 490514 492544
27 55 909515 918563
27 0 171296 171959
87 12 784748 790919
54 12 110916 117861
49 57 445597 446266
6 41 906346 912205
60 19 461473 462385
32 13 588350 589434
89 37 429092 434432
88 42 120025 125693
3 6 690990 699880
80 3 71763 75056
41 86 229168 239168
79 18 469051 475303
13 75 317844 323182
35 41 244703 245665
78 87 366270 373040
38 61 395579 399985
32 40 500292 509303
4 14 957912 967885
77 54 363049 370423
39 89 921807 925627
76 95 771666 781420
6 52 552463 555558
11 74 56376 65483
5 70 603758 605887
12 14 638612 639354
46 99 52423 53948
100 99 997611 1000819
17 82 844538 850228
75 83 386100 388567
97 88 74186 81009
16 92 580399 582867
21 46 939892 944493
16 60 499980 506741
35 14 773596 777751
41 73 177798 182520
71 52 662652 664446
49 32 12157 14331
0 9 317328 322209
10 84 588617 591623
19 15 253300 261939
68 75 878466 887540
16 74 958817 963951
25 65 312050 317472
90 55 863990 869768
97 100 510950 516658
55 46 492769 498882
94 59 310173 312247
11 47 799845 803665
68 53 792586 794736
75 57 222232 230589
50 39 788105 793064
87 64 854143 863558
16 38 211707 214296
94 75 902103 909671
89 41 236632 241890
2 22 862654 862733
86 32 113664 120394
54 27 572355 577127
50 49 658462 663173
1 1 535739 537187
16 43 499208 502435
27 29 139006 142951
82 4 564070 565732
77 20 897571 906268
94 16 410687 412060
95 75 693640 693934
44 35 941678 947880
6 4 104374 107474
59 40 665622 673161
27 3 73782 76948
77 59 468067 474509
87 70 517772 526093
0 69 60716 65536
59 84 380933 382646
99 17 914431 915190
43 49 359812 362388
76 26 652821 656045
54 47 306841 311121
58 5 323632 325843
99 39 200381 203779
19 42 185498 189454
15 50 93414 96039
62 62 145386 148280
76 12 60640 61542
81 98 659534 668334
95 54 601977 607633
37 85 465665 468119
14 34 194965 201476
34 101 652373 658206
28 100 842936 847371
39 86 870810 875947
44 11 393485 402877
7 48 918978 928786
22 27 471804 480023
76 13 357000 360453
34 34 86594 95500
85 34 306130 308428
46 84 413004 415885
70 91 361445 369215
36 26 544637 551563
83 10 503042 506573
58 41 656464 658749
76 29 344308 347244
55 93 904700 909668
26 98 305970 311605
70 27 918339 921585
91 53 692113 701386
34 32 370086 375631
97 44 656592 666585
55 65 736519 746339
18 22 747876 747974
19 94 982701 983694
21 78 691730 696294
20 67 936043 937289
61 6 199990 202132
73 95 338909 348877
50 92 14531 23866
55 34 879067 888370
59 89 132548 135847
27 16 75149 84014
84 83 997513 1004584
25 41 267529 268871
9 54 742230 752126
90 67 565776 570554
63 75 522586 529784
5 61 342775 344384
61 8 288496 297113
64 29 705386 713783
49 66 949860 957785
91 28 631457 635243
70 72 206117 208347
21 12 52680 55733
97 40 902898 903189
32 57 801377 801968
92 13 886607 894689
90 100 29464 29893
25 99 463259 471560
27 83 793874 795353
91 76 933884 939319
48 87 548753 549063
6 84 792979 798396
76 85 33639 43480
92 44 18817 23973
91 46 602767 603029
73 18 132829 140325
61 48 663419 665258
63 37 583999 591524
56 56 795758 804660
67 84 495157 495195
52 91 793221 799178
12 11 610362 616519
43 2 808580 815729
84 72 166582 171179
46 51 651735 655939
95 29 554135 555288
58 87 218720 222292
86 53 628300 630310
29 67 680593 681282
64 11 210889 212945
101 1 268140 275596
71 77 725693 733665
12 81 29044 38113
1 61 489583 494308
1 56 476003 484127
11 101 580135 582988
68 33 502091 502606
27 43 490627 497111
49 1 462203 463200
17 40 12878 14335
37 73 370071 371847
38 89 209075 212968
16 6 136845 143256
63 54 403759 411008
62 7 656162 661432
18 76 722581 726275
43 50 705119 713324
50 52 717267 724021
31 6 326073 330251
59 0 697268 707155
83 13 238201 243131
45 91 251415 251420
2 88 473942 480960
86 83 850093 850989
1 35 755219 757639
7 28 915879 919036
86 30 550387 556184
15 16 10021 13352
52 70 977886 983200
82 44 217140 219451
52 20 377061 386722
44 55 732579 737583
59 78 771460 776894
37 94 73504 81970
39 90 662095 665163
5 84 228643 236410
13 1 217688 225537
32 88 474494 481981
17 41 645131 646234
13 48 469998 479135
62 36 666311 667435
13 23 763999 766677
98 64 180760 189066
49 45 955363 962430
14 64 286115 288563
70 79 329041 337087
12 23 959108 960005
49 49 995850 1000410
90 54 282944 285169
61 80 617596 626625
35 37 568786 573519
70 97 575568 582236
96 82 752339 753814
84 5 920638 925756
47 62 699125 699749
28 87 313660 314507
42 21 554112 556109
79 51 629133 635926
96 75 480680 483994
2 87 679813 682375
8 15 632223 634522
80 67 711716 713203
41 30 2607 5566
70 47 448255 456807
45 101 686142 695480
101 91 973859 975697
43 70 329635 337473
64 99 297849 304749
40 7 27397 36308
76 59 504770 512550
30 1 792881 794799
3 58 600407 610035
12 100 620361 629928
37 54 234534 235515
27 61 991310 994285
37 8 315372 315809
61 97 633951 634486
67 94 520077 521253
44 65 301489 305098
31 73 25998 33652
62 63 18852 22262
8 52 85993 94242
36 61 780743 788788
81 55 620724 625079
77 35 689652 698595
80 45 766839 776168
2 27 360001 367017
100 8 849491 854462
17 100 79755 82154
7 74 543805 548329
18 19 796033 800072
86 0 119677 126515
97 9 568012 576278
40 20 639830 641014
74 85 985585 994936
10 86 821002 825424
21 35 88683 96821
90 27 54806 56718
37 39 140986 145999
59 98 539439 546030
31 52 605415 613632
96 83 445319 447624
95 57 850939 851285
55 50 784218 787931
51 55 27175 27567
52 53 551176 552640
82 95 585573 595512
51 86 571180 576502
90 83 863704 865844
83 64 515385 524731
48 53 845171 847344
20 96 829415 837033
46 42 817792 826045
9 2 214223 224025
67 79 731627 733354
21 15 435123 441947
46 88 293080 298421
77 68 927559 934633
12 47 76538 79861
46 38 636434 637559
59 46 21281 25866
89 55 400121 408383
33 54 496193 503259
29 99 977887 985956
28 8 447597 453977
58 93 654458 660450
22 92 277982 278042
57 81 738510 741064
85 59 725982 735034
57 88 522703 529904
27 10 349657 352593
24 14 487299 496239
28 95 603627 608221
4 26 782793 791224
70 18 944227 953634
23 65 287113 294273
16 62 128310 129267
12 77 984290 985471
28 7 788143 788670
36 39 196257 202601
2 18 374047 375035
73 38 504296 513108
22 25 702728 708804
2 19 691808 696034
31 38 545432 548628
89 10 843328 851660
73 47 792753 796473
54 73 386368 394638
87 76 205132 206840
23 86 447633 452231
63 89 699859 700983
64 2 386592 387949
22 22 874479 878560
78 67 322291 322319
21 100 938019 943766
21 84 962760 969992
39 25 696759 704304
61 61 154481 159694
40 84 480135 489372
75 13 187742 192754
79 38 163795 170318
49 88 274862 279599
41 4 359399 365409
16 84 767770 769688
82 37 760214 762293
20 69 303024 310810
74 93 93311 96070
64 42 266400 275614
22 26 40758 41812
37 68 288490 289282
94 64 202833 212490
14 63 485432 492576
56 101 2202 8023
