22 1595
97 42 654535 663155
67 37 420534 427696
42 79 447884 453961
23 9 107677 117433
54 83 66985 67645
50 69 428664 429367
53 37 582978 591347
76 70 805664 809189
48 48 396717 406547
88 86 746 3017
60 19 535161 544056
72 68 217485 226594
49 70 47417 57046
37 78 808622 818393
17 66 83057 84976
98 47 599238 602178
18 5 105892 114846
71 61 968261 973035
19 50 556956 561828
50 32 697999 702381
18 86 107265 107593
18 69 396409 404378
85 19 404892 411112
66 3 472034 479686
29 46 678890 680485
43 92 691317 694876
20 41 861705 866782
25 42 859521 866900
93 48 972981 973628
34 7 153005 162111
79 68 330459 333810
18 83 797925 801814
51 97 48331 48714
11 41 759865 762465
51 44 542276 550679
66 32 894697 896387
90 3 272512 276680
48 61 688224 695246
66 54 81867 86586
74 88 16832 26199
61 68 86549 90684
77 92 453962 461088
35 35 68635 72406
17 39 861833 865540
90 96 919807 920395
26 3 673157 677782
74 56 918969 919095
89 55 371429 377043
1 26 88848 90900
51 9 706539 711580
11 54 772722 780785
21 7 756158 762475
76 71 90053 95675
70 41 678353 686311
33 29 960808 970776
13 57 588490 593693
49 65 576323 582695
21 13 72345 81548
16 56 621290 630565
71 9 498892 499507
56 73 648270 652201
18 26 354208 357348
88 10 335372 339489
76 8 106749 110362
5 96 618377 621742
98 99 472573 475279
58 52 489313 492203
75 3 197365 206686
61 35 80940 86580
3 58 369163 369350
40 58 501476 506661
37 14 549289 552516
8 91 317620 325262
84 59 638516 640268
27 20 296155 304993
30 49 206908 210189
68 31 556756 563409
101 64 308673 315652
94 92 314845 322009
38 31 283078 284843
54 93 796353 805748
92 54 377407 380483
22 19 26720 26838
83 23 997725 1007656
101 71 836144 841823
36 91 210164 214383
53 96 205155 207521
96 81 290065 291228
70 10 351052 359866
38 25 764859 765071
84 38 341007 341317
39 70 352508 361494
51 2 763414 769300
38 7 902920 903164
30 63 730432 732161
13 72 86911 96419
41 8 397154 402975
18 52 402769 405781
87 22 77481 78285
56 10 53455 58060
52 18 645735 646090
84 21 655420 664744
52 70 625545 634981
59 17 964195 965889
20 83 393708 402989
24 38 501318 502507
87 97 268243 276687
22 42 174979 181360
72 76 738849 743913
32 40 917595 922241
70 0 901024 906066
53 80 113239 118018
9 90 821198 823140
4 65 63431 69402
84 45 253945 257039
30 55 344302 348148
52 48 535439 537929
52 12 491533 495626
30 10 488114 489412
1 74 149511 157999
80 29 924511 933054
56 51 639273 639538
26 10 570927 571510
2 83 548908 555010
18 91 497908 507036
19 93 985928 990555
69 85 180038 184258
28 35 656153 658714
59 70 815490 823077
96 74 523740 526075
99 18 948526 957433
14 99 694803 697203
8 4 15091 16460
57 75 49398 53464
36 19 10928 12120
50 81 100257 102752
25 66 356907 360217
91 51 608211 616730
50 78 891316 898948
86 96 351341 352345
56 34 832455 833833
98 64 360170 365586
43 1 627191 635968
79 34 946009 951984
72 42 102057 103622
12 49 774883 778205
63 18 864048 864121
48 39 305148 307005
29 16 299947 305579
93 27 163603 173098
1 34 643661 648571
41 88 914101 915086
89 37 366996 374623
60 101 492246 499940
42 80 611888 621811
13 9 342826 349120
28 0 880104 885612
4 79 154285 155315
3 66 971410 977008
58 41 94061 103715
36 83 573724 574788
22 39 421854 427230
57 97 468546 472066
13 81 873610 874911
52 93 847849 856616
27 7 232604 240524
11 50 373533 379183
27 50 480621 486086
73 75 187216 188719
93 76 740164 747234
68 92 689301 696170
7 72 335549 344588
96 13 590842 591690
72 52 550796 553734
3 57 110334 118323
96 64 881080 886599
87 11 69676 71439
90 51 295604 298065
91 62 619602 625238
63 10 218950 224198
28 56 345784 347678
39 0 443088 446494
33 77 860650 861735
32 65 914348 922136
42 86 438501 440247
61 9 941292 947207
97 87 646750 649371
38 99 753617 760151
25 26 846052 855386
77 75 377226 380100
46 52 491166 500483
54 89 945658 951692
58 17 2487 8613
9 7 891760 892615
17 4 415428 418021
30 18 573797 574571
32 62 839449 845341
43 88 72701 81174
67 59 27262 30513
25 60 224929 228146
7 74 600458 609817
83 62 617621 627036
49 19 31547 36012
61 34 514089 515390
54 24 838785 839201
38 101 686603 696555
91 56 905033 908605
93 51 510845 518233
38 33 227114 236741
61 94 862752 870640
51 45 737559 741150
77 29 804767 809397
26 42 226357 235572
18 48 528828 538311
12 81 740501 748039
24 46 167507 172763
32 55 664043 667765
0 45 755094 763914
82 28 399134 403673
61 62 19023 23343
77 100 343304 352502
71 100 258139 265897
87 95 511679 515053
97 69 782972 784871
76 16 475516 478382
47 7 407181 414379
10 71 662922 665764
35 0 771972 777445
61 5 918635 924587
15 30 28810 32515
20 51 740516 744300
85 25 300031 309562
5 20 381650 386949
44 89 345894 350015
59 85 637566 644934
48 2 274985 275020
34 29 696481 696666
19 16 790764 797560
28 28 270829 275111
4 73 331934 336636
17 71 263256 263812
92 78 359679 364230
79 56 514880 515348
76 34 750685 752658
8 96 671235 672846
49 51 135333 138725
72 8 938213 941296
21 62 475555 482735
81 70 411716 420200
22 27 540744 548428
74 41 561231 564849
86 13 407846 410731
78 12 284264 287838
11 77 392083 396515
11 13 571601 572100
56 69 3660 3719
18 40 490028 495229
39 16 618966 624277
13 82 13441 17170
3 94 153442 161162
74 28 890457 892011
68 66 999284 1006384
67 97 316829 326625
70 101 789273 791802
73 67 739393 743929
95 86 849185 850129
18 71 22000 24017
23 72 358684 365700
87 86 55631 65203
40 96 721254 726642
31 52 588334 590789
101 52 505341 514289
20 53 791289 794076
4 72 647877 657616
45 72 929933 934259
69 90 499331 506677
88 79 364008 373976
73 7 439221 440624
28 23 359606 361348
19 17 790331 792021
83 50 623068 625256
47 52 655453 661572
94 56 563154 565406
57 100 971714 978062
24 81 437880 439939
42 59 469827 478240
19 43 424334 428791
100 37 993495 1002078
54 13 366697 366738
18 95 897795 900603
66 65 488968 495672
62 10 649369 651476
3 93 939668 939688
5 66 115403 118685
70 25 573708 577227
30 65 323049 324359
32 68 557458 562098
96 53 996784 998632
96 93 212587 217357
67 94 308813 317270
54 31 518821 527362
5 17 401077 404776
10 74 777409 778898
18 43 536636 542560
94 17 139309 146255
73 91 221095 228451
5 95 397731 403186
17 89 441874 445871
63 78 48884 54057
78 55 261865 271820
54 44 469520 476052
58 43 819165 823179
78 1 210282 216094
92 95 926864 933110
83 30 790183 798027
73 56 177424 179760
76 55 693151 693627
1 59 4195 5087
30 61 394510 396151
83 84 4523 9700
89 90 84110 92214
52 39 732456 733452
94 24 232913 241902
94 28 376337 386097
38 91 135919 140692
79 41 35052 43137
81 7 648428 653916
52 92 960841 969769
77 7 343228 351398
91 86 160686 168084
76 59 581586 585754
82 53 205853 215823
87 24 446181 446206
2 99 716887 723949
0 84 559497 560033
69 52 343298 344729
11 85 109448 118603
33 99 491348 495161
86 17 683468 690147
20 81 950728 958610
5 29 376670 381933
72 51 698379 702102
0 87 276942 279400
12 98 452135 461388
92 8 580528 589056
16 23 767436 770919
81 64 109675 117961
58 57 208809 209478
43 43 972275 976908
71 27 350238 352538
18 14 502147 507149
55 57 553673 555900
19 1 14998 17761
42 47 22932 31422
13 61 61513 63348
60 12 426442 433487
21 49 689203 696442
67 78 512360 512685
86 92 858947 860157
91 57 719224 720596
63 17 749947 755934
25 34 951801 957458
79 13 166544 172030
62 57 452752 459568
94 57 8716 13307
36 60 224970 230162
75 48 984205 985327
12 35 981249 988302
43 55 207828 216971
78 85 990986 995249
38 15 704711 710644
28 27 627026 636328
92 45 116463 119954
58 56 617654 623750
44 64 352688 354413
29 13 80612 85184
5 85 82201 87536
58 99 792319 800981
55 9 800655 801977
44 49 491447 501402
98 18 953813 961454
65 28 925532 926197
43 58 538697 547278
37 68 770252 777021
45 16 16858 19811
54 21 20376 25657
32 20 244686 250914
89 39 894854 904736
25 14 962477 966240
42 61 10583 10704
84 86 397250 405244
65 101 195274 198117
29 65 138005 143193
46 73 174367 181196
49 7 475242 475907
65 31 105677 115232
48 79 512937 515347
53 26 221474 226939
18 29 939704 941558
0 32 960102 967149
77 9 537572 544539
94 45 479916 480819
86 37 955705 958042
82 0 401460 403616
26 19 830368 837858
65 51 970576 973490
75 86 153501 156281
43 40 356478 360638
101 2 583142 591509
81 87 167566 168774
42 99 902143 904285
75 69 940564 947764
67 73 99395 100490
90 37 568414 571841
5 84 266075 274075
90 2 127726 132342
32 33 199055 202567
84 99 815845 818118
29 78 952068 958296
22 34 139305 140378
12 80 780081 784077
57 99 97871 102701
98 77 896958 900821
44 97 246547 253054
96 56 30872 39001
99 24 291133 291304
95 99 593738 594182
23 91 578664 584344
20 25 11263 19184
16 47 610448 615246
9 29 998825 1005202
73 50 74692 75187
91 73 805226 811834
87 6 513072 516220
53 69 505593 509993
57 4 48899 58704
27 14 648932 651748
13 91 949545 956882
5 59 842532 849038
74 64 673605 680813
12 61 405467 415256
41 44 171863 174411
84 82 156563 161123
10 16 422264 424974
40 86 568321 573242
69 17 320278 324588
75 97 2611 5687
39 29 568070 571588
82 38 872746 882539
66 24 128559 130715
57 63 915998 919160
9 11 507314 514599
75 92 900425 908268
42 34 441529 446989
99 34 913846 918156
77 65 604245 605341
61 40 20522 28058
74 60 802523 808698
75 75 875243 877317
101 18 622251 624710
78 50 958046 966341
63 14 594539 595905
30 88 187850 197101
6 94 606520 615897
46 74 9201 12630
51 8 354216 360287
97 31 558964 559651
82 16 663101 663564
42 62 974206 976000
48 69 509486 515972
14 79 778981 785432
101 101 574274 581313
51 92 664211 673184
12 90 409823 410163
36 77 696343 697226
74 31 734152 740350
15 101 221226 225930
66 88 644409 652642
64 5 996496 1006175
19 77 799836 799954
35 22 121433 131041
23 59 505880 512169
91 76 340590 347156
86 60 796805 804846
15 27 116179 124542
30 72 774022 782684
56 58 515264 523785
58 30 569416 569695
87 73 823198 824630
81 9 529760 530905
35 90 110006 119322
34 64 692746 698732
9 21 357372 365902
49 99 609802 617310
60 57 475310 475934
84 100 712485 717146
66 13 609158 616187
8 65 716936 721778
41 70 299699 301577
19 52 929813 933615
13 49 449653 453628
32 61 825102 828025
28 93 96582 104004
54 56 716434 723407
16 25 939160 942686
101 7 554734 555860
73 15 628959 630633
5 67 395331 397977
46 65 719267 723255
5 73 212226 215900
11 60 703446 712758
42 2 785778 787506
76 1 788521 798406
94 95 310412 319952
4 76 567518 574356
24 41 421354 424144
68 88 822477 831580
74 47 952092 954692
20 48 648197 653278
24 27 129980 133083
82 2 304378 308614
48 68 125669 127555
33 97 459675 464018
79 52 506135 507196
59 24 626859 634309
67 13 262171 264141
22 57 714594 719484
15 33 162724 169239
14 81 690408 696547
92 55 116337 123222
63 98 601704 611067
42 24 61809 68466
74 48 445741 448816
42 17 357748 366913
38 89 879697 884605
75 2 44479 45158
4 64 797680 799641
7 18 670145 672101
45 93 376626 381900
41 57 100677 107466
15 75 924269 930930
94 39 48999 50660
0 21 744414 748927
36 26 386746 387712
64 7 227410 233675
47 40 331589 333633
46 25 601580 610485
23 25 840145 848175
95 63 929713 934108
64 3 994352 995187
56 20 617279 623922
7 11 471234 479780
54 95 72952 78982
66 2 178042 187817
19 48 504716 512539
5 71 521852 522208
7 15 418007 423588
96 16 645736 646228
32 83 103874 107198
67 42 659301 665674
75 1 878171 878207
35 50 561356 565728
17 83 278113 288014
35 94 414050 417070
76 18 348006 348333
51 19 722927 732442
96 6 383393 392694
67 67 72139 81474
55 29 787776 792293
24 34 931175 932974
48 78 660342 669681
8 40 645351 652049
71 96 813927 818210
1 15 532525 537457
81 91 240338 240707
74 49 83069 88193
93 60 297078 305311
74 36 104676 114482
29 21 957221 957252
13 68 818556 820751
96 35 68932 74231
57 64 755576 760027
28 86 14429 16718
48 80 175522 177385
14 57 300420 307062
21 47 431168 441077
54 94 536724 537276
4 17 25631 28189
61 83 389116 395047
87 50 163101 169397
73 42 605992 613953
80 101 664898 666812
3 81 100598 100945
1 100 317658 322882
21 52 138253 139299
51 52 91935 93700
34 12 627027 634869
67 45 578506 583861
83 100 660228 663117
32 100 839165 845819
61 78 227963 230376
33 31 964338 972667
0 26 110206 113126
71 57 60317 66897
27 72 585966 586543
85 57 10012 15847
59 73 877179 878115
11 6 336174 343097
0 16 253983 255736
82 24 503580 507707
18 28 420899 430604
34 55 851125 860373
23 63 23229 25255
44 1 269990 276247
98 96 610683 612820
36 90 644366 645781
62 54 292371 298868
88 40 457067 463750
59 31 935711 941185
65 100 808292 811824
36 38 146915 153584
73 18 903594 903692
33 65 992479 994368
0 49 712870 716649
75 4 865096 866095
91 5 147170 148464
6 67 236664 243294
90 53 521821 524522
48 99 715617 719080
80 41 862021 865195
67 4 350753 358357
65 20 998932 1000758
58 24 965151 975023
78 72 476914 482176
9 78 616124 620127
84 37 195866 200919
22 65 877199 880279
30 45 513050 514838
96 37 329701 334952
28 68 643686 653560
18 53 149515 158811
95 98 427395 428011
89 46 893221 898764
25 99 984220 987447
24 55 995285 997774
89 73 504820 505773
60 76 591384 597302
64 22 31716 40466
65 64 503592 512975
11 61 795075 798546
58 11 402538 403630
10 44 221929 222649
22 28 133831 140846
34 86 31333 33385
55 40 506720 510428
18 0 24850 27790
14 22 331397 331834
55 31 562793 563859
60 91 135719 141204
9 48 315189 317542
24 32 87701 95225
24 8 331819 340447
82 72 544176 548850
44 5 403052 410840
19 58 986676 991690
41 65 534281 542137
43 34 362979 367536
90 90 928483 931827
35 16 577667 584359
14 100 779572 785532
97 57 98814 101126
99 29 49784 59005
80 79 308636 310268
0 61 980427 984019
4 32 827997 829770
51 4 347224 349276
90 98 744480 748265
87 71 634028 634241
93 56 262681 267750
45 77 748927 757566
98 98 144459 152288
36 15 797942 805385
88 45 240112 241456
12 43 376510 380655
26 76 778860 780322
54 64 767588 769125
100 96 247834 248805
82 9 7468 10875
53 36 516362 525386
18 56 615792 623323
42 6 517474 524480
44 66 657640 664451
4 57 786386 791291
79 21 38817 48480
52 36 189238 193296
92 101 487851 488341
46 94 522856 525353
86 38 596251 597634
92 80 773146 779143
50 93 558308 567898
56 78 226796 235337
34 91 511081 519630
55 1 25188 28405
78 18 633910 643534
5 44 336401 337086
92 52 421271 423403
77 30 477726 478529
59 75 441836 442934
7 80 460379 464148
85 68 194248 195977
14 6 814069 814492
26 65 855705 859235
80 98 11171 18582
99 67 56087 63373
62 101 77877 78218
75 85 879805 883912
98 67 106864 109099
45 65 158965 160323
30 58 834320 836908
23 41 771976 773824
45 26 519965 525353
23 89 189037 190207
56 91 887840 897438
30 34 195403 199458
36 67 676462 680298
26 30 524182 533293
24 2 703732 712752
2 9 213210 216777
83 11 477533 481645
85 16 326321 326623
93 90 724629 730711
90 29 751988 760075
95 97 617446 619941
85 83 232404 238251
96 71 197052 198043
31 69 596939 606678
38 53 567131 570824
30 74 186325 196005
95 65 574951 576804
45 10 23227 25423
92 15 821456 822072
98 42 170003 172879
56 77 982386 984848
5 53 33056 40039
12 23 293531 303021
16 83 685212 687116
5 26 307805 308239
16 81 119581 122778
99 92 545674 547126
20 85 427079 432104
63 2 685874 695793
69 34 799659 808268
81 40 180895 183464
73 23 433289 434160
61 44 41058 41776
96 57 344068 351755
45 4 44885 51947
96 10 614045 622627
91 12 398416 404086
68 41 47423 56760
19 0 647620 651789
20 58 286746 288698
49 3 230215 231568
20 43 345830 354991
53 12 876132 880889
6 72 573498 580166
56 33 448313 455093
10 93 194117 194555
39 34 694646 700875
49 75 959745 965539
2 98 330446 337542
86 40 382544 392065
69 23 77721 82479
11 72 242880 251442
26 6 766043 768437
35 1 637954 638910
13 50 765829 766200
31 35 886577 892412
18 13 214689 218034
17 7 91232 92262
68 2 977089 982112
85 70 13799 21364
58 81 160853 164588
96 92 241788 245997
10 88 482763 491309
83 20 86587 86802
47 81 691118 691401
11 43 107949 111294
23 39 441853 449554
31 62 625443 629414
64 59 400707 401338
11 21 569232 577927
78 2 588665 598208
86 73 192905 198314
55 2 997320 1000893
62 47 337309 346383
99 27 934888 944503
36 101 16105 22173
8 64 513531 519113
38 86 574217 576593
73 29 703452 706164
29 29 856102 862641
42 33 909170 915833
40 6 10210 12664
87 61 785119 790409
69 35 1006 4819
62 73 52368 58097
13 24 418587 420719
99 101 178884 180615
11 33 467160 473424
35 2 662963 672059
11 70 477272 478181
0 18 755203 758805
98 101 372667 379628
58 36 960938 962232
31 43 833132 834966
1 31 390521 392457
78 84 472693 474508
1 92 457591 464062
42 4 760027 769121
44 55 999995 1002858
75 67 40241 47610
76 36 271355 279372
17 32 849671 853545
8 11 981586 989294
40 22 692484 696192
14 18 607897 614472
60 10 703253 708196
100 87 990453 996281
10 12 343449 344882
4 97 396473 403525
61 31 767148 769337
55 62 116123 120171
73 77 892254 896296
99 39 986835 991346
73 0 201207 201634
38 96 74440 79335
13 46 872524 874805
6 54 745454 748042
83 16 454447 460854
75 47 615075 617752
49 60 440717 444895
97 101 355612 361458
76 94 756818 759722
84 48 888991 897954
92 39 521030 521168
80 21 694583 699806
70 61 386819 390316
10 78 776489 781115
68 33 257603 260742
18 84 449035 456835
6 88 610279 613533
48 7 731903 735658
56 62 746915 756430
43 71 168692 174159
83 66 508672 514200
84 35 258318 263889
97 58 991307 1000096
47 46 249975 257674
79 69 775809 776732
3 98 897793 903961
3 20 212115 221534
56 30 598179 600290
31 54 119823 119945
30 48 615533 623213
99 10 877290 880957
47 31 188660 190021
64 28 161293 166794
16 46 469394 479224
100 59 413671 413805
31 2 909525 910421
100 60 472199 478846
32 15 150348 159027
20 10 339639 347723
101 68 683731 686815
98 26 3386 12797
60 1 902947 903998
74 57 109130 116203
93 70 371358 377395
38 97 858616 858932
29 12 482946 488354
42 81 687520 688263
31 58 489693 494355
69 13 963507 972543
100 13 379725 382921
97 65 576362 582950
60 65 989151 993602
78 42 369417 376883
95 18 784497 786949
86 12 172976 176213
43 36 267090 271899
55 101 113686 116108
42 20 927706 935025
6 64 737118 746146
35 43 482541 484446
87 68 445037 448017
60 39 836263 839108
1 63 543423 544446
64 93 839609 842829
70 23 335727 335983
70 58 991071 997827
75 59 947995 948092
20 26 48072 48568
9 18 944161 946540
27 13 144110 153833
43 49 965428 969948
27 51 371435 380350
19 98 640399 649372
61 39 107232 111018
33 66 270404 276697
6 93 461947 464352
85 43 321270 325171
53 90 960537 963769
80 95 848041 854881
85 53 737341 742668
31 6 962283 963403
63 6 632162 638400
65 69 880513 884876
22 31 57175 59016
5 52 347559 349124
31 77 399048 404808
93 71 382489 385388
57 80 329119 331685
68 22 477653 477755
78 101 320829 329207
71 55 71459 74794
12 0 646770 655950
46 12 883255 889654
75 40 808717 811962
64 26 925964 927922
72 1 862246 866655
88 38 858404 868241
29 15 60694 69005
48 29 849131 857281
28 12 971226 976760
75 0 850974 852204
94 33 688461 696439
58 54 793969 803000
6 84 476288 478237
76 89 765149 775052
90 69 800295 808296
19 66 493474 495455
8 18 306238 316190
63 89 820907 827913
56 94 983958 993381
68 13 228063 237690
6 31 853611 862433
84 64 78374 87871
74 39 717974 725808
3 8 401141 403033
50 56 803893 812136
92 34 646437 652784
98 92 826188 827918
25 79 952356 960079
21 18 509986 518878
2 31 675948 679094
17 94 760780 770726
22 84 660085 669335
42 11 808589 815420
92 9 735492 745177
96 2 78019 86399
73 31 627583 636095
12 101 794437 802381
4 34 967329 973995
36 98 738087 745163
76 62 77214 82525
40 21 496713 505622
49 81 111472 121185
89 99 591525 592094
60 17 492581 497989
51 61 399997 405273
13 53 849897 857518
5 47 903421 912020
14 52 647993 653952
80 96 971243 980500
67 62 324618 327255
44 14 839190 839596
9 1 937950 947947
1 91 703959 709037
38 5 663462 667001
23 94 256440 259528
15 19 227195 233407
99 58 199334 204227
85 35 473844 476103
14 44 443047 445471
91 58 129592 136265
40 57 521040 526512
65 13 637623 643708
40 74 136164 137024
75 32 833440 838503
8 74 354153 359030
14 92 921078 922978
9 22 791298 792557
76 37 339294 341991
10 69 239081 245629
20 18 598691 606370
81 90 175212 180752
19 44 108565 115330
89 14 682221 687935
63 82 847928 853675
25 12 111011 112911
94 72 743662 745062
93 96 851592 857423
74 63 912770 915670
45 71 747029 751530
98 70 393651 395921
52 63 477305 484990
49 33 286522 288135
66 78 509833 514147
66 25 260615 265501
68 50 52486 61340
9 42 62346 65421
14 77 576120 581654
65 57 361350 367719
39 8 941293 947892
60 86 820416 827511
5 22 696420 700366
37 36 457694 464797
4 46 995781 999518
28 6 732710 733689
26 100 537312 542484
63 85 890731 899473
21 71 542203 549542
46 14 856060 864118
78 67 175908 180170
62 6 376147 376534
78 56 904466 913654
90 63 443019 443787
0 79 215311 217796
51 93 674460 675478
57 65 265158 272532
38 20 674372 678393
16 4 777778 786943
53 18 818413 827353
87 90 778106 785947
76 93 666739 672154
42 83 144317 153816
87 79 358134 361116
68 96 280271 289644
57 56 852469 857301
82 18 440189 441959
29 64 56416 62450
101 45 749580 753736
100 46 464535 473479
91 2 702464 709733
60 27 9448 10892
91 72 62891 63800
1 53 553890 557151
97 95 471287 473892
100 28 651516 653998
95 81 156757 156978
34 23 369961 372583
47 70 844913 853351
67 101 996885 998262
10 10 362218 362509
35 79 741095 742725
4 36 129747 135340
68 9 9021 17497
42 76 182015 185728
96 14 467006 467944
92 56 220544 222793
0 2 197527 207328
6 50 465098 471058
11 17 66788 76343
14 37 542341 546346
83 17 421406 426814
99 30 250795 254137
45 46 611829 619779
38 8 429570 433874
90 9 620743 629743
11 40 631357 633896
45 52 852499 856460
96 17 963701 967353
30 47 99527 109319
11 66 528249 534534
89 93 298491 298964
59 97 909838 915696
81 83 384048 392067
37 43 568907 578041
77 77 856292 858104
87 51 736244 740940
85 98 596559 598163
72 84 191814 194747
13 29 575017 575470
57 22 531600 532057
85 26 458280 461737
74 68 232304 235310
17 45 148052 154058
87 80 851369 860771
41 37 509792 519031
18 100 962205 970641
10 26 791109 795922
75 63 779920 788818
64 91 347321 353678
45 63 878044 881045
5 7 925074 926455
50 90 55616 56682
1 44 923709 923908
61 22 863569 864168
15 3 14372 23990
34 8 238735 244643
97 12 97953 98780
13 63 181207 190596
59 76 832263 832516
67 14 356151 363444
83 19 806581 809274
28 47 917260 919554
2 42 910733 913210
43 16 329093 332795
8 7 294652 295908
80 99 162750 168319
39 68 696116 697213
9 82 163285 172839
101 43 547101 548567
99 48 309792 312748
15 55 704079 712663
35 26 598832 600784
90 7 369594 374105
85 6 746937 747489
75 24 908693 910435
24 44 459463 465848
38 78 15305 24175
41 86 931476 939819
38 54 688222 694677
31 3 392511 396104
88 28 512993 518604
59 18 423839 424048
93 24 668807 673234
11 101 595009 596769
46 79 81803 87107
21 76 708304 713929
31 45 224780 227135
32 44 215780 220950
70 55 67186 68646
43 11 180715 187340
64 37 504171 510834
20 69 282975 287984
53 95 671295 677074
6 77 825483 828106
97 38 337451 341546
91 81 400425 409993
91 36 281339 287183
26 21 125945 133089
62 75 570476 575413
42 58 435793 437024
94 34 349525 349729
72 99 977345 985664
31 28 131144 136061
40 99 781229 783420
34 79 907053 915083
44 71 912007 921333
24 79 601263 605959
24 74 590102 597898
14 32 961218 966094
59 79 7847 8532
96 47 891941 897335
77 19 236050 239636
74 76 570735 573655
3 91 224130 234119
27 78 563435 566183
28 21 102382 111930
3 59 282663 292280
57 30 992767 998129
63 84 815476 824327
84 19 887180 891693
81 32 893781 900428
14 88 62631 66776
27 37 961361 970209
84 16 714045 723712
33 53 693188 697681
99 35 601740 610856
70 95 364104 369262
85 55 298547 303693
68 56 516569 523435
43 22 650601 656167
46 97 446797 448197
62 15 934580 936173
9 41 722995 726769
22 60 307819 308523
1 54 47977 49715
6 101 242802 250433
64 62 918945 922486
14 12 317287 326491
55 92 253098 253483
91 80 42710 51129
44 87 642067 644229
80 75 937242 939342
12 37 886227 887870
33 67 974504 984189
60 14 671477 675580
51 62 642776 643210
85 32 99844 106582
86 36 858275 864456
93 47 371747 377452
58 86 476778 477533
100 15 703636 713416
66 96 400906 405893
23 81 722313 730512
19 97 531190 535091
92 68 687161 691986
18 18 751246 751426
6 30 631004 639325
95 52 315756 321764
0 101 483723 492920
9 24 374683 376365
28 88 51370 56522
23 74 241182 250098
13 17 669329 671714
30 25 411258 412098
49 96 526922 531864
88 85 76944 78525
88 15 401641 405756
12 20 258167 262160
56 90 623158 629337
19 8 893833 899597
81 12 435427 445301
7 61 492341 493959
48 6 21924 25322
86 0 957931 965343
83 71 601647 607904
99 87 397459 399120
46 7 77873 83980
66 97 77827 82384
0 72 62651 69103
14 80 215849 216361
55 20 215839 217417
12 84 389224 390809
96 69 29371 32510
32 31 149240 156335
45 50 250816 257214
92 58 54479 62161
49 45 79732 82767
47 30 602918 606131
41 60 173388 182694
2 51 288291 296714
0 19 547458 555404
25 59 490344 499600
23 71 213084 216600
1 8 335703 339357
37 27 794116 795369
23 22 581197 583698
57 58 671632 677164
93 14 975244 976667
17 0 350486 360093
25 41 420056 429231
83 36 72934 78079
78 23 190482 193396
44 9 598198 598505
47 51 445993 446128
88 6 51811 59459
101 6 741691 744560
5 8 727805 731425
88 39 381872 383069
62 50 582892 590724
43 46 383256 392065
94 8 358752 366849
69 46 928958 933112
53 47 241057 245075
51 23 429171 431721
3 88 192638 197800
8 56 333845 336663
58 63 30950 37555
101 35 10360 13048
64 75 143272 143746
12 36 274086 278880
49 10 651790 659110
46 78 371809 381363
4 35 899114 899207
97 16 619176 620965
9 46 300577 301569
91 49 857991 865730
59 98 24682 26107
84 98 380445 388861
33 92 677014 684282
56 59 881033 885619
48 20 784986 791928
8 2 610213 614105
44 94 795855 804435
1 35 192746 199445
13 66 242229 251809
22 93 513102 514130
42 87 76551 84099
90 86 886913 892011
91 52 868814 878183
23 18 848473 849657
57 49 283440 291983
101 87 453551 461974
71 2 593498 598855
36 50 969039 970166
3 10 342956 343247
68 32 948192 953476
10 48 865936 868159
41 34 70686 79683
89 54 333695 339871
96 63 483942 490601
54 76 414180 415699
57 96 417832 420103
47 73 561955 563144
85 41 367618 372121
14 73 178207 188005
20 77 477378 478521
53 58 944505 949788
99 1 685936 687751
26 5 980459 989357
13 70 533825 540920
27 88 796616 798518
87 67 852565 858660
6 55 425789 429930
23 54 482828 491421
62 58 320503 329921
59 65 310012 318999
20 30 605343 606765
101 39 971962 973449
84 55 448679 453428
24 85 402496 404714
31 32 424534 424862
23 28 999931 1004343
24 78 761099 769297
27 6 686016 692452
76 88 329513 338701
67 71 79973 88940
53 57 31711 41469
59 52 328162 333902
85 33 862914 868086
3 62 717223 723521
15 10 494370 496169
59 39 629519 637386
56 54 240803 241163
69 80 905824 911936
8 38 234873 243478
101 79 332824 333096
42 91 280118 282136
41 12 113474 119502
31 19 460505 462237
48 45 694066 703226
60 81 236719 239119
90 61 733946 740484
83 77 290959 291219
29 61 420500 426142
87 69 929283 936499
4 98 667954 676731
48 88 79909 88625
50 11 632826 640319
8 21 900396 905724
14 13 676453 678718
43 24 396437 406373
38 9 618999 626999
19 85 717256 720762
76 69 792151 797701
77 53 168294 177426
56 50 215317 216722
69 69 100071 107734
52 51 553256 561915
42 44 347538 357212
25 5 419882 421766
37 29 646827 655784
71 32 380497 389725
81 98 253892 257864
70 2 413713 423164
40 12 681737 687678
6 76 697449 700746
77 49 392517 399124
46 32 954367 962982
12 51 336708 340307
85 46 350084 355084
33 79 100054 102464
22 79 551321 560439
48 25 831122 838407
95 68 889722 894177
30 99 30619 32731
71 3 667016 675619
99 22 365842 370240
86 58 562313 562775
12 5 761948 768824
19 101 625430 632358
78 88 568036 577895
86 10 797053 800718
43 56 790388 791493
4 77 957384 963188
44 12 177977 187406
10 62 392978 401015
97 30 266315 271215
42 68 92826 99946
91 98 93466 95175
42 13 885043 890282
1 1 171902 178233
77 72 618782 627152
52 91 345412 349645
74 3 971419 979196
54 96 243440 250591
96 67 321206 324765
81 48 442155 444944
48 34 540326 540812
57 42 420377 429784
91 91 443782 452919
92 28 649409 656176
30 82 421931 431517
7 71 990039 990365
26 75 978104 979650
22 63 620936 629265
51 100 719385 723889
79 45 192857 194385
42 51 801931 807957
95 82 354505 364205
57 62 239339 242231
0 36 391266 393703
81 35 268521 272558
98 55 99958 107565
74 35 694249 697152
87 43 993701 996920
32 0 448630 451186
4 68 423166 423261
89 44 198434 198666
29 72 380704 388750
10 13 424149 429274
6 100 970264 973208
86 70 656230 656270
79 84 648118 654582
94 29 812508 817697
65 61 688837 691657
28 7 6364 12815
100 76 241522 250059
74 74 401145 408991
25 64 703614 709542
1 101 269512 277262
57 41 437353 440786
11 92 257000 258379
99 28 569113 574313
52 88 691684 695146
81 89 707082 717049
23 58 144768 149539
11 15 751836 752299
37 45 163948 165111
87 8 946877 951708
60 63 464306 468384
80 36 803243 808003
31 89 660654 664669
21 11 749106 749434
8 39 382187 383914
12 14 167748 172601
96 22 822489 822511
32 71 784909 784935
60 5 562633 572038
101 76 59994 64749
3 61 294090 298299
75 14 296503 297891
43 20 836912 845739
63 45 370466 372012
63 13 603241 609485
74 73 313946 319351
17 22 579580 584280
10 87 940076 946985
82 77 912804 918965
22 62 867415 873296
37 101 49144 53834
82 71 436670 442845
43 35 189098 195113
46 4 931522 933353
38 6 756818 762630
21 2 825645 827218
2 29 872869 876706
74 18 439976 447296
20 82 485050 491591
93 95 408687 413020
40 70 104142 106454
89 82 912270 912922
70 83 595166 600719
9 69 125629 127694
8 85 795092 795496
14 45 952357 960888
49 76 383032 389975
11 9 503754 506496
98 12 710843 711540
83 65 477402 479425
5 42 129942 136052
70 40 447478 449861
91 45 304789 311290
1 70 410060 419872
72 37 634995 640710
2 66 975738 981915
16 17 246488 256309
14 39 271767 272446
98 19 218061 225798
81 14 993999 999861
85 82 800491 803228
32 69 125523 129541
78 54 461536 471261
18 58 397571 399015
93 43 976599 985951
27 53 542363 549996
77 86 25641 30595
83 18 68422 73360
58 40 929530 935655
43 38 14400 23638
45 22 352042 357241
47 36 426390 427311
9 26 206785 210168
77 12 956632 963615
68 91 508270 516782
63 46 789299 793641
49 52 185242 193065
11 18 70063 75890
51 101 42444 49215
77 64 631364 633231
79 55 711612 713962
7 84 686923 689431
14 31 308517 309691
95 30 75601 83219
36 75 725075 726678
87 33 904210 906735
28 80 896914 900292
89 66 913647 918634
42 94 415704 423277
86 25 834978 840419
71 44 69942 76676
87 16 693171 693868
25 16 394235 403424
3 2 848918 851041
99 26 210405 211723
68 19 815182 817691
28 43 212935 220705
95 51 97278 102400
12 46 965154 965474
88 42 366491 373939
28 81 36365 37715
93 77 290406 298095
92 67 233557 240452
61 93 921035 927665
99 0 234694 237745
44 47 778186 785543
83 47 408144 414923
73 13 302505 311474
59 32 573244 577715
54 86 141755 150608
27 75 725967 729446
41 39 891981 893526
92 63 307811 308935
95 90 889504 896128
50 51 3545 11234
40 10 555255 564137
18 20 442197 447619
64 32 136395 145151
28 13 964029 968612
46 89 902461 912311
70 53 101553 106744
91 35 877602 882434
63 52 934265 940743
70 32 408229 417609
87 82 544082 549658
30 79 390465 397274
58 85 134997 142464
55 97 934630 937482
23 47 811132 818153
67 17 485103 491876
29 68 616522 618586
33 44 545743 547469
54 43 61266 67909
79 96 788546 797334
5 23 217994 218941
70 62 401339 401567
82 67 99335 109305
25 27 807015 807057
18 85 542717 545409
6 10 420324 422494
0 94 358810 359212
8 50 157088 166130
60 7 140563 145049
58 14 774775 774778
30 68 566831 567078
53 89 415902 422689
32 19 491207 495043
2 78 249734 254211
16 39 600411 602154
26 29 95990 102458
4 45 528292 531642
46 35 168786 170476
45 23 946975 947682
45 15 510871 510986
4 5 863188 869980
44 95 302341 307445
81 26 614987 616329
80 64 119283 126240
49 6 131861 133822
78 92 626591 632230
81 42 565666 575116
88 20 925452 926418
8 87 361083 363367
94 35 815562 823306
24 10 498887 504094
3 49 250762 252923
40 17 43890 46741
58 48 55546 56265
23 19 699361 704157
78 17 673574 679520
97 79 638846 640627
