20 1753
31 82 482002 485018
101 45 823006 824003
14 90 201274 208366
53 53 251917 256695
7 61 806259 810081
26 37 790696 791092
58 37 889614 894486
77 11 592569 599614
27 100 650908 660239
29 92 925209 931983
65 44 249456 258634
39 73 26047 32365
99 33 10896 18725
93 88 103698 105096
15 63 677967 679025
18 0 310093 318278
7 58 746826 752957
42 69 976399 980048
66 68 40807 41960
72 9 733497 734667
57 90 393607 397738
24 2 855496 859799
64 18 438825 439200
61 12 842744 852407
70 87 409516 417850
60 65 716269 718565
50 70 897130 905461
17 93 977078 982334
19 22 115084 123489
57 99 508541 508720
12 88 681205 681638
66 64 334795 341762
75 70 721750 729018
37 84 546616 553241
94 71 138132 146875
93 41 624371 626697
77 83 644859 653003
26 60 478025 480507
100 54 915722 922966
64 75 941610 949157
56 71 698885 708336
100 49 73945 81425
4 100 964175 969839
35 49 897685 902309
47 63 535326 542578
64 101 725402 727604
77 51 485638 486809
21 62 882461 884877
4 64 408574 414955
3 65 325005 330370
91 78 847125 849518
9 54 902375 905154
88 50 688995 698901
79 12 794634 797938
41 100 837295 841551
20 6 932550 933735
88 28 308165 311164
94 76 510796 512712
46 24 50083 50372
43 23 670590 679885
59 54 115444 116219
26 58 946574 946961
40 12 548591 549725
20 21 115858 117070
56 17 252315 254299
22 47 77521 84251
61 24 885363 892060
64 23 169226 176054
3 63 764395 769460
42 64 990632 996231
98 22 840418 849132
17 5 280377 282190
18 72 727236 727584
86 56 187016 188568
23 73 756680 765243
68 67 750317 753825
74 32 917930 927471
55 28 391398 397799
48 15 785609 791878
53 37 416645 425859
24 98 407995 415527
52 33 626367 632682
99 82 784294 789933
36 97 389129 397452
36 100 93245 94007
71 37 788684 792343
58 63 130495 137062
14 22 355673 361049
49 23 906280 909967
64 2 643031 646116
4 17 426400 435574
98 84 70295 74428
101 7 987060 988561
10 42 422853 432238
72 46 921280 928470
87 57 174164 178254
75 34 428450 428926
11 2 988472 997694
66 93 208497 217724
82 101 146293 149275
53 65 303125 307608
34 8 45121 50844
72 21 352484 361671
79 83 687604 692423
17 46 135284 135823
74 36 350111 353730
45 29 242351 243024
39 87 997876 1004375
18 91 622142 631290
28 56 354550 361477
47 75 138787 142255
7 30 167894 177058
4 80 763204 770197
1 14 866518 871542
31 93 778477 781702
7 54 438630 443855
86 29 290002 296215
33 94 337493 346046
95 76 584508 587002
75 0 868362 870465
32 43 603515 606612
69 27 571910 574187
31 66 104220 105983
33 21 483085 490134
1 84 690447 700340
13 5 377875 382551
86 97 470648 472544
16 1 659470 661919
70 45 823565 829688
101 79 528297 534173
21 36 986401 988225
79 79 851884 856953
56 69 41652 43842
94 37 767860 774189
41 65 663555 671168
16 87 891459 891704
88 8 595607 596317
73 73 646368 655259
84 15 264181 268527
59 25 899058 901087
69 31 6445 14257
7 27 611852 614166
31 12 361113 362475
89 52 771276 771436
9 11 774620 777586
92 43 144242 151268
75 82 903881 905952
40 41 739209 748193
3 86 618342 620082
5 33 348538 357542
101 21 425446 435380
73 10 520039 526063
23 41 305666 312227
64 3 595011 604734
41 90 53787 55062
59 99 512580 520791
73 37 7557 9440
24 8 873711 877154
71 70 29543 39042
31 38 390649 395738
49 39 279847 284812
101 91 961105 964907
65 27 412923 417169
86 0 14371 21873
57 69 989038 992122
90 89 543365 551891
78 90 637593 645181
21 19 766701 770040
85 78 439956 443106
58 3 914455 920928
10 67 861339 862669
3 82 574370 583659
15 39 232149 237216
58 17 245780 249667
25 48 894855 899077
29 91 130704 131451
35 22 536160 537416
27 23 999863 1007228
20 1 191351 199345
33 12 473834 479372
79 63 450895 457983
24 97 410956 420097
48 53 461279 463370
95 85 517826 527124
0 91 219847 228569
55 80 323331 331488
34 68 854027 859341
2 37 764262 767350
47 0 82355 84042
72 41 377788 380252
26 42 72528 81911
10 0 729923 733842
74 14 868607 877883
45 79 893052 898290
35 90 417033 418734
70 79 92873 96195
17 68 628730 635463
70 60 982997 992048
15 57 905139 913650
36 96 327516 334738
1 20 870136 875379
78 3 248760 254765
41 40 443176 444659
58 16 577522 577770
51 25 685195 690258
24 58 168920 169896
48 72 187256 192158
83 60 75657 80604
53 77 494395 499678
23 95 860017 862130
90 49 283511 290927
72 44 381569 390859
33 53 852398 859296
37 59 501433 511239
98 31 104695 107956
43 14 38104 42586
91 12 890743 900263
0 53 909728 913199
34 61 623798 633591
32 46 207633 212575
74 100 990240 991143
12 20 562978 571981
93 56 555567 558552
47 35 893883 903802
84 13 70177 70774
8 47 710128 718777
3 93 546358 553740
61 52 17376 18714
18 4 700764 701972
20 72 329226 334399
29 66 501222 504723
37 22 721101 724294
83 22 510053 515031
80 96 921035 923235
45 6 710087 711149
0 89 882535 889362
75 30 606898 614358
32 71 845010 847703
73 57 744011 753919
68 2 159401 161992
2 61 336919 345465
18 99 311508 319926
5 60 313541 316056
91 68 847447 855287
19 79 49979 57333
40 97 394434 401782
49 78 309744 314914
63 71 873126 877442
78 92 253428 255210
100 16 343725 348640
37 70 746935 755259
57 92 789459 793088
21 95 189454 192187
51 4 481659 490783
78 83 919267 923321
55 7 599062 607930
21 16 129151 133054
92 85 510716 515447
16 31 241251 242763
84 20 178424 186966
69 50 822990 823473
58 10 427708 431059
2 30 434903 437890
59 96 41493 47486
82 47 275929 277931
9 67 955132 957736
10 21 686313 690970
46 56 567714 574416
71 94 329377 337283
93 48 958839 966022
32 93 760654 767641
56 84 600059 603276
21 15 80220 83177
69 91 560791 570174
100 69 686879 695877
57 2 166082 175206
33 17 836643 837701
90 67 482335 483716
10 15 599877 605246
1 25 876029 878592
90 40 538029 540743
48 11 669022 678445
43 53 13343 21572
49 12 690313 694351
20 43 105669 110148
95 31 917639 925939
44 62 655398 657179
78 82 366810 373533
13 54 666127 675093
92 65 483614 484951
19 25 17841 18555
41 47 316269 323940
97 54 148331 148569
67 69 579723 581757
42 40 419931 427481
16 30 513302 514426
100 100 12080 19707
8 8 907328 911371
97 26 482697 486062
67 96 253817 261215
18 43 373910 379246
79 35 1151 1794
51 38 999966 1005048
16 75 571258 572478
74 24 598833 605891
59 77 306847 307548
40 38 430821 440528
9 5 644921 651838
81 81 561590 570792
3 3 612918 619109
86 43 304165 304756
73 18 785685 790369
33 23 243512 248109
20 85 732935 742727
31 85 948968 958697
43 80 301838 310010
97 53 612693 621613
52 70 465603 467517
83 29 514436 518217
68 39 851274 860498
93 17 206606 215536
92 16 212209 212637
75 92 418327 427926
2 2 154596 155827
85 35 531101 536799
54 12 144748 150276
59 72 907016 913000
16 78 40842 44034
93 68 440600 445380
42 47 305976 314867
92 7 10950 11946
5 31 332170 335854
37 62 12286 13805
15 90 186478 193506
30 74 132790 140421
0 24 870713 870972
19 54 763265 768772
22 65 896905 904197
48 98 519300 520612
8 62 577641 585787
22 85 311196 318713
54 24 889409 893932
79 71 818203 825381
94 84 379746 388410
79 33 389819 394556
7 82 671760 678803
72 70 194544 199188
1 79 412472 417579
18 97 592213 597480
11 10 752062 756720
20 42 717594 720442
58 50 445469 454428
62 42 629738 638358
86 40 991905 995128
19 76 364890 367662
99 11 242989 245121
1 63 15176 22754
23 37 234230 237801
48 42 167179 168276
94 8 654326 656174
10 56 473762 478547
80 90 609548 610618
91 13 962358 967996
82 10 573450 581152
16 24 404663 411467
75 79 344571 354565
96 3 669087 672535
92 2 975930 978104
63 47 273585 279167
38 86 713287 722096
2 40 503583 510419
23 29 410445 418932
67 63 886390 892183
88 92 629108 637595
49 63 693910 702129
8 99 892888 897547
15 1 577632 578805
30 68 993038 995707
59 44 619551 628616
84 39 517624 518000
53 46 981797 982035
32 80 559061 563187
39 49 10518 19374
81 40 577307 583855
98 54 543953 545111
2 14 69709 72399
14 25 645072 653192
97 48 158049 160604
15 73 483967 487645
63 66 266527 267269
72 43 923108 927837
76 90 31973 39597
32 64 839133 841436
65 45 365169 372015
78 1 29507 32363
70 1 831011 832864
30 86 478091 485854
85 23 151869 153879
51 55 322031 325399
51 15 430483 439283
36 74 932958 941040
51 6 199425 207986
38 22 352588 358731
39 81 578360 579666
7 45 153952 156811
54 9 357524 363771
1 58 440081 448901
6 0 479031 480439
23 12 977339 978270
87 31 678922 682396
14 79 120469 128002
61 56 8525 8966
4 3 962862 971748
82 12 939671 941706
56 67 530974 538994
66 98 476240 480287
2 58 10409 15986
98 90 514711 522295
19 95 636273 642867
14 34 596316 600458
66 48 517501 527196
2 51 824137 827780
93 7 717426 724973
51 18 678848 681720
17 14 5086 8677
100 22 118096 125491
84 52 515108 515618
3 53 714489 715549
43 91 188402 196766
37 48 908832 917218
73 24 268641 278046
12 21 79937 89549
61 18 99053 108443
11 101 751522 752752
92 59 87742 97253
84 72 677406 682005
21 88 20536 27709
62 52 531963 535548
71 20 44929 46820
13 39 125973 132487
93 58 394910 397844
35 39 565870 565956
11 45 17270 17304
84 44 923437 928055
14 77 577811 582036
39 52 450295 452386
13 31 597042 605373
20 12 982988 985262
36 0 711611 712450
90 66 259122 266859
56 38 382957 388659
68 97 388122 393440
83 26 694406 695589
34 85 58262 58537
42 43 25976 31570
68 21 51086 59103
56 68 593213 594054
9 65 643388 645502
34 11 9528 9691
31 33 603503 612814
46 5 139520 141332
17 38 786491 793810
70 19 404401 413427
49 69 99088 108089
58 5 586071 589954
75 85 956607 957254
79 77 482618 487398
89 36 570691 578158
39 23 79558 82994
73 6 394065 398931
38 91 985325 986434
25 79 650400 657185
42 79 568236 571145
98 80 575732 576063
40 91 721057 723370
20 95 285027 287416
51 29 673455 678021
93 85 883919 884464
58 7 605074 614491
1 55 751292 759114
33 26 268954 270353
11 38 414111 421506
96 60 440060 449545
46 49 648772 655243
20 66 342408 351645
72 96 568758 572760
14 8 639426 641993
27 96 147025 154353
55 94 115527 121190
41 4 666425 673325
99 83 730077 734041
7 5 284019 293848
27 18 527461 535636
88 29 201157 202641
78 42 105765 107228
91 25 788075 790457
64 56 690847 699926
94 34 763347 773156
56 35 62793 69058
99 71 216567 226378
96 81 940198 941617
4 95 21473 25244
72 53 416359 424686
70 96 705714 707438
42 13 390121 397707
62 93 87153 93396
79 16 805340 812032
27 5 526771 534783
2 38 90220 97461
72 66 521499 523553
10 20 435147 438872
69 53 656496 664335
83 10 229277 235792
15 89 95281 104519
85 6 827212 834567
49 4 492312 501538
73 67 389808 398036
65 3 534457 539651
5 41 298733 305350
98 42 396234 403583
46 90 232120 234001
100 87 944807 952141
85 17 564409 568076
68 36 742185 749582
87 20 212456 213867
59 78 978515 979762
10 2 904442 912266
46 82 133330 139452
45 12 959073 966460
97 98 129289 134315
47 80 511131 519487
18 66 811756 817028
15 12 351556 359073
75 72 703982 709705
34 44 949537 953617
11 71 835861 841251
25 74 381013 381302
61 43 191181 198612
76 2 420497 424045
75 56 297912 306972
7 31 351249 358533
12 79 139082 148324
1 97 854614 860033
40 56 515054 516793
81 11 795577 799962
81 46 964908 972099
22 21 517941 526000
15 2 803844 809180
76 38 144772 147166
61 34 354317 359629
45 0 60903 69297
76 45 416263 424137
39 36 40898 43466
70 41 220290 225977
51 31 574894 575075
53 6 557465 562779
77 64 921694 925714
60 7 66106 74570
62 45 770929 772146
7 4 471290 473089
92 3 524160 525710
85 96 969510 971321
10 11 620525 629996
44 25 654967 655685
53 33 61011 66776
0 11 180858 189128
74 71 385875 391094
62 81 586132 586343
12 68 72711 82705
57 67 404431 412111
99 3 151227 152653
57 47 159779 168277
54 39 269398 273888
65 19 990619 997874
3 83 329970 336764
79 37 886793 896386
68 1 769746 775352
82 80 510678 515625
39 26 230147 233422
82 18 152187 155319
55 60 442695 447317
91 28 788516 790949
40 92 419950 421474
16 18 972047 974117
76 52 679731 688406
40 72 617108 617876
92 45 985797 987380
37 78 67588 75414
92 73 790059 798179
73 99 627868 635056
43 44 231967 241442
19 60 542909 544927
47 57 234730 237644
85 62 852911 857162
20 39 11818 16444
4 32 231702 236179
67 23 207566 217032
10 10 184319 191006
4 99 22548 32425
5 45 670797 679081
44 48 441871 450260
28 63 947544 956836
45 38 410978 416238
2 0 415535 419972
67 82 516105 518019
53 34 779573 782233
53 89 339548 344173
90 94 681150 686649
74 25 536608 543603
31 78 157986 159192
13 62 798628 802137
76 83 708369 711318
52 39 238922 244699
78 78 547074 552727
50 74 52365 56006
63 57 911156 920448
9 91 957728 962814
96 74 195294 196238
73 2 673370 677973
0 43 655996 657235
72 89 636141 637354
27 80 521440 527968
100 6 301551 306860
12 56 961692 970818
18 58 935222 937833
17 51 606858 609361
73 13 910446 911015
88 73 724837 730487
78 55 189448 197709
47 17 963877 973732
46 63 498268 504204
96 55 963035 963899
1 53 379333 388592
100 89 60622 61507
22 84 41176 45806
94 90 67402 73948
39 67 666993 672494
84 12 232953 238636
10 23 360548 360765
51 37 41583 45991
89 11 770763 774356
53 7 956560 964735
45 98 905476 913381
53 76 174103 183021
95 9 12309 12760
80 82 54832 57521
48 88 494464 496105
9 7 387889 393118
23 21 57631 64614
24 21 176604 177275
27 10 277179 286067
68 99 601849 608736
41 17 975963 978313
27 68 693528 694213
3 61 267825 269688
69 29 617241 617444
77 29 392424 395809
9 27 265028 271902
101 62 435110 436593
60 90 54290 61799
17 43 391723 394088
47 10 464485 472294
42 28 724729 728844
87 9 276436 280480
44 98 661322 665228
36 3 193797 201993
56 52 93118 98244
89 59 470891 476801
36 55 449773 453677
54 42 325265 333476
47 81 931736 940515
98 98 40414 43334
37 57 6736 13517
4 79 517531 527206
86 51 603396 608341
41 77 360915 361346
21 20 225548 232161
8 54 243927 248937
16 66 788780 792049
91 69 751735 755589
33 60 427348 435895
83 67 22922 30391
75 22 295963 302022
3 66 310388 318489
52 5 520379 524365
11 82 80613 85069
34 72 588601 592850
39 25 24377 27341
65 37 789990 798223
53 2 517420 519409
99 7 390535 398654
94 89 315525 322233
85 71 607481 609557
30 92 767997 776290
0 26 673400 676925
52 46 109328 118354
0 52 410625 412663
99 19 797994 806809
46 74 382075 389782
17 17 11179 21037
11 69 465104 467914
67 84 634554 640267
27 15 384771 393575
56 91 959072 965597
54 50 630041 638178
23 100 912322 919747
57 85 464149 468768
75 29 61457 70779
97 36 140842 146730
78 80 691718 699055
21 6 487174 494332
39 5 892236 894836
1 65 664383 670212
101 24 813590 814024
57 27 569575 570551
99 29 27115 35893
38 97 765092 772212
46 7 360217 360371
6 82 309945 317221
43 45 328631 330308
2 73 998988 1000408
22 31 714210 718983
34 9 323868 328383
96 66 18394 18838
7 8 310425 316201
93 99 828487 828853
19 91 160802 169063
29 29 280851 286417
101 90 433020 437984
20 28 65397 70590
19 55 251051 260439
87 92 570983 576930
75 89 865920 874226
45 58 567481 568244
48 34 203341 212858
37 79 331659 338014
20 24 502615 507300
83 12 357337 358853
0 83 192269 196228
76 58 100560 110118
64 47 826622 827755
86 44 188849 193795
15 87 385205 386511
26 4 308293 314911
57 61 531771 540249
81 3 409614 414349
52 71 176735 180572
83 69 858629 859999
13 21 166687 166919
70 51 271794 281179
35 18 361563 366498
48 27 704914 712057
95 29 850188 854592
23 45 705874 711974
79 25 619204 620611
87 12 49414 56417
36 94 847843 854375
90 82 753631 754123
88 35 812799 820292
82 35 678016 683856
9 25 215528 219232
47 2 823163 831782
49 59 322116 324391
3 84 353930 360362
44 89 794062 800478
94 82 281198 282367
69 8 373453 374226
45 60 680185 687613
65 67 892355 894492
70 13 633333 635869
17 91 593057 596121
72 84 728134 736839
88 34 615152 615382
79 99 742296 742765
85 9 237330 237890
11 31 262930 271916
8 68 300802 301679
64 100 121828 128075
16 5 625612 627424
45 35 359611 369039
46 16 16598 21458
58 14 187947 196134
78 45 898495 901229
89 101 88787 90684
85 30 975385 980218
38 25 393755 397338
56 32 554888 557966
90 17 980380 987046
57 48 291309 292853
48 46 950363 955005
61 75 956480 962077
76 42 957163 957748
48 52 555425 558641
99 89 977455 981972
47 25 603364 606620
34 84 755399 757655
79 58 183750 185350
2 23 836163 841185
53 18 887208 891200
2 83 60777 63648
78 9 384584 390515
65 10 220175 227248
90 42 40551 44135
100 2 772179 777426
54 99 66714 73706
96 67 43421 48791
43 35 821233 825437
35 99 227677 229810
71 77 678468 687968
29 15 419192 426006
81 32 531891 537474
63 96 702829 710257
17 92 391053 393420
33 11 897568 905849
34 6 540551 545946
27 98 766650 766990
96 80 965903 971231
80 57 84530 92356
11 16 171294 173894
49 0 442023 451431
2 35 770526 777925
11 90 326301 335593
40 77 570238 578133
45 17 618916 620322
35 44 659393 666525
71 98 155938 164623
63 6 769800 772663
33 38 383603 390368
68 91 715168 715573
54 23 503946 504248
0 98 197535 197923
97 61 77991 78145
65 46 994300 997943
84 62 988726 995511
55 93 989579 990532
88 26 977869 979703
30 54 852806 857320
72 16 935525 937284
10 22 887567 890010
41 96 972733 980242
44 43 491408 496839
90 10 884516 886816
69 94 406998 411139
43 37 327695 334952
65 71 575439 581617
93 26 861921 870202
62 62 31450 37641
101 9 261061 265058
36 16 407344 411572
35 48 444953 447299
61 28 251145 253592
16 96 453952 455528
2 10 568675 576653
84 14 549824 555395
67 100 37968 45969
32 6 595212 597994
81 95 987085 988066
3 36 267504 273087
16 38 904182 908783
85 70 988950 993608
61 100 478388 486467
89 81 37756 44035
88 56 254162 260597
51 0 928523 935976
16 63 493639 501316
31 32 522025 526545
41 51 602395 611720
33 64 155529 164235
90 55 453489 456405
29 0 49722 50975
25 27 857049 858571
61 58 589020 593327
16 70 778881 785638
14 41 661059 669564
72 94 600328 602077
10 9 698427 701265
79 95 199584 207990
70 74 963595 963622
46 0 257668 261327
66 38 645573 649174
10 90 95205 95327
79 53 323411 327765
37 28 443875 452486
27 11 567813 573161
70 53 772363 774498
31 44 522671 523009
91 20 900642 902275
15 25 180725 182815
29 17 690062 692133
81 51 942607 948270
78 81 64280 69847
68 95 835928 840220
15 37 17022 20486
58 69 775047 775618
65 1 746259 755105
21 30 797902 799162
28 97 842376 847391
27 84 25445 31889
21 57 922998 925858
42 70 97991 98140
44 26 811225 812254
35 79 122090 126573
45 23 522000 527878
90 54 242237 243007
74 10 569040 571669
64 11 219002 223214
0 1 721785 727939
24 72 12572 16756
74 75 677383 683559
82 84 728619 734395
94 67 871619 879360
62 44 615359 624263
21 81 873419 880989
67 101 272700 279511
7 16 745747 748783
0 63 203635 210094
100 15 649724 651447
38 46 499897 504621
36 40 301182 303042
32 12 741205 750825
72 75 294182 298702
19 0 851266 857413
60 50 539625 548060
12 33 153852 161423
14 15 689117 696296
73 39 195195 205114
15 98 294853 303461
50 80 975025 975551
55 29 426265 435305
59 97 468422 477016
25 68 107157 114797
41 60 546924 549809
39 80 10784 15843
1 19 887462 897342
39 7 714300 718441
43 33 8586 15995
39 94 266570 270657
51 1 786858 794134
18 69 562466 570368
14 47 74107 75287
31 57 422610 423397
47 46 217123 224335
18 87 306231 313172
47 31 35179 36331
24 84 300341 304096
5 30 149887 150737
27 17 298391 302922
20 60 945413 950537
80 84 48856 50921
16 33 557613 563817
69 14 920788 927136
66 56 719999 723418
100 23 874477 879144
2 68 863779 863782
31 9 282329 283389
73 55 821780 826861
16 73 270468 279295
66 5 456693 456918
94 39 204362 209128
13 73 569074 573339
33 97 192939 197110
55 6 583125 583128
67 58 807713 815775
96 69 632483 640741
62 63 371399 379883
8 42 351630 361213
14 20 20935 22352
91 18 649751 659317
61 41 384821 394469
76 19 430574 435243
81 79 678468 685695
30 42 441815 444279
25 10 912867 915434
67 43 233466 233629
47 16 608001 611241
0 86 882548 883085
4 25 447954 456565
53 22 667492 674111
31 88 79027 82180
6 26 536779 543013
39 74 600456 602478
25 81 566735 573956
26 100 312833 319774
11 88 866089 868424
89 82 869851 873397
70 11 117215 122559
11 46 492322 495645
63 17 670946 678082
13 52 326409 334188
60 66 463776 471574
35 91 709897 719166
14 49 868828 876568
47 84 417668 423296
32 53 483205 487581
21 26 582076 586239
100 10 315611 320452
26 63 531861 537172
78 24 162335 171663
61 45 859205 860733
25 60 4328 8877
28 22 573846 574691
69 3 118068 126497
63 10 814373 818868
6 39 817686 817752
98 85 123819 130814
33 72 292124 295166
46 44 608300 612961
61 4 690643 694606
72 19 141388 145251
27 90 341367 350741
32 100 472737 477728
21 92 550680 557237
64 81 737283 746740
96 45 129079 137376
92 56 388768 391038
26 74 624138 627648
96 89 251955 254069
73 32 930423 933485
56 62 318199 318744
94 24 76925 77964
23 17 835959 841860
59 6 241531 250641
44 84 655878 663238
70 97 336476 340554
101 100 331386 340927
17 98 875684 878520
12 59 774982 782769
4 53 923707 925954
57 12 907190 915127
58 75 177455 179433
20 67 426696 433121
7 68 268618 276433
95 5 217638 219147
26 19 897727 901522
9 53 91557 97134
26 0 999848 1001962
72 35 727588 734662
60 1 214333 215905
22 96 697551 698362
0 84 84036 86623
22 72 713865 723526
14 36 774685 784054
1 88 55871 58832
32 92 425277 435036
48 2 442570 449426
35 45 283768 292692
19 2 331135 337789
78 99 489661 497719
51 81 536876 538107
70 5 13483 20350
71 18 803825 804456
41 28 204672 206643
66 18 931268 933956
72 80 430785 432546
59 90 942525 951602
21 32 36602 37232
30 51 916203 924788
72 68 899841 903896
52 37 949041 956031
78 79 644005 653013
1 85 977185 984320
66 22 456147 461119
96 64 643110 644431
87 49 644872 647896
81 5 782403 789572
38 23 735679 742993
55 81 737369 741901
73 38 9090 15394
44 41 97849 98879
88 25 754593 760941
49 100 320344 326700
98 60 791349 794195
60 35 928507 928530
7 40 208525 214835
91 58 724273 728654
18 90 742024 745229
94 73 494832 503448
25 54 958686 962253
87 66 305513 312976
101 76 712645 722530
92 35 198849 202019
95 62 253511 257216
96 61 65359 73380
53 80 459903 460898
71 27 778577 780313
47 54 259936 259957
14 37 296099 298443
6 92 989185 997338
65 93 915825 921254
69 25 518418 526272
5 35 508651 511094
52 96 461944 464346
39 88 461457 465810
82 26 512064 516271
4 2 752600 762171
91 8 812131 814965
9 22 672228 672296
53 21 212420 221235
57 49 197453 202797
90 7 249688 251952
44 19 157204 160069
49 77 137927 146602
97 63 133369 142307
66 85 105453 110995
97 99 982968 984698
33 46 544750 546950
60 98 142375 150121
10 48 689795 690120
51 50 576564 582013
29 13 494116 500606
14 1 772985 774490
14 44 530960 531970
28 100 766514 776347
12 23 541756 546027
93 73 661237 666479
6 101 972387 982148
49 71 98347 105459
54 90 956188 958393
69 42 992391 993654
12 52 269947 274791
41 19 905511 907541
49 1 956150 961858
62 8 546576 551520
26 73 816814 821850
44 8 650845 657014
33 30 767703 773107
26 83 829250 837563
43 9 5719 6383
11 55 375005 380359
46 87 47586 50492
14 84 245413 249823
11 14 754797 755627
86 61 969371 977880
58 58 396479 399646
53 36 886692 886945
27 89 87859 89230
88 66 874357 882665
6 7 106596 113149
78 57 634419 635605
21 9 418775 422123
54 30 341752 342317
29 72 655284 656314
37 12 346022 353266
94 80 982218 983423
63 53 310947 320123
18 94 961235 961246
61 91 528288 532827
9 19 199110 200830
23 64 973768 979040
74 76 511480 520576
86 100 619207 620005
23 81 976817 985245
101 98 584817 592638
82 52 659952 660752
96 27 110466 112217
17 33 126817 132017
59 19 464495 472876
49 57 645127 653143
29 23 330002 330302
90 79 688894 697428
4 75 383218 389835
24 51 663930 663973
60 81 249347 252189
13 41 912573 914054
18 53 928821 933477
96 50 457725 462481
54 27 394112 399620
59 21 181350 191097
94 49 646846 651272
20 35 964834 968367
37 68 167477 171127
40 87 951390 953236
3 33 625117 629844
19 99 144220 146516
36 10 837038 837175
9 58 415944 417091
63 38 437784 439688
98 68 78569 87508
4 82 59307 60568
53 50 168758 175663
4 37 244704 252301
65 31 593483 599079
6 74 671543 672460
83 83 163612 171370
2 62 335174 336255
46 65 216902 219819
73 86 413299 414813
77 68 281242 284830
15 68 625017 632002
60 12 626262 635584
67 79 382439 385769
51 49 649071 652300
28 82 818611 822433
75 75 803970 807503
60 29 154995 155171
38 12 753877 761604
80 54 182093 183780
98 2 427503 435678
48 0 566293 570667
42 15 283872 288258
9 45 838830 845886
31 51 76238 80602
68 94 903833 905389
46 95 476501 479330
16 48 485322 494588
39 17 378098 379872
22 67 671149 671958
81 31 160183 161759
90 41 605521 606886
68 19 483073 488298
9 48 805739 810905
55 8 892236 899151
63 34 729857 737764
23 3 405395 414804
46 43 41263 50895
1 29 749696 750332
88 3 978286 983764
58 100 545788 549753
10 99 50022 52646
74 6 959699 964104
17 26 857200 862244
40 76 836523 838690
45 67 680428 683476
79 90 832786 837523
17 96 360837 370300
81 66 550438 555574
16 54 70325 74176
69 97 713829 717281
60 76 880947 886991
43 10 838908 844545
64 9 710152 715662
45 86 897773 902386
83 47 547396 553940
76 29 458423 462248
6 38 289568 298984
37 98 12741 22289
46 36 660210 660762
86 91 667596 672345
61 31 985405 994043
44 23 552663 558511
28 21 981345 981686
97 79 839210 843278
66 25 839720 843278
40 94 125922 132502
15 82 180751 189316
44 76 391435 395980
24 48 288685 289656
52 44 458575 463607
59 60 463062 463514
10 71 824421 824813
31 68 946519 948415
85 76 261847 271760
70 15 550409 559877
100 18 766838 772767
7 79 707375 714612
17 97 132705 139737
35 20 752396 753012
94 96 666348 669495
83 86 592335 595760
52 30 616937 626105
65 4 687416 691951
41 31 223809 226786
30 22 276996 282683
57 9 339995 344542
42 56 708238 717398
36 21 311605 314856
96 0 192710 201559
13 42 614979 620452
73 81 345749 351394
93 5 424114 425720
34 1 249270 257509
25 33 358867 366504
43 68 646132 648883
13 72 775298 778906
66 13 332605 336960
4 101 274130 274453
79 49 125063 126079
56 77 857019 865135
9 40 847675 847894
83 37 730657 739312
55 18 554629 562683
52 55 901767 906043
80 40 89944 99005
71 56 370836 376280
15 71 426827 433652
32 49 255210 260836
89 45 538490 542683
85 60 426146 426831
53 0 877905 878537
74 27 350758 355835
95 4 529945 531742
58 25 398015 401113
74 101 755603 764502
17 85 799036 807855
90 9 732679 739479
61 63 426207 435566
93 39 880143 887394
93 62 903068 912089
62 79 28689 36588
101 51 627472 629595
15 79 829381 837177
63 98 23570 29601
87 77 888788 895690
66 40 467742 475561
18 1 831462 837876
50 46 226371 234045
40 78 35044 42565
9 96 671349 672430
61 3 457678 465757
58 38 763948 772282
25 63 572806 579543
30 78 485094 494898
43 69 727405 729379
24 79 783040 792635
98 33 572936 581317
61 89 78239 82947
30 2 513746 513962
11 23 739052 747495
7 53 278796 284392
37 54 183152 191222
5 46 215296 216596
91 75 216314 226163
67 83 118704 125420
22 59 975502 980008
64 42 805332 812870
8 6 635562 639123
71 54 69057 73379
52 11 487253 488318
49 96 208026 214290
0 13 847188 853517
99 22 658032 665186
14 11 939601 946667
60 61 653497 654712
64 62 264342 273300
25 65 214293 220680
27 51 677190 680187
95 23 112631 121295
94 13 593734 597083
88 46 522756 530434
15 3 175664 182074
89 96 325657 334810
95 64 314090 315946
78 28 519998 525227
10 55 112511 121442
17 50 492705 495038
28 93 625027 634816
57 33 771779 777195
68 22 786687 793241
9 35 94535 101009
76 17 919733 926740
5 26 215558 221816
22 94 109492 118781
80 47 531291 535094
39 47 541293 545096
52 19 854462 857398
98 78 877192 883504
26 17 599413 603092
19 23 495391 497414
16 56 671288 672873
91 93 89173 89814
40 52 26973 29295
29 22 927220 933848
84 95 225815 233111
2 31 695615 703600
78 39 50915 59980
6 51 639172 648007
91 97 755993 765153
17 8 119813 120067
87 94 591422 596793
51 27 949001 955311
96 63 147773 155493
55 10 434378 439023
9 3 775523 777514
88 21 553281 561344
83 39 571228 573558
22 66 114973 121647
55 43 977071 983965
97 75 520748 522050
66 26 10751 17714
71 3 408162 409131
99 43 160751 166519
99 20 229193 229742
76 57 203142 205658
75 6 728298 737115
72 7 658613 661109
87 22 630154 635792
50 84 545289 549152
49 61 284013 285362
14 92 364335 370348
56 7 246468 250137
5 89 687173 696648
69 83 635412 643287
40 57 143145 145167
7 65 603975 611550
25 86 33396 36797
60 20 425164 431523
44 57 123452 132482
18 85 653774 657309
41 94 896899 906127
17 23 353194 359379
82 29 389934 393504
37 95 494431 504022
6 18 562196 565893
46 1 597373 605904
74 80 25336 35089
55 54 287257 295361
5 66 697964 707956
78 98 801422 806795
2 47 126162 129770
44 94 842997 847311
11 91 521888 527961
3 41 903952 913823
88 97 971698 978401
31 83 971583 973984
47 91 683155 687640
16 3 619347 623059
2 7 754454 755647
77 6 569053 573706
41 35 322823 325951
94 86 731573 732762
92 68 605573 611556
71 21 926874 933997
91 82 195991 201257
28 96 262196 271555
88 91 291930 298535
101 33 501044 505759
29 63 547013 550449
61 65 933763 937142
80 56 705127 709717
83 85 407585 407829
68 26 263104 271106
96 28 7610 8885
74 87 870857 879658
80 43 216049 217080
39 82 697500 706366
92 21 155192 161575
89 34 566164 567965
79 67 717274 721584
38 85 854389 859986
52 31 190762 199965
60 4 904015 908376
53 15 23298 29263
9 2 583839 593438
59 4 290412 295782
95 15 589399 590247
12 24 616988 626797
96 15 882081 889721
53 68 632969 641140
4 83 516591 522108
78 62 682988 690561
74 23 309685 316452
51 54 905260 911485
94 23 703417 706895
82 14 814385 821986
3 49 227511 236361
101 81 123656 131846
70 69 903378 910495
43 94 400045 401544
83 81 353476 358870
52 18 566278 575771
64 17 498709 501561
62 75 939686 939900
33 35 695569 704891
49 60 16111 22571
93 31 443568 444101
8 76 240036 247596
50 8 300058 301600
74 64 385622 385946
42 97 359996 362112
40 65 433 10219
68 28 356696 359138
11 100 389304 391402
58 31 226457 234150
30 85 609619 617180
45 51 213793 217740
29 80 544916 548998
58 21 256609 259163
77 9 847334 848095
99 21 969241 977885
21 8 186928 193968
5 13 908686 915623
34 63 402487 410814
14 98 772035 775582
4 97 392903 398076
95 60 884043 889544
31 28 777512 784839
54 40 184877 192410
76 8 817146 825676
92 44 918022 924494
67 22 856116 861965
2 81 522202 528407
42 10 628444 631425
93 98 493359 498163
55 85 202268 203148
67 17 386122 392060
29 94 588472 594087
8 23 533222 540961
88 87 374116 376515
82 1 769056 776524
51 8 383537 393313
12 63 816311 824269
23 24 264616 273359
91 88 876503 880434
98 53 319918 320569
50 4 481079 484611
25 39 552805 560426
100 96 353136 355111
31 61 873222 873675
60 36 133999 136912
63 23 318030 322820
17 25 43210 45227
30 4 674386 681195
87 26 133783 140878
94 4 809009 810418
56 5 406522 414618
67 46 631356 640360
53 100 285720 290677
40 26 230133 236606
16 32 644731 649582
78 97 316370 325671
66 3 84857 92173
16 37 997953 1007087
1 33 793820 799917
14 39 924687 926732
96 37 344192 353643
70 55 846809 851144
38 20 19216 23461
66 19 121627 130087
82 76 35688 37358
19 83 807671 812705
73 56 352950 355935
2 46 393644 401904
37 31 312912 321318
34 77 436850 438146
20 38 93416 100448
75 27 674150 674156
43 22 772248 775704
4 49 54979 63191
92 18 47975 49220
48 14 712921 715343
73 82 746363 746558
83 78 64759 66669
21 91 430056 435733
60 2 676967 682904
0 22 222154 227891
32 95 147085 149123
69 1 282725 284853
21 66 645681 647092
17 99 401085 402469
19 63 440404 447252
63 93 502964 511174
65 91 614330 615478
8 30 367318 374494
17 54 114221 119214
85 85 948204 956060
4 35 206989 211996
81 12 673810 675744
58 89 597098 600720
36 66 280819 284430
73 30 53013 57687
85 100 31675 34805
49 24 153304 157827
96 88 452446 458874
46 42 56963 66133
86 1 816351 821613
33 89 496509 500584
55 53 108501 111322
42 11 592342 594132
101 25 773786 783730
78 6 219855 226737
1 87 502078 503961
32 97 800329 807805
57 4 191307 197853
62 97 876232 883936
90 2 119297 124226
17 52 40766 44468
35 41 836925 839204
28 72 629002 633203
43 79 229024 237445
42 31 694194 700783
92 5 426598 431516
24 1 701267 704359
96 2 247563 255914
74 35 843651 847820
68 41 339019 345005
92 60 752654 760529
18 71 146040 148987
42 91 888340 896034
68 85 198720 204890
81 41 425402 434338
79 8 74122 83880
33 14 482162 483250
54 22 856120 860886
83 25 709251 717615
24 33 635099 639735
69 46 42495 43351
86 11 385602 386903
31 84 403958 411317
101 92 672403 676499
39 57 758088 764631
9 59 395059 402714
91 37 501979 508296
44 97 989719 997459
14 14 57929 66486
35 19 562507 571376
75 76 55288 62644
41 38 798228 805831
22 48 921620 927957
101 50 852963 855969
7 37 21730 22716
95 6 710743 714999
12 39 449908 456626
44 74 327290 329176
88 48 133155 141047
18 9 518189 527134
15 4 143292 144848
89 2 835887 838351
5 95 660230 669471
96 77 957165 962097
94 101 32418 37312
69 68 865567 868355
76 68 287791 296996
94 30 375529 380419
77 57 395184 404432
81 85 561199 565811
14 4 50260 51888
42 2 782445 791529
68 90 744423 750165
79 34 933740 935215
46 89 939901 941849
98 79 344383 348082
74 49 794147 795154
99 77 190892 191603
79 91 369663 374934
55 95 301049 309272
7 41 512956 516261
65 96 392121 399498
99 15 674823 679115
66 6 485216 490318
87 0 825697 828455
47 34 196487 201529
30 91 653906 656188
21 14 504525 512673
56 59 948432 951219
99 42 784986 791895
4 8 461414 461518
74 73 553865 562809
50 54 140141 143885
44 28 405293 405677
69 99 117367 124535
57 68 624323 632557
26 54 746333 753782
86 36 469649 472468
18 82 441881 449609
13 80 525883 531920
49 32 568321 570898
69 82 921769 931629
7 12 416175 419100
38 100 247977 249135
37 58 247887 252420
94 47 527971 528228
61 29 528157 531275
54 87 5585 6660
28 59 534118 535560
16 101 953618 959603
92 34 455522 461185
62 5 646043 646712
18 55 708690 715539
70 6 348571 356726
21 0 65226 73801
0 50 695990 704459
49 44 145331 155033
60 46 204844 208990
101 56 654736 656821
83 35 736460 737899
83 54 567913 569395
23 88 327555 329888
31 92 714737 720975
32 31 904233 909919
76 97 123622 125718
68 8 337431 345459
97 37 311729 321040
13 23 155734 160286
62 80 584755 593820
36 82 754850 764256
27 27 427703 434139
87 32 272886 275334
34 10 433407 434199
18 73 358646 362788
85 55 186029 192702
65 100 90157 98599
96 49 900229 907763
66 31 641044 650553
44 72 773336 777389
52 9 766910 774747
71 74 507685 508149
61 10 629539 630901
98 71 895202 903797
66 37 382192 386157
37 35 57257 66469
15 5 878050 881484
81 64 578284 586069
80 76 477933 480444
31 99 855553 858836
74 1 30140 35955
97 24 587182 589952
75 50 820336 826353
86 37 206489 212154
82 70 746771 748145
80 14 798114 802524
19 43 478378 480793
86 94 303246 308956
82 50 559893 564128
30 27 746479 755087
49 8 941164 943995
33 91 470837 477588
88 90 553384 555912
43 8 640517 645013
20 82 725451 725553
49 83 885167 890483
88 83 856569 859546
16 57 273449 276364
79 56 719426 721898
94 83 214435 218540
86 3 237978 242176
61 71 706599 712547
46 61 635467 643690
46 84 379862 380225
10 6 542735 551386
19 84 331866 334809
12 46 31691 36640
1 76 41596 45679
57 37 845334 851963
59 28 449892 454720
55 72 126990 131988
8 53 479820 488430
72 76 934835 943165
49 53 280197 288097
82 90 487124 491976
14 43 607080 613127
73 9 574769 575617
52 8 942857 943938
21 49 503268 509574
43 5 264905 267120
80 13 648937 654530
82 16 921793 922125
30 23 406416 407507
38 56 472707 479435
8 9 212395 215299
88 62 950753 956130
62 17 289801 297722
18 79 149993 155059
57 20 745447 754693
