9 660
95 96 209678 216816
79 5 268281 275497
0 97 624999 628430
7 29 697078 698117
30 87 515981 519773
63 73 306564 310198
91 21 729006 735037
1 93 157967 167524
43 7 329260 334980
87 100 603897 605637
66 37 49903 55386
28 17 525523 526667
18 34 298767 303448
11 25 611637 620177
3 53 832684 838582
76 22 424391 431169
1 42 509583 514770
32 37 164987 170813
6 29 260105 266483
12 11 810514 818858
99 19 705835 707696
78 91 85316 92203
4 62 565555 573809
64 42 944315 950576
84 39 616538 617571
7 18 443642 446474
84 57 47724 57196
71 9 738520 743021
10 8 855372 863944
51 67 32954 42765
51 40 504860 506101
101 39 674640 676942
80 30 605136 610072
91 40 619372 624926
42 10 122003 125238
35 27 306942 308787
58 11 406601 406836
87 60 615584 622818
38 93 480357 489074
14 71 194217 196488
34 101 473568 474080
67 81 380179 389133
101 86 764866 769508
45 13 990855 995262
16 36 641307 647004
101 91 848927 854347
84 51 325547 331034
68 11 434758 441408
76 87 562911 565711
96 74 583257 592186
17 28 122801 127478
89 96 716704 719993
7 56 196402 205478
24 79 648774 652778
87 62 894757 903029
61 57 716547 720090
89 81 797959 801868
80 74 1604 10859
87 82 792055 792316
95 86 193755 203132
36 10 596665 604189
60 58 703412 707293
94 8 400148 404822
21 83 992571 994755
34 4 554421 555474
46 100 719317 725069
56 43 172490 173960
74 19 339603 346386
72 14 661065 662576
24 81 155185 160097
91 41 960539 967257
58 36 646192 654298
81 59 570771 573435
31 100 609775 617521
63 67 640489 645988
34 99 369498 370931
83 0 821755 828816
10 4 370908 376523
65 4 516330 521057
69 39 297581 301587
51 11 421279 428610
88 34 298167 306510
26 83 849566 859317
50 101 186936 196124
50 22 283212 286870
77 81 78055 78310
14 67 37588 39972
97 90 614623 623708
26 100 32695 39883
27 34 440512 449870
81 7 829818 832088
22 70 372779 372791
53 54 650237 657549
4 30 280235 286250
41 68 696065 696986
59 80 94879 98023
43 14 20953 29695
63 70 716771 721940
66 64 385607 392071
40 73 392937 399228
31 56 104984 111333
60 47 962475 969975
95 99 868758 869052
71 69 724237 733956
90 12 322460 329863
13 17 216862 225042
40 62 477381 479355
95 43 315495 323760
87 93 795654 800436
61 73 794603 798318
59 43 733317 736129
78 59 621439 630876
77 59 173903 178182
2 24 93275 102870
36 0 742804 752594
70 5 817639 823073
101 92 567658 573957
75 80 296391 297043
71 40 691983 701683
45 34 311580 321508
75 10 511833 516423
87 87 500097 501802
76 15 537778 539408
101 42 691581 695933
66 45 251962 252473
84 88 948348 955261
93 61 581528 583917
81 52 945596 950417
12 42 489440 492641
74 78 896538 896962
42 57 769633 774164
21 86 176167 185958
40 38 658737 668330
67 100 4675 10940
73 11 696175 706056
43 26 604256 604680
11 31 990772 998079
69 97 893564 900924
58 14 901420 911006
87 92 518535 525834
39 93 341835 345915
40 93 397789 406898
55 78 311356 312091
35 5 92777 95799
98 27 193498 193667
96 25 855216 855980
42 58 635040 641504
12 9 517723 522045
73 93 189671 199079
39 9 848772 850366
14 23 473415 483134
98 38 568507 572816
7 27 208230 217123
34 64 53561 59934
76 54 18248 25166
68 75 901671 910632
2 73 540770 544089
85 60 859489 865291
85 42 308355 312653
100 17 966122 966971
43 67 184046 190734
91 83 246454 246933
50 83 600426 607329
12 14 198363 200927
38 41 833416 840409
83 85 823877 832425
53 61 469864 473077
97 57 23318 29775
77 68 440712 442544
23 81 142649 145073
10 49 518906 524354
98 33 685347 690951
38 42 576904 578527
41 65 201518 209124
3 24 624550 631182
27 35 501740 511052
22 57 317632 325176
42 87 320216 325668
27 79 56545 65105
83 21 940715 947887
85 11 829599 834797
57 85 899969 904651
90 70 792475 800517
41 37 227531 231279
24 96 316155 323960
81 88 704666 714124
100 64 257639 266153
23 100 924271 924486
13 97 31050 39771
63 83 240342 241484
77 58 881597 890624
68 85 380489 383320
68 51 511006 511275
4 37 665438 668421
63 43 699067 705383
74 94 885317 895016
70 32 211276 216517
14 0 749447 757633
40 85 200524 207099
89 54 322297 328840
40 31 338941 344048
15 55 109800 115476
27 43 279318 282074
31 26 647546 650632
75 95 9292 11727
8 14 397180 403917
59 16 647085 651704
96 40 128666 136328
81 10 293553 297605
23 8 51947 58429
73 2 900609 908451
75 60 247475 251298
69 87 453730 461327
17 70 53636 58642
66 87 1205 1332
15 80 321161 323656
69 7 719709 722244
58 43 609539 611592
26 70 729324 729853
34 89 287924 296771
62 71 771855 778038
83 75 869292 874158
100 71 780739 788478
101 64 23622 23627
42 96 383830 386249
55 41 649935 654336
34 32 448820 458547
4 68 466642 474600
43 93 184554 187567
29 23 754468 762680
86 32 187294 195059
6 93 409259 416696
48 56 232581 234663
93 96 856989 861892
72 86 639922 641086
34 40 951905 955426
28 23 800110 804792
3 38 536778 543823
90 30 13760 22500
25 1 112373 114090
96 67 436980 443681
59 97 731598 738272
21 63 331406 334372
5 81 863924 867237
78 66 584848 592126
11 101 410578 413529
1 50 713615 716979
8 32 916047 922694
87 9 777215 785129
2 96 101690 107693
37 24 922862 929970
78 61 446393 453802
17 3 862104 867406
10 99 506902 516839
96 61 919390 921287
57 78 793112 794042
66 22 641789 645197
52 95 491935 498332
72 21 674505 682694
20 64 834939 836350
64 96 139757 141050
85 76 853499 859182
87 72 452659 460245
100 91 855461 858683
85 7 20312 23858
43 21 86714 87843
11 24 756161 756608
97 81 973921 982745
62 54 744633 753987
44 45 720965 727689
83 13 199647 201128
34 38 899962 908360
73 74 814307 820572
47 58 43902 52698
30 16 150433 157261
100 49 473047 478136
55 43 392641 398692
6 3 949733 950663
89 33 950926 955318
94 55 599551 605514
80 78 877962 881412
99 55 97926 104194
28 12 221432 227824
16 48 68031 70222
30 53 51842 60278
29 58 534602 541808
89 2 641513 643301
101 89 643300 644825
17 86 406311 407768
2 76 555203 559709
16 54 659697 664175
6 22 278634 285647
97 22 523119 531270
80 9 758608 766847
89 61 783228 788470
11 26 337520 346412
72 16 206122 209966
82 4 141919 144019
71 68 412962 415723
47 6 184369 185732
46 32 1233 10598
26 75 665354 669412
101 67 186961 188104
68 16 376794 385101
5 43 846974 856151
54 92 596609 606365
69 80 39322 41333
74 45 325965 334155
88 97 301563 303389
24 52 687175 687986
29 77 645909 649262
45 65 627094 632220
76 94 842356 847144
16 68 652873 661270
93 41 842573 843148
39 10 946419 954139
85 25 266750 268885
45 56 476895 486099
1 0 690583 699666
95 31 755010 761585
74 84 198064 207312
51 6 526991 527600
99 32 617158 622207
29 63 330104 337065
20 81 803361 804921
15 70 629030 634334
70 33 463539 470578
8 74 999008 1008009
72 75 294322 299589
12 21 560024 562688
9 81 814904 819084
60 65 359032 360223
64 64 147137 151902
77 37 629941 634652
48 100 725021 731195
56 63 571242 576409
62 44 233040 235633
66 51 862597 865476
68 30 516530 522592
84 65 524340 528411
69 55 945800 952897
32 5 472074 475092
50 15 879139 887325
60 34 231788 238600
73 63 759540 761157
20 98 380106 380893
69 48 858859 868434
35 97 578292 580107
58 0 139979 145252
92 2 559211 563952
11 20 696982 705961
75 12 931809 933705
75 28 812173 821151
20 0 882524 890131
18 3 813982 818820
67 38 800307 801194
62 90 175376 183467
1 51 650375 651850
79 31 691660 692523
21 52 396862 406116
28 24 110873 114845
1 101 849562 851924
60 31 422259 426134
73 58 480674 483525
72 57 370004 373327
10 43 365886 368337
75 50 321098 329220
23 30 981753 983284
6 17 788945 792469
3 60 403209 404962
31 4 715173 718989
2 27 617615 620614
71 22 947459 954819
93 23 716066 716610
52 51 461126 466762
45 44 226446 234786
58 33 607675 615885
70 34 564170 573027
62 58 172368 173697
67 63 563895 564825
64 85 567146 573902
99 77 748679 753468
91 20 945053 950658
67 16 625291 627495
25 19 678834 680368
49 92 116903 122843
62 50 373663 374971
72 3 149773 151286
69 94 78902 83762
86 58 390276 390489
22 32 514455 515315
76 13 8342 15325
76 59 735798 738922
89 42 11326 13807
81 33 72307 80062
10 92 274646 284372
99 90 521854 528511
88 93 406977 409101
15 94 386822 392705
12 18 418614 426629
86 57 90201 95516
47 40 882424 891403
28 8 86899 91297
56 80 204431 205477
13 6 336720 342120
69 96 404525 404549
0 48 266806 273809
51 24 583298 589361
74 12 286063 286343
30 27 642323 642930
33 91 148181 156025
100 89 663858 669795
63 96 553213 558321
84 42 508571 510897
31 64 199446 200262
50 47 111571 119313
34 69 400840 401814
30 92 685173 693644
44 46 130138 132341
81 2 202038 205690
82 84 721425 722180
62 18 687685 689095
49 35 846723 848066
48 79 761214 764630
44 61 511752 517464
40 57 557080 565064
42 12 67317 67885
61 19 534074 536269
49 45 771921 775735
21 92 57172 66003
5 20 581322 590063
97 5 988379 989633
34 98 370771 378517
1 41 715515 721940
17 101 98703 107290
92 13 507197 513574
71 92 962520 970832
69 73 959907 963349
28 31 72569 77902
81 97 263924 268758
80 67 399744 402962
72 36 551321 555732
19 5 897192 905367
34 24 565028 574895
88 79 507376 510152
49 73 27427 34604
26 28 185411 190701
77 60 931589 937482
81 27 702178 702470
21 23 708020 714230
57 87 703913 709210
20 8 575398 577732
58 4 462555 466868
20 15 176161 182080
74 8 772622 776139
74 67 911499 911614
61 37 355934 356115
25 78 26587 28332
9 20 398320 406301
5 42 248584 250387
75 36 677663 682764
31 71 243311 252592
89 100 721563 724328
96 82 423249 432660
52 74 141567 141829
23 10 863622 865604
90 91 438940 448500
45 15 432475 439461
58 73 946429 948539
81 0 278486 279842
58 61 702474 712291
20 20 566795 570659
34 31 507605 509367
36 78 383684 393159
59 1 224704 228373
80 0 511559 521441
26 80 827713 837633
53 97 375353 377251
41 84 620399 621751
9 74 406140 406341
48 57 478015 487033
61 67 37329 39728
71 62 93018 99833
54 72 914779 918858
0 94 475402 483505
47 61 844789 845611
88 73 122 1051
24 82 122936 124814
18 58 948002 950670
0 51 117221 117482
100 63 44562 45494
58 53 268654 272256
62 51 287711 295891
23 60 806223 813442
79 51 975079 977294
0 95 319693 325433
52 38 684082 688874
29 48 995074 997902
6 81 51760 59823
32 89 962811 972778
86 6 908152 914994
87 31 342483 351916
66 81 491825 497275
49 1 360243 366807
0 64 779845 787806
88 98 677769 684463
36 38 732517 736367
68 68 381656 384810
91 1 443189 450707
46 77 343489 350398
61 54 31555 32184
49 101 871809 877317
64 44 10110 17716
16 45 664596 674100
83 91 944677 948012
9 70 281308 286376
7 16 876780 885904
76 55 975850 979919
65 6 10701 11005
83 43 224625 225531
37 35 875855 882009
95 27 663755 670893
14 66 901762 910708
2 85 200600 209207
20 9 923327 927750
83 3 619975 628032
97 67 843428 847557
58 79 669718 673385
11 15 933000 942664
42 80 26162 27758
83 58 390992 391557
53 23 372870 373330
26 25 820475 829922
6 61 487476 487554
62 68 90547 91026
85 49 615697 623506
91 13 411294 413808
28 96 862931 865225
59 10 291374 294492
59 68 585580 588037
51 51 198415 204629
75 17 224101 228589
51 3 592343 601341
85 4 54816 56379
51 46 755406 762165
90 84 942539 945526
52 92 662714 670251
52 28 859656 864711
39 13 632321 637157
9 13 548181 550319
85 29 226423 234857
13 69 783098 785568
42 55 367716 368101
8 83 376056 381481
87 44 679091 682918
92 6 427903 432688
13 36 537097 537172
8 59 15945 23750
47 100 906185 913154
27 27 380387 388527
61 91 765094 774664
24 35 662033 670670
79 85 870015 870977
30 12 728246 729389
12 32 226698 227747
44 95 743356 744252
27 6 132468 136692
93 26 65741 72693
0 47 976358 977682
73 10 282567 284451
46 39 495743 501478
97 80 389741 396274
20 1 892641 897559
50 4 892168 902058
98 79 588764 594555
78 38 27016 31323
96 100 953383 955851
7 64 90182 95587
90 16 756076 763447
54 5 584810 590946
37 76 324868 333537
86 92 820813 830646
6 56 484548 493443
98 63 929189 935850
93 56 148828 156167
38 1 800228 800886
46 67 20570 29823
90 71 510583 519505
101 79 72630 79243
36 21 12202 19453
46 47 578334 583158
46 30 677466 679017
16 99 43796 45066
7 2 664538 669558
24 89 791994 792695
25 91 873738 883565
16 71 722697 730471
86 67 20195 26075
91 31 131963 135536
32 38 602677 611366
30 47 363182 373089
57 23 418320 426767
93 5 739297 749237
71 65 89539 98006
11 40 348265 351932
57 70 997453 1007031
18 4 824363 829278
39 89 428133 436444
79 60 462375 462728
33 5 847655 851185
18 55 526937 531722
15 22 429023 436222
54 43 997458 998306
1 74 565713 567664
48 97 991603 991657
73 14 226131 232345
73 82 884480 891390
40 6 275791 276230
38 18 159704 167460
2 86 514696 523994
98 29 721381 728716
54 70 379489 385468
77 93 171032 177793
98 53 911467 913614
31 54 123633 124276
47 0 137636 139865
77 98 993533 994037
36 37 115613 117342
93 34 329191 338408
24 91 313977 323100
42 74 163554 171381
50 57 412108 412629
95 74 997636 1007145
57 22 367822 373188
0 92 216723 223613
60 60 183240 185329
50 44 566771 570213
43 84 743888 744101
32 55 120065 121719
96 24 40600 44098
29 88 359786 360097
101 50 98185 105966
68 8 988526 996481
2 51 801739 802848
30 83 97221 99392
91 30 105664 108384
27 45 239630 246711
98 92 344031 344922
23 71 178844 185791
59 91 201524 211149
59 23 402135 410373
76 82 234834 238672
75 78 9473 15928
20 87 393483 402118
63 100 783937 784473
8 98 327306 335902
54 101 996756 1001208
98 44 489049 492365
23 56 51873 59137
86 24 32519 34559
