22 1797
54 95 29005 37923
45 54 673846 674501
79 13 952408 958544
14 1 738381 740319
94 73 999542 1008275
93 37 322693 325504
90 88 868374 877635
79 66 794929 798527
60 30 793720 797751
94 29 784028 784651
3 67 812913 822188
13 97 231155 238256
16 85 341081 343619
97 63 162717 163736
69 98 73288 74465
7 77 618981 624600
70 74 197271 207182
98 21 767696 773776
68 41 3969 4131
81 41 797990 800633
83 85 203865 205508
27 43 696395 703454
32 22 227425 234166
67 39 727863 734738
71 65 655488 660208
13 28 423280 424028
32 48 70496 76174
60 48 93691 102851
60 52 583529 585918
42 74 590750 592313
101 23 543448 546472
34 20 221399 229283
26 96 929282 932520
73 52 816681 821093
84 60 303682 307051
84 61 700216 706852
68 19 410731 417802
50 71 498195 501012
37 78 281915 282486
13 38 82292 89463
62 18 475068 481187
46 101 733437 736270
91 57 154071 162904
83 38 463187 467709
3 12 381228 384857
95 46 844134 845034
90 47 25039 30720
58 21 524978 529530
57 77 263643 273638
17 86 478390 480943
36 17 942384 948191
13 89 930294 939881
64 23 339046 344371
84 93 638074 641213
9 69 451687 459416
4 50 366366 371599
76 4 90756 98801
18 35 173926 182608
68 6 648160 652960
8 26 554516 557327
26 76 471133 472550
7 72 101334 111291
74 3 663896 667017
19 83 623187 633064
70 38 863377 871821
8 83 265914 266200
53 28 922229 930053
35 30 698255 700658
53 29 215178 218663
70 11 113273 113357
50 96 487053 491232
90 41 931783 940955
50 2 449472 455240
93 86 670091 675618
28 50 466904 471955
4 65 720583 723003
13 41 658536 661084
13 1 950943 960787
61 33 396244 399198
15 4 880489 885276
100 90 635839 638321
101 30 554797 556518
48 44 37140 45744
40 19 891578 896473
42 77 331862 339264
44 61 77770 78371
5 34 422841 424221
96 96 322542 328448
93 84 33022 42285
8 2 883822 884243
57 101 101375 102685
39 26 37611 37758
99 89 586238 586465
23 43 940892 950108
87 100 350052 355550
76 72 781679 791146
63 23 884099 889744
19 21 605682 607525
20 66 234546 244512
31 89 226634 233572
78 79 764987 774959
12 72 554269 562172
78 12 192808 195266
19 99 621806 622009
28 23 531489 540723
92 16 191718 199084
15 27 183691 190994
64 33 139507 143901
51 60 448504 448841
37 69 834801 835903
87 57 430915 436822
28 96 292349 302169
39 93 593992 594442
20 64 961543 971259
99 23 283598 292866
19 97 386074 392389
76 79 571645 574510
67 95 208218 214446
86 1 818354 819069
54 30 595646 604473
46 48 499552 503060
51 35 312993 316832
97 27 95625 101142
9 23 203114 210035
93 99 638599 645989
58 4 558622 565965
19 1 489549 490388
98 43 375036 382467
70 22 685843 691928
33 62 832016 832371
6 76 292918 293652
27 49 721763 724222
69 75 178059 178340
38 22 23943 26621
86 19 90044 95780
74 91 445824 449575
65 99 741026 743919
75 6 296777 300566
79 28 836952 837236
7 22 158723 168454
45 52 124520 129064
81 53 447741 454051
47 92 499554 504739
42 59 552773 554608
18 82 536825 545826
38 95 948368 953916
82 56 360718 363238
27 93 33114 42439
35 35 355350 357757
7 52 849308 855739
57 4 800147 802555
47 91 488041 488108
25 55 3675 8308
20 0 127424 129655
44 43 217228 218496
29 39 413761 419329
2 34 336081 337947
11 25 908362 917838
49 57 765802 772435
89 22 469622 477513
13 74 856323 863149
46 84 470978 480548
92 60 628911 637478
44 55 469439 473716
85 53 72694 80062
65 100 809299 816287
55 73 320185 320664
37 19 49655 58805
52 101 980395 981990
87 99 866812 869547
2 26 337658 341901
89 49 628316 635512
0 23 32394 33449
0 21 211573 221310
101 74 683170 691630
27 99 759215 759643
6 4 572714 579351
10 14 590430 596245
63 82 29029 38699
31 42 359617 368043
56 80 528945 531343
60 17 269523 271762
10 30 905066 914184
80 18 20674 28285
21 30 567954 568396
82 6 984380 990329
84 66 481712 490601
71 62 403331 406496
39 78 35328 44930
4 87 836043 837041
47 10 352 6251
55 51 752061 758411
11 8 768554 777463
0 54 768771 769130
12 16 207921 217647
71 89 458518 465858
95 90 189151 193411
77 4 986631 989333
0 95 105222 111235
29 97 306979 310866
30 100 543414 545964
31 40 152410 157316
75 10 104740 107499
80 1 358041 362870
36 53 754756 755285
79 101 297415 306863
43 33 742928 743011
92 25 309223 311462
76 86 273518 274310
32 16 593382 595451
1 51 524624 529487
67 46 286607 296183
92 72 908134 915718
78 85 951984 955726
62 25 659626 669593
11 50 858848 862976
25 13 752498 761906
60 15 266794 274837
61 6 789540 796481
99 63 150024 159644
27 34 205354 209174
96 100 867136 871964
57 51 8370 16881
45 37 841684 847371
44 50 864814 869344
56 79 49890 57715
19 9 958965 964280
72 36 226944 234528
40 47 167008 173536
35 41 732801 741465
43 11 422275 423215
54 63 705400 712185
23 18 319537 321698
12 79 816310 820954
86 38 827096 828869
30 9 891693 895642
83 73 633469 641788
35 37 579416 587998
16 78 21952 22984
6 72 712396 717712
74 83 276127 282668
85 12 881072 884229
97 99 88388 95530
47 50 756538 760451
90 38 38327 41735
67 49 460615 463150
49 70 158431 159694
89 38 693895 698953
79 0 83195 89834
84 52 494463 500088
4 68 272045 278147
3 34 24994 28962
35 85 534553 541129
10 58 214060 217443
36 85 649819 655331
21 26 711471 712199
26 51 903862 906157
23 32 150333 157962
89 78 844035 852579
24 53 615696 620785
9 25 497424 501477
37 66 355717 357888
62 96 953603 962329
60 34 892461 893870
57 0 404534 413691
15 65 960697 967362
35 21 379767 385008
61 34 758425 765491
35 19 734317 738283
31 94 12798 14033
85 41 385633 392389
34 66 503459 504682
14 46 741038 745309
55 82 644753 647051
50 81 304952 313882
82 12 279457 279638
96 64 162254 163099
44 34 218569 222588
39 17 376128 376965
85 57 682613 684592
61 8 739667 740809
75 93 836590 844102
64 11 911906 915648
80 72 804465 805635
82 75 549163 556384
56 73 659300 665218
28 60 780007 780429
66 90 124425 133952
21 13 317559 326059
12 1 898776 904105
18 52 654105 662678
56 41 857839 860899
51 29 928334 930073
59 32 232157 233614
42 6 91820 96401
4 48 811176 821037
18 64 324596 324764
44 25 442831 446234
70 47 128579 130900
77 57 538485 545361
43 99 174748 179780
21 101 897011 897543
23 98 910295 914311
72 4 357106 361290
83 68 309908 319082
46 56 303383 306326
4 27 915711 925216
32 75 320561 322741
76 74 466945 470896
75 55 357701 361760
87 61 35836 44663
89 63 313203 318687
18 16 552566 562477
77 70 234196 240746
43 81 901130 906000
64 94 63900 72771
56 82 931734 934572
10 89 724729 727868
58 27 50034 55175
76 61 952717 959583
37 54 165773 168807
28 16 196229 197478
35 50 89059 97837
66 95 25019 28936
18 50 531664 537769
30 87 214913 220944
15 19 143037 147794
71 93 299829 308136
99 71 5491 14113
36 90 881561 886880
9 35 416301 420535
69 65 751982 753659
68 12 504438 510559
62 69 647688 657680
20 42 603278 611698
86 84 155175 163410
27 101 186171 187157
97 3 276455 285537
85 37 591861 596051
40 56 675828 679204
15 3 34406 37643
26 67 848069 853512
98 30 665460 665482
6 69 293747 298379
63 17 702206 707627
68 88 654331 655343
38 101 908602 914566
43 52 446110 453055
51 72 368201 369372
76 11 659683 667337
1 70 33546 38614
46 71 383150 384407
89 42 149640 155533
77 63 61029 69560
61 10 393107 397502
44 96 878295 878958
99 7 849136 855143
69 58 949477 959068
98 24 601405 606568
39 43 642223 648419
87 56 262157 269693
58 60 175935 183423
93 28 292555 297980
82 84 887226 888383
96 80 72035 75480
30 54 131413 132227
77 9 839719 842598
9 47 62662 70503
91 98 923800 924578
78 58 567564 570246
3 72 722987 732587
44 39 636206 638965
2 95 725216 728210
52 81 506221 507734
73 75 662574 662689
81 54 820730 827431
101 40 15879 19681
80 53 355555 357975
95 81 508051 512319
76 101 748361 757775
6 45 779704 789406
34 57 642051 642426
32 9 585369 593634
83 79 687785 691620
42 46 523019 530814
6 33 108835 109550
32 97 982543 989965
21 7 349173 350651
27 92 60010 69009
35 7 366071 372135
37 5 565286 569418
28 49 388130 392940
39 57 150587 156406
14 80 350152 354039
100 43 964404 969101
29 94 734789 737856
62 14 72033 79260
10 35 315533 317361
69 72 219504 220289
28 26 43755 49684
99 12 284212 293420
66 68 645226 653052
68 90 309235 309863
84 41 526379 535746
27 73 370035 371401
13 16 326739 332274
56 32 914341 919704
94 62 927350 931859
68 66 861920 865123
50 7 731342 738485
75 8 924798 925987
54 6 701395 709634
42 55 429112 429833
40 23 777920 780550
2 21 184872 192721
70 57 235162 238544
47 36 598716 604649
1 41 623719 624887
71 94 48327 48944
29 49 642437 650719
6 66 400982 408067
65 29 416427 420257
9 57 860985 865353
35 10 352968 356430
17 92 471755 479432
68 42 381978 383515
3 33 670956 675671
69 62 766805 774761
33 13 178745 183700
51 9 883660 889688
46 97 885887 889807
64 98 871275 878788
7 6 550533 557244
98 3 546440 554557
41 100 497360 507135
33 37 179973 186242
97 44 879915 881020
35 51 314331 314813
18 76 101437 101879
81 82 831778 840866
67 66 346960 349951
24 49 765678 771588
36 87 528268 533677
16 90 853709 856893
0 16 931661 934190
91 100 68650 72517
89 96 54325 59630
48 58 2053 3207
53 87 350007 354959
55 95 919033 925437
99 80 481355 491294
61 32 799760 799790
97 19 62567 66993
86 5 101252 103261
6 101 430890 438178
83 35 243831 244495
26 69 478192 481940
45 57 699560 701942
89 2 349773 355158
27 77 680861 688843
27 51 62949 64570
66 43 230747 238440
43 68 401854 406108
84 22 41047 46905
46 90 666590 669303
66 97 445682 446390
30 64 467638 474006
94 56 354010 363350
100 100 63744 66528
8 36 234946 240491
54 19 129601 135451
86 89 718494 722660
41 7 171702 175239
88 39 238423 241232
30 89 180014 180940
41 27 197155 205549
7 35 713204 719167
23 20 904061 908238
96 8 232546 235225
4 5 11887 12736
46 3 236171 242170
64 88 704121 713148
61 22 592178 600201
82 92 299698 307183
1 89 463664 470805
50 27 397288 404429
35 11 923156 925685
44 93 636658 640099
71 63 39246 42450
57 65 787657 796405
38 51 678904 679962
26 93 651931 657064
39 35 34447 38771
5 44 905308 912698
37 50 450556 457708
66 61 702139 710491
0 56 496926 502235
56 89 725876 732928
45 89 457894 463454
85 30 676158 682464
36 65 973824 981685
63 22 116072 117599
101 79 892383 899387
34 72 183169 187467
52 93 758073 765326
19 64 975950 980145
91 29 316914 324478
88 79 969871 970534
77 20 480065 486267
45 58 68756 71559
71 42 758299 762895
77 2 478562 486025
97 43 213285 221775
46 38 247427 250073
92 75 37123 47114
76 41 888772 897816
51 100 483328 489132
99 67 717238 719396
37 14 548882 555262
48 99 756743 761074
98 86 189575 197412
4 10 281481 282680
61 84 876460 876601
76 23 706669 711463
17 93 585552 589926
95 82 641821 650403
67 62 294014 303120
89 50 892603 894538
27 85 694728 696052
24 4 303879 306328
39 44 655492 661994
57 61 540134 546690
37 90 627494 628883
17 5 429550 435696
101 96 130646 133921
42 20 569995 578111
27 14 987313 995030
87 85 433600 434376
39 31 787523 788606
75 1 756558 758514
82 9 178569 181885
70 65 591155 593253
24 31 441932 443570
7 28 775417 779722
9 61 458278 465172
85 99 711048 719561
79 46 923517 930917
23 90 787309 796703
88 45 471590 477713
48 100 433296 433479
93 53 216979 220754
0 69 546259 552448
40 65 677392 687095
90 17 209733 214596
49 60 713038 718328
16 20 253986 258016
55 7 60779 61322
20 11 325382 327467
2 93 272458 275772
87 101 486911 491371
82 81 424516 433113
58 62 657134 662359
88 12 632147 636648
83 43 103336 103682
99 83 539883 542166
87 25 420875 429961
69 60 56570 66519
74 17 234952 238187
28 21 423797 425791
78 52 242711 250116
59 68 796883 798454
26 38 541745 544239
38 21 619749 629674
94 6 815420 819975
41 67 578824 586649
47 90 421252 422877
53 41 802603 809290
90 31 262987 269240
11 96 837048 845007
61 51 314200 323273
63 63 863661 866824
80 48 49461 52434
25 21 723625 733481
81 16 150131 158363
60 6 436469 442621
81 56 472703 472717
31 36 132412 136891
65 71 434125 435561
83 31 391865 399104
35 97 947473 953693
20 54 471214 478636
93 78 437616 438188
40 73 217745 223492
91 76 295417 299156
26 28 388409 395406
56 23 711344 721274
1 17 908640 912074
99 2 686641 695605
80 12 414887 424511
50 15 283112 287021
78 64 344650 345190
3 31 6251 16031
23 65 352751 360257
6 46 945429 951504
16 39 236614 241842
89 41 756499 761207
49 45 555037 560895
76 42 877941 885600
45 82 542052 547639
50 31 56186 59613
101 8 436334 436941
57 87 964454 971554
51 40 802401 806418
93 75 474749 478624
83 54 879587 886491
93 77 873446 874140
62 37 861546 868934
90 63 260607 269984
73 31 858183 865393
9 89 892723 898256
67 38 322003 323358
88 83 625856 634256
58 82 248979 253925
17 71 590193 598284
93 73 400921 404697
20 96 53061 62513
68 37 638380 640390
72 92 513958 519535
79 69 555455 562104
68 0 600689 604841
76 19 306673 311265
77 91 296709 301374
30 70 562495 567682
18 74 814486 821986
23 29 881700 890298
10 94 751988 752243
77 52 791408 800494
85 72 741654 742388
66 51 509031 516636
26 41 941627 948307
3 10 611191 621017
58 47 452082 460140
42 81 457574 460285
57 13 485777 492879
37 37 108597 109177
19 33 90453 99034
3 73 872156 879356
61 98 139653 141478
18 2 782960 785494
31 80 436025 445165
17 61 273067 281588
43 80 393775 401767
44 66 128513 136425
84 34 532050 533101
48 39 117790 125986
61 13 81375 84763
59 50 807652 808424
27 2 908452 917425
41 42 536367 541824
78 67 627554 630252
70 96 242025 247121
22 36 155562 162630
9 8 418670 428084
49 18 758812 762631
31 82 9290 15183
70 14 349931 358465
47 20 98073 100005
40 35 630538 638553
44 46 398840 408165
94 74 113795 114688
43 76 380579 388622
54 67 471109 479446
16 40 272228 279556
30 45 501431 503287
74 54 264572 270030
71 57 562050 569969
85 74 933443 936000
72 65 539819 546580
19 78 846026 853838
59 57 307732 315358
36 13 415802 416410
61 73 596567 597187
99 74 628450 629646
25 88 575745 580963
18 17 632852 636434
81 11 756064 759246
9 74 450941 457938
42 99 451290 456276
41 94 329866 335228
79 79 706372 715091
44 18 582952 583911
52 86 569309 574289
49 58 790441 798338
69 51 341683 351536
72 16 465968 470086
24 41 969114 969393
20 13 386202 389411
83 60 942244 944722
12 19 313461 321014
66 5 184074 188699
46 87 39464 41361
14 67 204497 206009
2 98 232422 238049
85 64 517604 522563
87 5 317255 326832
80 96 836235 840778
91 26 401857 410620
28 18 993805 1000651
16 60 231196 233303
27 42 177132 186858
74 30 275581 278264
13 30 981398 983568
49 82 926466 935191
63 53 389355 393747
43 31 902304 908889
0 5 463176 468883
63 1 220014 228247
89 92 798015 805989
48 18 594302 602169
88 11 884130 888034
40 93 338822 344036
77 35 327549 329405
21 37 448669 449816
87 70 680860 682361
47 78 643787 651886
70 54 310882 317735
18 43 655948 665624
1 57 274202 281635
77 79 469675 478301
91 61 61301 65663
77 82 843057 849102
8 32 9418 10177
15 46 115632 124700
59 28 674059 676952
54 25 273137 279735
93 88 280072 285572
70 33 575647 584682
43 26 158616 163880
94 78 754424 758698
89 11 520754 528592
8 48 405960 408984
18 85 716005 720137
87 29 537560 538390
75 3 487005 490794
12 46 328978 333752
87 18 609409 613419
47 58 328389 333821
48 66 950425 959496
7 4 563002 570428
61 79 572035 576766
54 42 293047 296477
2 50 894846 901019
2 83 635594 643614
55 91 758413 763047
53 97 758918 765521
42 64 302737 302901
92 79 531898 534914
1 59 500497 502957
63 51 955747 963363
22 41 958729 966655
13 70 331037 337987
21 16 904158 907387
92 73 909930 919840
2 67 933096 936376
64 68 323854 330504
90 48 692167 696585
45 55 111687 118960
78 62 788468 797139
75 87 231903 235001
50 40 801554 808675
42 47 399382 402318
74 29 494003 498065
76 76 91948 95589
46 15 47459 53238
76 24 937564 939792
68 84 996183 997443
35 6 827915 836903
65 20 863525 863573
100 7 687595 693013
42 73 876858 883366
62 35 977705 984567
78 6 590266 590415
62 20 916690 923578
66 76 451925 459982
18 44 303191 307781
28 47 905989 909183
29 40 939647 941434
49 75 634279 642760
24 38 587291 596787
61 3 42490 48506
92 5 40671 49488
2 2 877908 881119
74 80 696005 700884
89 44 618022 620623
23 28 426292 432526
93 42 204373 212244
16 18 16658 23814
27 6 31283 34536
24 46 276852 285595
68 68 477885 484485
53 72 970652 973502
74 86 442684 449622
67 30 828570 836076
95 100 444270 449257
100 35 886093 893045
60 25 75160 75564
55 26 955728 959910
22 77 434687 439099
62 63 893356 896928
87 35 827769 832489
54 93 948662 950119
59 35 13026 16175
11 45 588165 596650
88 30 80968 87778
10 54 502736 503077
48 62 596585 603653
30 10 401512 402443
85 86 31386 36492
53 17 901139 909386
23 68 688442 692992
99 33 661863 667847
21 3 814830 815391
7 96 318301 319443
95 72 850951 858847
62 72 194003 195349
32 98 796708 799561
47 9 325724 334179
72 50 309449 312459
85 83 678405 688359
42 41 511566 520920
28 32 861920 870969
73 65 506888 512884
19 48 183624 187343
88 95 671312 676644
21 91 722054 722972
100 47 312540 322277
56 9 898744 906931
68 85 304553 312925
49 53 705483 708067
71 6 935478 942379
80 83 463904 466951
80 50 667925 677722
70 64 6272 12574
61 12 996047 1000303
89 97 638069 643279
35 31 554201 555093
37 99 398713 400496
73 47 642988 645785
64 16 402927 408071
65 15 719937 724342
96 78 583594 585280
23 80 481917 489789
35 55 709962 714815
2 45 326740 336538
52 54 348084 357013
68 39 745277 754467
53 2 26338 30720
89 10 789114 796443
67 2 788157 788805
85 17 58977 68288
71 23 501894 504666
35 46 275991 284903
5 21 820503 827584
82 20 751664 760523
48 70 918773 928167
23 62 92273 97037
57 56 307747 314543
88 15 914736 921032
6 78 547035 549450
24 77 16527 17684
74 45 845662 846096
85 90 697897 699347
50 17 919883 929506
20 63 540156 544175
59 58 828600 832667
26 85 294597 296845
74 57 332790 334527
26 78 627668 630888
50 35 608134 616631
70 97 569714 578818
51 11 900258 909909
97 42 30770 31236
68 14 665097 673412
70 35 945370 950701
54 35 855578 859001
25 41 125565 126974
47 49 838675 847081
90 78 820291 830236
43 0 350753 356072
57 1 951175 957463
78 99 732738 741520
46 66 515506 518780
29 38 757164 757265
55 28 476746 480830
57 20 138487 140706
16 59 201379 210780
78 75 402923 408494
64 60 954538 958048
90 57 235396 241988
74 26 602365 610681
47 21 936894 937166
26 79 741942 749185
13 91 778344 780685
31 22 676777 677010
32 30 124439 130782
25 100 577854 582504
22 25 619150 623807
93 71 278071 286623
92 0 144646 154424
19 54 278905 281748
71 8 529762 536440
95 95 632838 634375
69 24 837090 846722
41 92 287088 292044
96 56 386748 393978
63 57 744947 751643
75 91 453723 460016
50 68 409631 412578
55 77 31827 35153
20 48 669156 671891
16 93 704425 708993
0 60 962319 966894
30 46 771592 780050
47 2 441410 442172
79 26 997834 1005834
60 75 838530 846581
45 88 723391 729725
72 85 291786 292617
50 79 46023 49930
6 53 695418 698335
81 28 10644 13885
36 42 293207 295079
36 50 788674 792824
18 47 759596 766360
65 86 423259 431287
5 79 836921 840828
80 91 214852 216996
95 88 951521 956840
100 51 850300 852015
26 61 519962 526728
65 53 843940 849722
37 8 941738 946455
70 48 21649 26981
93 87 725580 733872
23 22 105287 111546
12 97 3847 9149
90 27 477748 485110
9 99 288170 289408
97 56 752189 761073
85 3 74941 83522
58 16 440078 441911
38 84 909667 914765
39 2 939363 948737
72 33 165497 174868
56 45 259533 268602
17 80 185497 191961
73 69 509214 519168
54 58 164596 174283
54 57 367167 369185
15 89 497791 502323
20 51 450659 459003
25 87 956582 958722
58 29 908323 916204
86 90 814470 820007
3 6 222702 231574
34 7 761348 768766
90 45 378763 386120
98 98 213118 215839
54 56 718348 721372
74 62 560577 563478
87 12 123743 123863
42 39 7386 16426
65 85 299704 308059
27 9 734236 744230
91 39 630405 632333
87 41 191114 200582
53 39 810153 817820
22 38 913959 921848
42 15 642441 648446
74 85 618340 623349
2 7 360855 362296
16 88 539672 548984
67 6 963007 966699
47 99 180705 189291
55 66 968783 975459
58 74 443892 449091
41 49 777010 778663
82 32 880237 885922
99 25 917970 924142
34 47 879281 887020
67 40 722223 729684
66 74 769192 776360
34 39 454627 455793
60 81 340348 342457
69 54 679051 688115
94 55 39539 41163
48 15 279382 280828
27 31 448867 451281
60 82 308991 311999
3 5 273254 282481
72 34 665057 673110
88 50 792137 798134
31 34 388145 389862
84 36 526576 535749
15 73 745859 753686
61 19 7191 14804
34 95 680711 683672
87 2 284299 285637
32 73 706545 707640
72 55 631718 633665
17 66 653525 657995
97 92 114040 120475
71 3 723129 725378
19 100 882490 884883
39 30 184212 184440
86 83 473240 478163
48 24 914670 920354
39 15 400235 409184
34 77 120519 129659
71 80 604446 611862
83 69 305224 310709
101 0 38909 41582
49 41 311533 321157
51 16 784092 787120
21 18 261944 268188
86 101 976943 978001
26 5 714979 716117
5 47 544560 553823
31 72 203123 203178
96 15 180657 183343
93 62 63675 64718
4 23 414547 423307
26 50 429108 430442
12 70 351812 358516
34 88 267525 269791
34 51 879345 883806
12 71 894792 898182
40 74 774541 783887
74 94 271131 276521
33 7 97027 97494
13 35 859559 869460
98 76 367714 372889
20 75 866524 870395
78 48 180905 190304
97 15 874561 881011
62 70 267360 276345
77 55 55919 57055
34 36 400797 407561
16 92 208252 218233
53 4 972118 972468
70 3 629941 635640
23 91 272438 274696
15 24 626063 633095
20 65 976622 985925
53 0 469893 472129
56 49 365134 373227
33 33 669188 676682
78 27 958919 961308
98 79 795996 798683
101 51 629606 637971
71 21 298677 299868
27 80 702308 706870
98 95 305522 311342
43 46 719118 720814
80 95 585117 586654
82 94 514108 523350
3 39 21676 26742
49 51 796809 798826
60 78 178756 188581
19 55 752742 754084
39 80 409263 414350
76 82 137010 138698
22 49 506573 508558
9 101 182096 191169
101 97 80587 88678
45 23 310799 314756
82 0 110720 118329
14 57 51662 55749
74 35 351452 353460
20 79 315133 322024
33 61 142446 142741
73 79 423942 428080
4 6 730193 731190
19 75 797510 798241
90 3 484804 489968
88 66 825449 827218
91 75 727578 731929
82 100 43836 49159
87 59 949776 959007
29 95 896302 901732
2 29 875946 876442
93 81 875585 881393
13 78 954497 961071
5 49 73679 80332
30 93 526150 533304
59 79 675788 680633
34 19 466721 468311
96 62 301585 302998
100 95 668949 675904
8 81 384791 392014
96 30 230865 239064
101 95 403606 406445
65 16 922386 927026
89 45 288979 298350
30 84 607588 608014
84 30 859571 863856
79 85 97100 104284
52 41 411414 420805
75 21 258773 258910
24 37 475907 481598
101 33 112484 121633
78 88 462268 463799
11 18 992493 998478
17 16 389271 398944
32 70 829623 831369
82 15 850965 860805
52 15 906355 912854
45 83 38647 46430
2 20 194329 200379
40 94 653450 658149
58 58 301911 306475
45 38 670722 678636
41 13 338739 339332
33 70 575353 576011
70 72 945903 949605
26 33 296236 297876
10 28 216535 218507
84 32 227122 232115
42 1 990902 994727
7 16 403817 406106
101 34 66897 73052
12 88 734888 740007
9 85 848553 856602
53 42 706100 715946
44 0 436316 441919
96 52 289598 294422
58 55 612051 613634
0 13 488350 491342
80 82 296195 303863
49 6 696009 698368
1 2 406108 406853
64 82 307791 308563
85 18 245547 249190
51 21 191861 192240
22 51 164961 166700
92 39 918909 922810
51 64 430297 435381
91 93 618694 627609
22 82 276525 280725
37 62 766223 772276
11 51 11245 12180
96 0 84285 92427
12 76 613300 615538
51 69 574404 578660
45 96 70020 76635
20 90 881529 887229
59 71 611426 615291
71 11 811373 816154
91 4 388191 394397
100 55 182646 190255
6 81 740189 747110
35 13 727626 730603
79 10 34424 36154
76 98 519616 521569
91 80 106020 115283
101 42 313819 315342
26 64 678091 686803
52 34 210143 217074
71 2 139797 145993
86 44 995218 999806
42 40 571726 573830
93 4 532182 541234
53 32 73555 81504
44 5 697859 706458
42 52 376157 382319
7 20 750845 756461
8 79 187683 193686
46 41 945172 950934
99 30 512813 518068
22 75 872134 872224
34 13 921391 929888
34 15 745925 754396
18 7 385243 388765
67 5 470438 472525
56 47 807273 812070
96 9 320434 320862
73 70 725904 733087
53 31 885793 889686
23 17 952602 958048
101 43 985939 988113
52 89 99177 108371
79 48 273450 282088
68 93 973130 979284
98 99 167003 170115
41 98 404007 412860
1 55 654107 659343
83 77 695091 703861
70 40 462199 468418
23 42 761543 771385
66 26 582733 583027
23 89 60813 64201
62 8 793508 802941
22 59 681455 690725
88 91 347082 355598
8 96 669126 671021
26 54 697088 697863
33 5 100373 108525
63 30 859972 867631
61 57 409848 411369
89 86 946087 946789
86 62 158845 168183
49 5 810601 814503
30 61 674340 677864
64 34 530112 530151
55 79 863495 871497
32 44 90011 93411
101 98 20238 24421
101 5 924707 927297
10 90 217665 220618
44 3 920962 921438
89 60 937504 946464
6 80 148411 148475
91 19 357027 365126
64 48 372953 379045
82 40 204706 214616
25 63 110930 117943
31 11 294635 302182
25 61 467785 469265
85 27 279466 284969
46 25 472523 474751
100 42 724635 726233
18 73 684192 684566
82 88 225168 230198
14 40 385643 389757
98 49 340266 341551
38 3 510535 511766
35 98 883574 885356
30 19 700862 708992
78 86 7041 12018
23 13 426778 429687
8 63 814586 822742
35 91 858685 860614
37 60 543981 550967
32 8 453351 462589
37 52 470404 477201
47 79 493844 503418
14 26 213661 220427
101 70 594495 600092
53 93 730516 739670
93 22 128166 134706
20 7 549359 550759
36 51 143865 144866
48 97 195104 204639
54 86 272006 278198
96 1 761758 766883
98 65 796442 802380
65 79 758537 767386
30 73 800426 803722
45 1 271643 278895
25 57 698840 701357
67 89 309144 318891
30 68 545585 548608
90 51 591624 592011
26 91 503134 505969
100 41 714686 718982
66 89 971862 975487
67 96 200193 200417
75 79 443324 448571
24 58 547455 549694
15 45 34127 43891
8 6 248586 254538
70 25 846850 852267
92 23 737034 745083
59 74 243177 253113
59 81 837821 845996
1 18 774286 779986
79 95 689590 696860
61 82 964472 970118
38 83 795243 803184
96 47 826254 829113
40 41 331093 340168
38 81 551318 561017
101 68 928122 935019
80 45 25639 34101
52 47 550608 557172
31 63 196255 196879
69 46 19459 22327
38 97 377345 386057
76 48 37117 44276
22 90 538707 540516
86 64 572834 574734
60 90 56077 61471
73 57 975249 982885
62 83 953850 959111
83 64 401908 402927
2 76 809729 811400
29 54 312988 320264
38 18 757047 757277
93 10 955017 961919
35 64 172353 174524
71 22 776046 780034
31 75 938023 943590
52 14 799816 806130
99 59 528173 536635
87 42 72271 81915
6 44 108425 114298
94 60 626121 631811
6 34 445523 447481
8 95 95248 104461
2 25 236231 238400
21 25 363600 368861
33 84 864854 872040
26 34 461400 468934
24 60 180826 184780
64 43 729347 733658
71 10 973083 976907
82 21 292719 297434
96 92 801834 805174
87 81 725459 729040
21 77 659155 661250
68 31 942434 947890
11 43 372648 372829
76 50 138857 139426
5 14 567132 576910
20 72 914256 921557
19 41 699484 701404
32 89 811580 818451
62 27 83478 90636
17 44 55268 57882
44 86 290243 299535
82 91 921384 926760
47 1 526579 530727
43 91 45610 46224
11 23 237976 240800
52 32 503974 509721
69 48 33926 38959
57 14 1430 10439
76 71 809684 819076
45 86 988573 992084
46 12 136447 141948
3 51 265750 275539
81 80 892482 901611
91 11 176526 185469
32 52 603804 605262
99 28 329611 331627
11 42 34213 37066
32 37 792720 792933
12 8 71185 76719
59 55 857456 860182
19 70 516309 516364
54 64 552894 561339
42 7 170175 171829
49 15 273568 278886
44 57 255345 260026
98 74 130653 140567
59 46 593954 596510
70 27 922477 931127
93 15 540907 545302
38 67 292149 295846
12 32 66920 68452
45 74 199782 203241
97 65 584155 585428
77 54 45994 46580
1 3 74391 81149
101 86 372450 375496
93 82 182696 185996
49 17 997788 1003610
29 16 85770 89769
29 77 886846 888642
98 94 154144 163689
21 66 166594 167126
78 19 977917 984275
52 23 450950 460740
87 1 241949 251169
83 66 232073 241776
0 79 129503 133783
27 66 199879 205230
10 26 350375 358897
21 79 336780 339874
91 0 978510 982265
15 13 847756 855183
38 14 297223 306840
4 36 817179 826880
87 34 70713 72618
84 55 774390 783757
18 46 622667 625206
93 91 369244 378360
78 89 998524 999424
101 29 161353 168596
15 28 760445 765900
57 40 309651 315727
27 25 720527 721705
56 100 276111 278496
49 28 259957 264453
21 87 986840 994837
95 61 441405 445671
68 11 620429 624196
95 4 676278 682173
69 94 898755 899970
69 88 509466 512390
95 62 254326 259734
84 10 616914 619435
93 57 140894 148451
87 54 471781 473564
20 8 820121 828810
79 36 268603 278207
82 79 409136 413543
29 23 462460 471491
6 86 233969 240814
83 89 613018 619093
13 33 163531 171851
100 1 953142 959006
62 16 684664 687522
9 80 173569 180600
63 88 581786 582433
11 52 712135 712208
31 35 707046 714041
39 0 614150 622331
89 64 970767 972576
97 98 225997 235294
27 19 246914 248828
12 66 689899 698261
21 11 382150 385187
6 98 871016 871958
84 45 635877 635957
1 23 162725 167512
88 90 953706 960310
34 53 687512 688170
46 36 426001 430658
49 64 793312 798322
100 45 802777 806618
57 26 85555 92876
43 82 292819 298906
42 79 143274 144736
25 89 665318 672136
85 95 416942 426852
36 11 306388 313155
5 50 933844 940842
97 12 154470 162384
68 81 743426 743838
3 83 730588 732691
20 37 61283 62111
27 91 722834 722927
43 23 549174 553301
94 64 315125 315895
82 98 596896 601297
5 19 987814 989929
100 39 295707 298744
44 88 404878 409397
99 73 261911 270776
31 8 815053 815764
22 0 639407 642273
47 48 352246 357989
97 6 883650 893629
6 64 922457 923992
47 42 323651 324885
15 95 614078 615367
52 56 610960 614491
20 29 506036 509341
75 48 849549 851132
22 63 50084 50202
52 3 642702 647776
23 35 796671 802722
41 60 898903 907611
28 33 711719 718285
93 23 473970 477925
18 96 80925 85758
23 38 97362 103843
47 89 114873 123033
85 51 955904 957828
89 67 680742 689589
44 85 727732 733246
76 37 68425 70529
55 13 692184 699870
77 73 24524 25673
77 75 119178 128264
81 79 544929 554215
50 9 760287 763926
46 10 25808 32427
39 100 944417 948550
74 24 140724 147382
53 48 142858 152439
38 29 815590 822915
14 83 883454 886015
101 16 793932 795809
100 6 714720 722987
49 62 943054 947493
11 78 14232 22211
58 49 917866 926789
28 81 782740 787940
81 33 599805 606525
69 84 759071 761608
38 25 131526 134751
64 30 611083 616222
7 34 196183 205746
53 79 579854 585742
55 33 206964 207205
61 45 951697 959950
4 71 326952 331887
45 36 828974 830270
28 95 885228 893148
94 17 750144 751700
16 38 443573 444389
29 4 617714 620220
82 70 289585 296372
16 49 596431 598089
66 78 510248 514663
54 14 568464 573057
47 101 975947 982574
63 19 178436 186395
0 38 546985 556908
70 17 50112 52704
60 50 863172 873120
84 90 102551 110550
8 64 244573 251127
83 1 790599 793236
50 50 409309 417221
17 30 961745 963132
55 41 517710 523042
45 43 192349 195841
37 15 839998 840379
7 1 76971 77636
100 71 610080 613522
3 84 969002 974178
95 39 685852 692702
33 45 755246 759334
54 84 370759 377755
5 15 476984 477525
11 68 538107 544874
54 68 527583 530384
22 7 757616 759324
22 24 120464 129441
39 101 770125 774373
52 58 842588 844595
70 95 355933 358232
98 56 47312 55872
99 52 232053 236801
9 72 202422 206432
63 13 398363 398576
1 50 466299 472282
41 101 99338 100949
15 43 364420 371791
27 15 538622 545902
38 71 70711 78088
73 50 113025 115045
74 95 189246 190192
7 24 290448 294511
72 76 739416 743383
93 76 685378 688542
59 73 58386 65596
59 10 275447 281612
33 38 512481 515764
15 16 345733 355615
79 77 301342 302010
62 48 315909 322371
79 40 968644 978394
22 89 173510 177449
38 80 747311 748996
1 10 451390 458972
23 66 851374 854495
94 101 220784 223832
90 72 687836 688690
75 96 792173 796597
51 13 218742 227072
30 20 396657 404711
65 89 339882 349476
22 23 394451 398424
15 64 962068 968379
58 0 290892 291267
70 32 250893 252234
86 30 386574 394902
56 90 26243 31811
40 101 717112 720947
30 7 708929 718677
45 76 862910 862952
35 26 819652 822841
22 16 112638 117153
61 39 973960 975754
88 22 402046 409591
79 41 743077 746527
28 35 258381 262144
0 75 511803 520903
95 47 635134 637241
36 48 526992 531553
75 12 807395 810428
4 62 794355 796834
3 78 381248 390736
48 51 563770 564262
55 40 159937 165514
85 46 532063 537677
87 53 460216 461146
32 92 863349 871503
16 94 598289 598486
84 88 32622 37441
16 37 72414 73797
11 7 521520 522244
93 2 753391 760547
57 15 287269 288735
25 1 670469 674227
97 93 754749 759180
68 36 461146 466503
56 51 1357 7181
75 35 803163 806337
87 40 781803 786903
42 60 57236 60427
21 75 434925 440543
81 84 219923 223239
89 9 1315 9857
42 38 640745 643673
12 20 534662 536660
13 48 600905 605743
92 87 985165 992144
90 97 522607 524050
47 67 61824 65971
41 54 74284 75862
83 28 154557 160285
85 0 200940 204136
73 44 543409 551680
64 1 444903 454799
3 69 72043 78217
64 89 804829 814392
37 63 969337 971704
69 29 500279 507404
95 70 3345 8636
33 0 851364 856798
67 73 795471 800448
96 17 444121 453503
18 32 713089 714991
10 18 611323 614807
76 28 950117 955743
35 14 853185 857624
49 12 605585 607099
94 34 439757 446111
9 33 277268 285041
30 21 616720 620057
91 85 267442 274746
18 25 567867 569868
8 51 106637 113041
8 60 530646 534184
19 91 983199 988369
89 12 953501 954959
10 24 47002 54731
27 50 454373 457155
91 46 175703 184155
65 68 646285 652624
42 22 198277 198314
81 68 598198 598757
34 92 426081 434212
78 77 533922 543713
95 54 563867 566782
57 78 938027 945225
64 29 122883 132764
39 99 725857 727574
39 13 487143 487612
27 81 207371 217240
33 79 875968 878488
85 65 964654 974080
60 24 550221 552745
49 96 295131 301371
2 42 349000 358637
23 33 285417 295345
50 58 833671 834799
70 15 898593 899891
9 1 891527 897389
26 1 546824 553118
73 32 108285 112979
34 83 238688 246977
39 39 77543 78495
17 65 883857 884000
80 99 459198 461583
25 42 713925 714967
82 76 878684 881711
56 21 536023 542595
69 19 533995 539418
55 17 394646 400158
88 88 465981 467675
101 58 762291 771494
41 81 847259 847614
98 1 514270 519064
1 15 239520 242124
29 81 847555 852823
96 13 408157 414951
52 73 862209 866431
16 77 322537 329027
20 31 198966 201261
17 14 850002 857349
1 94 918489 919311
27 44 579146 581008
38 90 668668 672778
23 34 533 2315
85 96 825643 832985
91 68 123656 125980
27 68 593421 599720
21 9 885937 894124
97 41 311265 315654
40 30 946091 953126
59 76 541458 546555
61 72 404467 409891
23 24 325342 331632
100 3 628347 632159
74 53 267759 270085
37 1 741899 744193
10 55 893865 902224
68 38 12427 17600
88 72 485161 490077
10 29 781306 786792
30 49 291553 297908
16 83 925924 931411
14 74 912217 912541
60 56 339266 340675
20 100 434073 437043
63 61 707140 714712
91 66 471369 471492
58 56 179138 186312
24 80 490550 495576
54 20 814720 821082
87 19 698894 707718
4 92 867851 869117
56 10 322013 329015
86 52 95400 103624
38 26 713041 716167
31 41 461768 464186
65 42 235325 243836
17 26 217501 219421
38 24 930847 938218
12 99 547701 549617
70 62 150347 156778
46 45 256242 262658
16 61 17860 27441
25 66 7162 10250
5 80 746385 750275
77 80 251715 251763
100 74 800835 807915
94 80 538043 541528
58 40 606798 611248
4 84 858061 867782
99 95 314947 316880
21 8 15257 18678
12 48 671373 681233
77 97 765985 773007
63 15 535250 535320
79 47 504784 512621
27 21 34658 43880
19 98 317488 323349
45 92 432952 434879
21 60 199676 202314
34 45 734947 737838
90 92 565211 572095
33 47 761451 769000
16 5 19510 26027
101 88 883099 884981
59 40 376472 379842
37 35 580617 586743
17 101 616336 624629
78 59 477762 486792
84 25 899740 903875
56 38 980060 983164
9 86 970890 975958
85 73 523551 526113
99 94 520441 529543
46 61 166002 172720
43 53 80311 86934
46 94 413026 415905
47 98 176079 179008
48 10 213805 216215
23 71 6503 6645
59 43 701611 705418
92 56 668649 673468
83 46 112164 116501
18 36 721683 724664
28 53 356909 358357
90 98 929029 931173
39 11 882748 888330
43 67 918852 922882
68 96 102603 107945
53 51 733516 736508
3 25 212108 216182
84 89 111801 113919
73 24 696307 700277
73 61 725882 728431
51 10 650427 654562
15 55 403980 405418
24 14 664002 664930
59 7 782447 787351
19 61 9713 17821
89 28 64258 68237
39 62 463636 467333
21 86 400825 409571
59 16 980327 988633
15 8 160420 168221
4 60 401281 406052
71 14 640651 648338
92 12 982685 989460
82 4 339833 342681
46 29 953540 958746
69 0 883894 892864
29 30 984349 994179
