20 1450
37 80 705781 709490
67 78 832041 835355
79 67 232774 241292
18 23 167997 168312
89 18 484393 491802
52 20 190891 196785
24 7 832572 841884
64 40 82512 90539
43 14 914869 917294
80 5 989666 995224
85 36 216088 222417
59 35 329323 332092
65 47 953340 962614
40 57 325492 333030
17 72 54979 60231
4 50 671458 681042
61 12 725855 732600
59 70 195057 195261
79 6 401382 409458
67 37 532008 541447
23 68 700746 703464
98 85 358517 360594
57 70 215657 218704
9 98 425095 427081
21 92 503263 510207
82 54 680991 688007
67 53 257996 266022
40 37 960037 966945
22 88 194669 197384
82 42 943926 950679
80 84 295409 301351
9 0 383065 389628
86 74 953502 954410
90 60 901433 911304
8 83 192498 192931
99 35 573221 575397
34 94 922300 924878
82 29 593125 595287
40 86 922963 926456
66 76 225442 227675
70 75 145396 149025
32 100 951675 960375
70 30 817846 818034
98 54 970544 976880
85 74 154285 155235
55 42 142633 149902
73 64 884570 887605
56 7 96534 98507
42 77 952441 952935
67 42 105054 108766
19 100 628387 634013
95 54 392226 399772
2 25 765785 775650
18 17 734588 739626
55 2 531388 533651
14 68 763649 765229
55 73 239214 241641
50 76 128113 132011
69 42 429349 438059
90 75 801780 808509
27 20 394375 396715
29 49 343477 347879
20 3 682835 690821
46 54 226563 230446
65 33 933818 943579
68 80 141219 141823
74 39 134392 141988
63 36 230015 234193
44 63 20072 23942
8 38 543669 548057
22 71 846085 849030
59 9 961905 963077
72 101 409577 411473
96 16 150457 154966
99 47 568909 569299
1 21 163794 169475
70 44 378463 384510
30 33 588997 590527
14 14 428633 433904
99 10 90514 98220
32 51 667432 669357
97 10 649378 651533
76 18 103893 112982
51 10 231692 235644
20 97 195710 201131
32 57 921304 926784
16 79 415578 421159
62 92 405883 415272
101 57 76181 81507
13 60 867714 874939
101 39 527451 527806
49 29 971211 972920
67 59 938233 941562
59 13 117157 120380
51 21 884155 890548
25 46 56257 57315
53 20 987783 991528
64 53 8106 11473
73 55 298568 307478
57 13 777046 781548
81 87 909186 912071
16 34 134539 141256
97 16 293625 294622
75 97 681002 690127
24 43 49521 49664
95 57 728381 729991
101 29 679426 684835
72 24 674803 675356
0 48 862065 867867
20 43 360147 366470
92 94 500960 505957
39 21 274533 276031
59 72 498266 503824
20 74 499401 501208
22 81 315869 317451
27 55 623341 630175
44 52 878631 884892
42 17 282878 284349
65 50 48196 52113
88 88 345976 354503
72 50 413265 413499
65 95 721802 722100
48 62 792063 796027
76 43 281662 282853
68 20 277712 285314
26 96 49854 50201
29 24 725604 735453
71 6 931379 931567
82 100 441922 445233
85 80 384105 391219
53 66 760170 762269
88 33 919938 921924
46 55 553817 559962
92 66 144029 148060
13 84 565748 569008
75 77 991834 998108
47 41 479850 481226
73 59 636536 637657
20 62 508397 512687
90 30 522825 531825
34 30 395065 403731
96 4 396837 405109
89 69 356996 361801
84 55 134434 137409
14 59 385597 385870
40 53 553183 559297
88 84 705015 710959
47 46 938285 943380
93 28 10361 10451
54 41 51992 54893
14 78 153364 159197
81 14 267955 274833
90 79 439314 439580
95 7 406979 408750
40 76 286410 291061
36 44 454815 463315
20 70 302123 304652
89 73 312458 318295
80 53 996753 999621
77 64 760151 761637
73 79 355933 357745
73 54 943766 952196
68 13 779838 779844
53 6 285222 292421
10 82 424673 428916
88 99 232686 236928
30 90 150597 156356
60 42 399026 401692
0 80 435883 439214
11 29 802900 803196
88 78 339326 342071
2 17 655239 655412
72 62 612083 613471
27 52 365794 375279
98 62 344172 349051
26 85 317751 320196
88 86 464167 471406
23 94 253905 257183
25 52 562051 570758
14 101 122964 130402
33 60 867342 869884
94 89 459201 460479
15 73 602897 604040
23 57 658060 665297
101 24 473046 482462
95 28 607077 616377
40 33 854621 861247
24 61 965507 974217
67 7 493046 493956
55 96 967258 976968
34 25 435792 445429
10 96 739708 748460
41 18 562779 569100
77 80 55502 58429
9 86 681554 682053
55 46 960322 966731
41 61 854414 855342
86 24 890254 898918
49 88 720198 725984
11 78 186635 194054
16 56 891138 892196
97 74 206494 211373
61 26 306629 307884
6 52 173541 183268
56 30 818137 822276
87 41 462436 466948
70 22 410864 420572
97 93 642239 643115
30 23 701931 708942
27 33 46677 52300
71 95 632709 636312
48 53 170620 180111
91 61 236986 238227
27 82 86418 90062
29 14 591258 591686
42 66 305040 308870
91 81 976553 985915
101 97 809602 814264
71 2 999971 1006701
4 6 212338 217644
55 63 648250 650756
101 67 778700 788566
72 10 673624 674565
68 14 323519 324727
14 69 57797 59380
74 50 407411 412859
50 11 588885 592347
51 38 291125 291370
90 70 233642 242739
96 101 290764 291808
14 6 740226 741655
49 48 996608 1005218
23 70 787310 794861
7 87 773794 781031
42 101 636913 638517
97 64 87910 88055
40 66 186244 193836
5 100 858838 866374
6 37 529336 533730
64 56 830378 832596
47 96 878220 879094
75 61 503730 512715
39 28 438638 447824
18 29 87347 89111
87 59 811232 818511
23 1 276467 284779
55 66 403649 404029
79 72 160623 170266
91 89 113965 114205
59 38 905889 914055
87 2 654273 663668
11 48 565364 566595
11 99 347239 349435
62 13 587891 590104
46 56 924861 929447
44 38 766243 775193
51 80 498023 500317
41 48 464693 470967
84 41 485049 489105
49 95 710922 717709
83 70 208548 218122
45 38 730299 734438
45 22 706559 706575
42 95 649826 657473
26 1 136312 144190
25 35 360194 361588
54 35 313403 315599
59 34 566092 569385
24 15 501673 503118
69 86 210104 219290
65 82 388592 396243
16 83 581806 584680
21 32 495465 504321
56 82 681398 683373
73 24 251074 252515
101 43 78601 79443
52 48 6215 6301
97 52 794847 803483
12 69 628474 629997
50 55 4035 5382
48 50 250704 258041
74 5 267078 274277
61 6 524843 529072
8 70 99420 104238
37 77 765848 767126
0 12 627904 630548
100 98 112606 114044
88 9 469998 473930
88 29 732535 733587
38 67 173723 182368
88 7 917451 922090
34 51 322422 329338
77 71 630736 635331
96 0 761831 763678
47 4 128275 132661
8 99 343998 351891
97 75 76694 85086
61 4 853281 859952
59 27 631580 639352
7 70 175818 185094
44 17 617058 625743
46 32 202103 210862
95 39 716546 720920
19 12 385005 392047
83 91 478374 480371
10 21 964051 969097
24 14 100289 104324
78 98 485484 493840
14 0 865970 874271
28 23 3811 5626
64 52 720840 728209
44 45 621367 622861
61 51 523562 524099
17 48 357098 365729
34 62 119021 127142
4 9 110552 119953
7 32 876449 880421
25 77 985966 992343
94 30 595839 605567
4 17 890316 891652
36 49 97933 102600
29 33 304553 311157
29 27 78084 79318
32 83 752231 761174
7 78 491548 497870
89 86 955290 960291
23 58 415474 421378
39 23 153961 155841
63 92 115065 117885
68 82 960431 963765
76 45 982593 983113
86 4 440929 445607
58 24 10371 14376
12 63 411911 413174
42 4 708090 714776
73 45 438007 447628
99 30 953495 956471
78 52 772159 775658
99 71 643760 650543
0 78 821175 827432
75 18 572225 575876
40 1 582655 585155
31 4 406112 413661
18 46 102487 104262
50 26 830131 833999
34 15 112358 122095
98 45 611447 614752
77 99 542227 548147
91 93 491012 497745
3 67 430430 431602
16 51 184523 190513
74 65 376766 378298
54 37 701904 706486
98 19 293804 297881
43 4 379185 384263
5 13 558081 561860
36 51 808979 813689
32 40 96033 100745
65 90 66029 69209
68 17 926973 929355
95 50 585069 592070
79 53 869552 875964
68 9 856938 863213
30 49 117495 123995
72 25 500830 502068
67 10 10123 13987
84 3 656104 657071
84 4 761123 769083
12 83 968092 972320
38 4 208734 214796
94 99 602177 610620
89 38 404941 410527
67 49 743921 747771
6 99 707632 712215
5 78 605683 612902
18 70 833073 835220
101 89 680570 689319
47 12 661285 662440
29 29 670911 679571
42 90 682756 691529
79 57 964629 969949
29 86 820963 826872
12 0 921807 925696
91 80 232850 242065
48 46 731914 740370
85 78 585387 593534
42 97 771784 773066
59 40 528663 529858
69 55 368603 378595
10 72 764295 768535
41 82 985828 994353
74 28 345528 348440
77 88 685671 692301
27 34 440271 441317
49 90 893815 894226
63 43 592773 599891
13 28 733326 736270
33 22 849093 854664
70 63 946835 952809
7 63 435753 440481
80 73 249298 252104
27 44 578209 585574
87 54 249739 251678
24 21 396861 400475
4 76 225553 235525
10 49 157183 162852
37 31 958694 960689
35 26 847013 851953
51 83 729199 729540
43 51 128831 129577
23 21 813863 819513
49 39 621790 623407
15 53 892631 900688
72 18 145245 152342
50 95 522254 526673
2 98 7461 11683
42 10 214495 224120
12 86 84523 85663
13 48 648981 656612
37 68 196990 197180
63 25 986872 990855
13 7 749757 754411
78 48 670835 677456
99 16 659994 663495
96 68 385843 389068
37 74 235095 238370
84 32 89678 91545
27 28 628325 632619
93 32 537198 545592
15 51 368105 373702
3 94 898677 906086
9 57 562928 570918
36 12 228439 233322
20 90 938863 947988
4 85 864647 872533
44 72 807836 810865
69 62 870856 873570
43 38 325725 330835
69 53 82470 88170
67 34 561011 563881
77 27 823543 826758
56 43 323738 332533
20 94 826668 833677
19 96 368605 378411
61 46 777104 784682
4 19 992251 993717
88 96 194566 203146
69 2 192167 199510
11 88 38832 41500
33 15 191450 198737
45 63 132812 139916
30 100 568753 571723
18 47 479794 480346
81 45 943052 945511
13 9 867085 872225
97 0 631814 639959
69 48 297634 303237
96 53 449325 453402
63 93 527090 535994
60 72 90113 92756
21 6 541331 549880
66 78 861697 863825
24 28 44122 44136
99 65 543672 551329
71 35 324436 328820
28 48 515811 525414
0 68 851351 854882
8 94 638107 639657
70 5 294263 299389
83 62 590814 592699
42 38 257293 262304
13 3 618622 621481
12 40 459984 466690
53 40 206874 212214
46 79 48213 57023
52 67 595121 602835
0 11 845984 854827
3 33 330535 339142
98 30 289580 295387
0 73 275598 282610
10 100 715085 717156
92 68 157261 163347
8 16 59130 59861
71 9 483378 488367
33 79 789715 795229
76 100 616092 620665
97 53 427267 429552
77 49 428195 432239
54 85 28004 31915
10 101 778127 787075
6 26 723759 731050
20 50 220380 229847
26 18 592527 597965
2 28 632588 634862
65 87 208719 210173
53 92 227220 231551
92 0 16057 19882
6 43 731248 740956
47 100 945967 950960
85 55 861250 863087
100 90 988310 993708
5 33 197402 202879
38 54 47529 49895
24 98 291313 293203
9 88 681386 688944
38 19 173477 181428
33 13 932447 933479
5 70 380413 388313
100 101 401530 408484
92 81 874772 881433
59 61 413939 423903
12 85 84808 86614
59 43 794249 798847
91 10 708909 716682
65 51 444016 444346
78 45 675402 683530
80 13 715005 719375
50 85 805978 815827
52 1 122306 131064
72 67 145472 148481
89 44 456967 463658
56 75 594684 595332
45 43 502546 511922
54 78 927140 931574
82 20 421692 424701
5 34 155559 158575
55 97 69449 78090
52 17 483612 490541
42 39 893351 900186
27 40 385450 386489
1 3 601244 601748
50 32 195679 204485
101 1 747377 751818
5 85 283616 285500
72 59 756337 765297
58 36 54762 62466
59 37 352072 357069
37 73 900489 907897
94 75 480223 480358
88 92 513080 513369
25 37 637682 643231
86 18 71405 74770
76 19 699831 706628
53 17 365166 370742
47 32 971878 978194
98 28 364205 371149
1 58 683734 691418
13 81 24615 26816
73 13 256026 264982
88 12 279686 288108
25 100 240857 241252
61 33 760577 762670
46 28 976062 977626
78 46 157896 163437
50 99 584559 594292
1 11 754417 761279
68 63 829470 837685
69 18 761912 769141
3 63 687611 688194
5 4 427006 436994
6 14 207448 209614
96 28 771678 773416
64 8 77754 79765
10 31 337958 344633
76 14 975549 985053
79 14 903166 908218
3 77 932916 933076
71 94 142045 151005
19 56 166865 174470
37 63 274012 279061
37 38 191371 192905
59 25 839311 845403
32 47 953966 954432
58 17 242385 250338
101 14 40687 47090
59 16 570328 577254
61 57 895785 899751
27 67 867948 876382
65 20 712852 713253
63 76 825571 831832
62 38 478836 482317
50 36 599643 599746
92 93 296414 305503
12 70 296993 306730
24 18 729546 730954
25 73 254003 258020
13 96 895502 900326
14 36 226938 228336
48 24 977168 979546
74 60 68578 73474
86 51 135717 136452
13 12 802647 804796
60 75 667570 670193
99 27 611942 619785
34 4 42177 49023
87 29 616644 624656
23 18 245663 249034
17 49 781150 786795
21 24 849187 850661
67 1 678328 685682
70 32 770691 780274
36 46 992162 1001975
40 13 626495 626641
37 13 836182 845230
29 55 865178 868469
71 96 286272 294718
21 23 840533 843043
23 64 641353 641390
65 22 877996 882261
41 49 49244 49421
76 97 401074 403786
8 2 166198 175798
92 7 378754 383443
20 49 808213 817611
66 90 535916 538376
40 24 324663 326363
34 71 177088 181757
26 28 30448 36423
12 46 33286 39037
15 89 247084 251687
85 64 404500 405439
58 66 389787 394678
19 71 737316 743925
47 94 988037 995929
47 72 494623 498362
74 31 296729 304025
15 21 367165 368733
54 48 720177 723787
81 18 664506 670515
86 10 538734 541825
75 58 921446 927445
56 34 780178 785439
100 38 80452 89669
33 18 825964 827443
87 58 46943 51516
99 2 765470 768837
16 54 698324 702510
101 32 240779 245386
89 42 892199 896760
31 73 893720 903084
35 1 743952 744325
14 94 557380 563603
63 28 761716 762079
29 43 447516 453206
31 13 238334 247829
48 95 81924 88640
77 74 501734 506100
33 12 46197 50364
61 2 853912 862135
46 8 884815 889675
22 97 160890 165779
26 64 362260 362306
84 84 565062 568590
95 23 620798 624033
26 15 446580 451772
96 48 922898 927885
51 70 935251 942391
65 97 743770 750722
33 65 752410 754013
18 20 489544 496827
33 0 341730 345075
76 33 402138 408590
9 47 354702 360564
63 70 205889 207989
89 13 474543 474652
61 15 813155 821094
8 56 624346 634282
101 31 34590 41738
39 91 655628 658602
85 86 470640 476256
45 28 303009 304494
27 77 29644 36928
27 35 670413 679921
94 101 275673 276653
21 71 617691 624266
13 43 453034 455305
101 75 573235 579151
96 41 846563 853726
91 5 291617 297306
8 89 699388 709095
39 96 930296 933083
23 86 295490 297750
30 72 823693 825376
74 18 318961 325475
69 29 531991 535588
89 63 36817 39314
72 35 225633 227734
78 82 759180 768661
49 89 473491 479178
64 54 369353 378153
48 19 139185 148939
94 52 145593 153136
68 65 222903 228542
41 93 607803 615704
4 64 359924 368732
4 88 587948 594351
76 27 865018 869749
14 21 393519 398484
79 49 825297 834844
37 65 462788 464848
94 69 930482 934092
99 80 242031 250020
62 9 651558 659908
93 69 38682 41188
44 31 635479 639804
37 84 32153 35281
37 78 128454 134343
32 99 645629 655549
85 57 94824 101834
3 19 10642 17661
71 39 774628 782351
2 35 721693 729053
46 13 200948 203266
25 67 993749 997934
31 37 118746 124542
64 41 605842 607027
16 73 965471 973801
25 88 594999 600808
0 0 36124 43820
71 21 797583 803007
88 52 791410 799533
36 67 765528 768903
92 3 509933 516061
7 71 16334 25597
12 32 526790 528405
80 42 844863 850115
15 97 999095 1000208
19 75 120841 129281
65 1 593261 598731
77 58 215370 220441
10 92 354845 355358
6 59 744449 747508
68 4 565554 565769
66 67 413283 414457
45 30 918730 921840
15 55 327110 335587
5 5 904460 911202
57 65 488251 497357
1 70 130335 131933
40 50 536664 545576
0 62 155349 160688
63 35 631417 631992
87 7 478488 481670
48 40 9279 17721
79 11 840473 840815
8 41 990376 991873
49 46 865920 867208
14 4 38998 40293
3 2 33563 42233
36 53 424498 426079
34 36 22005 25023
36 52 662234 667346
99 8 38889 40776
56 79 53409 56896
36 31 450453 452208
87 56 526350 536001
36 101 321189 325221
40 58 211594 218467
33 63 777295 778626
64 37 409276 410847
100 47 854204 855408
49 20 469865 475615
40 25 291176 299850
52 53 194478 197663
64 20 681673 689132
67 48 468589 478091
93 54 998689 999605
42 18 752925 757923
53 12 211652 219083
22 51 731858 732767
67 86 529112 537855
90 15 53364 55313
51 57 29163 37490
34 79 368259 370742
60 38 542869 551401
34 37 267594 272703
74 27 128096 136973
45 83 297482 304588
46 49 623912 626151
29 36 441471 444301
91 2 255174 262863
28 26 907095 912906
31 79 398034 400298
43 43 330840 338569
25 61 455785 465245
74 78 265341 271624
19 7 903004 903074
85 8 654924 659891
56 25 559487 560504
97 9 473448 474319
39 89 681399 684741
92 67 723927 727680
82 49 183605 185915
66 25 38947 43811
35 13 38257 47103
91 71 176775 183742
31 0 339232 339376
94 84 379593 382742
2 29 945701 953630
92 12 97556 101311
94 9 579330 579496
72 83 525556 535337
18 99 64730 69663
35 34 279170 285472
5 101 289716 291869
27 16 452584 461552
50 66 163728 168881
3 70 973408 981541
50 96 257980 261577
33 19 395871 403532
33 38 363939 367095
95 11 935545 936116
34 31 290699 294303
101 49 843098 847817
31 86 192884 199206
11 42 881460 889175
42 94 701935 709941
74 62 897657 903909
23 29 540212 550149
91 43 704784 708240
26 100 796865 805780
71 23 205117 205436
46 1 140328 142403
7 4 938007 940542
48 30 621462 626297
88 30 447559 449694
94 39 750387 759540
99 36 261208 262463
99 93 830819 838150
41 27 803498 806005
64 45 817143 825479
26 83 240928 243579
5 51 902423 905639
3 83 171529 176221
53 24 943506 947868
37 25 867163 874117
43 50 362648 364157
55 55 567755 576113
72 68 370588 373838
0 98 232623 238966
64 62 147423 156597
71 42 747530 756388
35 81 181319 183628
36 59 816795 820535
44 20 641210 648387
4 68 359258 366401
83 15 607579 614771
76 42 812236 819416
77 14 461864 470900
101 70 290815 292780
4 67 576874 577776
85 67 189165 195671
80 43 470324 479547
87 26 567326 572285
60 47 37435 43393
94 18 647051 654460
46 64 815285 821837
16 72 83982 87970
58 5 813645 818242
81 96 523930 525383
67 65 563974 566178
41 76 960599 970311
1 24 56940 63313
72 41 836565 841243
53 82 658786 661430
73 7 642757 648494
21 55 963443 970339
77 63 288922 297391
97 27 5410 5664
33 47 139127 145841
82 43 986528 993474
100 6 43995 46207
9 56 272056 280999
71 63 901085 904688
24 8 41425 45715
32 46 360316 360395
84 58 630786 632354
94 31 80553 86560
69 11 586992 592591
59 33 93498 99660
35 98 104860 113623
41 35 230423 231740
79 101 323705 331038
62 37 884190 887554
43 59 109776 116182
26 7 947294 951197
95 84 158170 163458
60 99 959113 965550
28 70 607046 607245
77 25 326034 327106
40 77 217705 221040
96 47 837924 843643
66 86 991050 1000710
53 69 838744 848098
86 22 865150 874444
78 11 90139 97687
77 94 640072 647921
33 92 455926 465060
36 22 438457 442188
43 33 12241 14098
38 7 127902 130970
68 48 829808 831379
45 55 413927 422525
46 17 635530 639253
16 84 86519 94119
62 31 583555 585953
85 50 740707 740877
73 86 286758 287605
82 52 743344 750899
83 84 271399 272361
70 83 352275 360772
100 73 220092 222384
20 87 776358 777503
61 90 664853 665553
0 49 159380 162937
0 17 432523 434831
73 3 74945 84527
54 5 782794 786650
32 101 622185 626975
18 31 544232 549552
71 28 776093 777379
52 71 582879 591853
34 86 397354 405104
75 1 484754 492852
91 96 430778 431306
14 73 362390 371401
50 93 129042 136697
52 97 625043 631728
35 43 497261 506387
63 6 554818 562822
59 63 691748 699307
30 84 17440 22793
43 71 401437 405337
46 63 597165 597864
49 77 694733 697733
12 78 697251 703455
17 18 722444 726280
44 56 432798 435405
86 3 427319 432762
34 35 464222 473164
62 100 539816 539923
45 59 991702 993385
92 70 325280 326360
80 0 168874 173211
47 1 682744 687843
33 24 870166 877237
2 31 842800 847900
94 61 972502 979143
94 80 402101 402717
49 24 437859 438998
46 11 12348 13445
35 71 688382 697327
83 94 526520 532066
60 21 604236 609003
20 63 548905 549014
94 68 434426 435358
71 43 578672 580847
34 13 241599 248836
50 39 938584 941503
22 43 353170 360694
57 12 895261 899124
96 8 354173 354232
85 60 202002 202450
41 15 812069 816810
27 23 15847 17869
89 89 247849 256293
11 13 977516 981366
92 51 773817 779071
83 81 413008 416403
71 98 933755 936562
23 83 328015 332108
48 55 731625 741473
53 43 890135 899295
96 11 112708 122106
32 32 448214 456067
15 46 308263 317973
13 66 644876 651854
28 46 721319 728997
22 21 297147 298712
82 90 265279 267675
19 89 919410 925128
4 75 728638 734664
40 73 305495 312966
64 91 837549 840039
78 91 673044 676536
48 67 791830 795547
93 9 654210 658704
76 84 871696 880589
1 56 15228 22226
17 94 671712 680750
20 60 540941 548980
80 61 84135 86989
8 75 187143 188703
47 24 853381 855935
42 46 162878 165921
21 9 264973 269738
20 9 347006 353785
29 85 321322 321504
53 36 85766 92574
82 33 839560 844576
14 70 284952 289437
61 19 686617 694688
47 7 98940 100702
66 65 811604 814799
14 57 531046 535414
53 29 535051 538303
53 21 236334 245037
54 7 545055 552751
35 24 652039 653082
70 86 711545 718089
19 92 716664 725399
91 7 4721 7126
61 37 265202 271508
8 17 610443 618702
85 87 602703 610032
85 4 801559 807811
3 79 967074 969307
76 25 817677 824460
34 29 476630 482768
18 82 654345 661905
84 11 391794 393094
89 3 139431 143192
91 58 180428 186793
101 9 343639 348439
48 27 275353 278678
67 75 643016 647047
67 96 439872 447272
45 84 100949 110564
27 47 690167 699849
88 40 154024 163517
49 62 899928 904557
60 16 250695 252881
38 84 347769 349656
32 34 904019 907601
19 83 872426 877049
47 61 9500 17347
65 31 962361 966643
82 59 861367 864011
54 82 306136 307352
81 25 69472 77545
62 101 966497 970548
66 9 372941 382228
18 38 711214 718837
24 1 654315 657716
30 32 303612 308811
89 78 14862 21540
95 32 35753 44369
60 84 200200 207857
21 49 240835 249656
5 61 204044 205251
19 2 491660 499400
25 71 328746 336261
68 60 741239 749834
36 26 813340 819776
34 53 633628 641587
3 20 233847 235142
45 21 294702 304609
59 90 627278 633846
43 18 714741 722171
79 48 466462 470962
84 48 261186 270644
49 100 248957 249349
43 29 771653 778828
85 32 234591 242889
20 4 171848 179593
20 27 487888 493851
0 9 645768 652574
86 40 384962 394354
25 26 961322 965435
30 27 922093 928401
78 85 401090 410171
22 75 892910 898461
17 40 834473 844139
44 87 117489 120999
67 54 738001 738836
46 91 631751 635853
78 76 679438 685916
0 13 849148 858002
35 48 247760 250820
76 35 417329 425651
98 55 900449 904834
14 34 516495 523610
57 89 229001 237525
48 51 107656 113559
5 3 460530 461159
9 63 819938 829475
81 46 49586 56922
55 17 422563 431286
61 28 555290 555814
5 37 238017 242620
51 34 753586 758973
72 21 678938 683358
30 57 214061 222886
39 59 95104 101242
30 78 294470 299678
54 4 77254 80458
38 96 928507 932415
55 18 697481 702346
8 21 718613 725560
84 16 522821 528803
21 15 610111 619906
3 4 9393 18647
15 43 496930 502808
38 8 579195 588684
55 81 549123 552709
32 39 333598 338263
66 48 298442 298818
15 70 513986 519287
101 54 965568 970893
1 97 20702 28281
32 43 426394 429530
94 41 922047 928605
54 52 919220 920354
44 76 123033 123805
72 92 297489 298090
0 44 663918 666531
88 21 312948 313195
33 31 961129 963243
14 33 475464 481535
50 17 859668 861058
18 0 10089 12727
88 10 202579 207970
72 19 981305 991274
19 3 609295 615477
35 19 67272 74950
58 82 22485 30640
85 82 932786 938730
53 86 201342 205133
26 82 978796 988446
59 73 558103 563171
23 45 192489 200567
71 93 466362 467040
0 69 155173 157925
60 63 197911 202468
40 11 86771 94856
43 74 200137 208671
27 94 876580 883351
12 73 996943 1006515
25 98 477578 480707
69 16 918501 920103
65 21 299624 305375
48 92 337945 347205
17 63 893167 896716
13 31 768562 770708
86 8 123611 124648
26 89 328437 338075
59 82 311013 316990
101 93 227745 234199
44 24 875495 885241
2 12 487810 496538
74 3 768839 776217
12 45 403543 412405
40 89 680104 683735
80 68 686256 695535
25 21 585924 592494
1 66 399032 402356
26 24 481511 487902
28 27 400724 410099
62 23 872809 880961
43 64 384467 393426
5 88 116950 119991
52 12 647820 651714
20 10 13688 18292
85 25 247576 249722
64 24 688202 696741
75 53 633657 643057
19 30 688244 698077
50 42 321809 322986
27 92 621520 622489
62 42 699366 703346
55 53 388171 396771
91 66 679561 687733
47 85 450886 452141
88 54 583275 584454
99 79 201383 202191
42 31 144425 150911
46 93 101238 110481
101 11 643002 652717
14 50 386742 387030
5 74 345498 352004
97 96 567113 575272
5 16 366498 374446
71 12 310693 313003
92 18 293880 299981
26 5 976762 976933
69 63 135611 138734
14 92 649204 652835
46 15 142525 145212
68 11 590226 595690
62 53 231205 232444
2 64 348356 357884
98 0 936141 938003
34 47 645521 651111
5 47 275178 284824
30 75 706834 715888
47 77 565356 575310
58 93 340714 341262
45 13 76533 78925
34 34 996634 1005408
59 8 17431 25381
70 73 155104 161658
90 39 498181 502576
79 89 849796 858997
22 11 755176 760942
41 3 479319 489034
50 80 433314 438546
97 25 797526 803854
89 93 590081 591011
10 61 804666 804940
17 75 184314 193929
52 36 847705 852568
89 79 820697 822683
50 74 513686 520725
35 87 381989 388886
0 64 183467 189148
91 18 977744 979231
7 96 585753 586806
99 86 92537 101348
77 48 818899 820394
10 25 649258 654536
82 76 221124 227705
11 95 90410 97529
48 65 500279 508121
7 93 563858 569261
10 86 676648 686280
38 81 399987 404111
46 7 660135 666241
16 67 522586 524223
36 86 962606 968303
78 69 975995 981503
11 5 914239 914833
2 43 137465 147336
30 58 438962 448889
76 72 560379 563572
45 47 362958 367390
75 38 170583 175763
86 39 21277 21349
41 92 310843 316348
57 54 264104 270152
100 80 41125 42308
52 28 728041 729351
88 97 367484 368504
40 94 301198 311125
32 18 820872 828166
63 89 174888 180554
91 8 422892 425039
68 33 768350 771671
84 52 103073 105725
72 76 736845 746800
24 71 879062 887592
23 30 852396 859907
31 50 840694 846899
40 0 572167 575424
77 100 743116 747071
67 101 878548 883136
39 60 446094 447214
39 79 479819 488408
62 65 792162 797417
17 51 314732 316854
53 80 169264 170550
28 62 958420 959565
99 70 328495 335652
60 77 499261 507990
58 31 184335 191902
36 25 863761 873498
58 44 323783 328290
58 58 124051 132311
59 95 300841 305960
43 81 726178 732306
16 20 662154 666804
77 42 403450 412961
42 55 222198 230682
2 16 391340 394664
5 12 717042 725573
80 30 869946 877721
65 64 432433 432498
43 83 531935 534994
59 100 419869 428327
61 94 294736 304524
90 16 464390 471293
5 48 684225 687652
41 71 882068 890498
28 69 211276 214253
88 17 535958 536862
61 23 99019 103831
11 8 644607 649585
83 73 347262 351010
59 52 32847 40711
46 53 107865 112949
93 31 906217 910456
94 45 453351 454410
90 26 532305 539535
45 94 156447 160106
53 41 375703 379793
47 71 294952 295089
12 94 730813 738515
85 22 21029 24304
49 52 970290 978523
28 98 167899 170199
82 69 172339 176864
95 76 746451 754837
0 90 937900 946334
8 62 413641 416096
40 20 9127 17786
77 38 217158 219845
76 9 774673 780001
99 77 137041 146277
66 37 57230 64918
88 57 781179 788660
55 33 405105 409068
82 6 234625 234812
6 70 506341 515481
65 80 508813 511170
80 32 362355 367728
81 76 932913 934158
2 55 427938 432694
53 46 416994 422390
3 45 752815 753356
45 61 368679 372094
59 78 150248 158058
13 45 662448 666392
77 12 349056 349473
63 31 466150 469229
98 52 429996 435247
20 67 466979 473930
70 21 419770 422617
67 95 226423 229669
30 37 360799 368983
5 55 481294 490426
46 47 67836 73239
49 58 811193 819469
37 4 185485 187135
15 20 772865 779210
76 15 417597 419504
83 17 258931 259776
14 83 760584 768189
95 17 157809 164596
29 76 803246 806154
13 39 628810 629369
86 19 419052 424645
97 89 560810 562115
29 47 510362 511415
30 59 116951 120630
14 67 827029 833177
45 5 213243 219735
75 32 79735 84129
91 9 517907 521542
44 47 598577 607460
100 41 87623 94732
81 73 486683 495719
99 49 424647 425777
25 68 125894 127501
100 55 704002 713379
11 57 48818 48913
63 91 611056 612847
35 6 740643 742446
69 58 560292 563703
54 24 217075 218365
20 24 698765 705975
23 98 667756 672993
47 50 221631 227401
14 16 283076 292476
45 81 707635 713926
65 85 874363 883773
55 32 951790 954862
25 65 433952 436873
56 33 590842 596288
39 24 123747 132495
43 97 327949 330368
87 51 755922 760287
46 71 299161 306538
39 67 339051 340135
10 93 407577 408004
100 95 206060 209232
27 9 562345 564088
13 87 281468 284466
23 69 56973 64880
96 60 352154 356312
97 47 574156 577363
44 65 222385 230489
95 21 360184 367605
14 86 85863 88214
66 47 904019 913556
13 80 89907 93759
31 26 774415 778387
50 15 846467 850707
5 18 453412 456433
10 29 482737 489849
44 83 735598 740113
98 100 284466 290766
51 53 52857 60183
19 25 251004 259106
101 90 999962 1006952
37 85 751277 760914
4 70 296757 306467
67 85 225001 234699
54 45 90756 92351
64 43 549647 554822
93 33 405136 411024
52 56 103976 110677
42 53 683095 689103
75 11 652717 659669
81 42 887843 892062
15 3 732856 739176
40 85 664025 673527
25 85 750302 757399
79 76 696289 704396
98 5 382600 387723
36 41 624537 628861
89 21 452675 452926
33 96 555555 561161
7 74 366053 367154
61 72 959962 965402
43 9 57519 61041
53 85 319049 328317
53 57 368683 371965
62 21 961803 964388
65 100 536981 543722
21 22 133149 141410
23 75 606225 613475
9 77 44112 53180
17 16 360467 361771
48 1 286648 291838
89 8 7394 16692
13 92 94000 98226
101 79 960160 961560
31 46 169065 173583
74 33 260778 270677
23 67 851157 852269
15 61 573954 582401
55 16 675557 683381
17 90 645574 649348
65 37 501993 509742
71 82 784296 786147
25 76 654834 658966
10 66 162093 166723
40 82 25387 33654
71 24 36194 41614
2 66 402409 407680
36 90 748527 757989
88 94 899848 905009
0 42 243348 245674
25 13 309869 317546
36 65 220847 228225
80 16 217834 218300
6 32 407076 409052
95 46 160211 161598
16 95 716742 725220
49 32 163144 166693
25 34 512960 522579
