21 1622
89 90 349992 359442
54 17 253163 256505
19 89 975159 976412
89 65 199599 205235
9 65 494676 498645
54 99 16584 22615
30 34 271231 275482
23 7 524667 530293
12 75 186356 192717
19 44 983689 990238
69 80 759081 768800
68 10 334518 339571
86 97 395975 401834
10 49 74582 83727
2 75 952806 960747
12 57 78188 81651
31 7 908623 909680
67 95 491843 497163
35 21 469609 473704
30 37 129718 137525
4 1 118169 127955
86 79 102793 103926
73 40 644141 645135
1 15 537943 541116
6 59 63659 63872
13 67 812035 813759
72 62 604901 608804
7 3 810144 817385
15 83 253585 261878
77 99 122834 132804
21 94 890968 894655
22 33 984303 985371
96 64 557291 558194
14 35 695027 696396
35 57 416915 422974
65 33 193282 193814
48 53 789556 799463
10 37 60907 68091
72 18 430933 436565
14 97 222517 223879
94 61 842863 849235
97 53 872323 878040
23 72 469612 479210
68 33 991865 992297
17 48 750297 752707
29 10 693260 703125
73 96 452156 456660
27 44 273200 276929
12 31 593717 603470
83 87 114106 123461
6 10 595662 597970
69 89 465230 473494
63 55 776439 778874
23 22 216717 222601
71 77 617312 625570
33 69 411999 417331
36 11 858227 859752
26 93 376258 384976
6 39 728183 737730
97 21 457563 462163
11 72 188651 190158
16 44 621718 627691
58 38 536861 538232
92 100 623892 629989
45 34 43736 52112
71 47 750808 759109
60 94 847923 856546
8 73 583363 590007
52 6 607331 614298
79 5 705138 713285
7 80 997280 1005193
70 92 256453 261737
34 100 586458 594063
61 21 525397 535230
7 46 178959 186269
48 79 914292 916208
70 73 361794 364853
61 53 456439 463178
83 18 230871 238564
3 44 499123 500149
94 49 85238 93083
62 16 424312 431591
75 60 508753 512797
97 68 75597 78680
41 78 507163 514624
14 49 845160 848154
22 92 938128 947161
51 64 803651 806233
19 33 290160 295766
30 41 157650 164004
29 41 767453 772246
97 72 420068 426250
26 40 534601 539483
23 63 309297 313860
81 42 927194 929499
100 82 347498 350231
89 7 572966 576489
19 20 697812 701363
100 97 882811 889184
23 39 901459 909644
42 22 846845 853032
32 91 687365 689493
81 0 338541 340399
62 38 96055 99556
96 82 528689 530477
89 98 338367 342734
85 45 748354 749503
23 15 423478 431437
12 28 567909 577303
31 4 502306 503481
9 54 755940 758180
47 79 99750 100598
27 83 515570 518010
17 86 28160 36893
26 49 892090 900218
59 92 182100 188250
11 46 776370 781538
82 74 62907 64062
54 79 815090 820302
0 7 595959 605427
26 52 531279 532430
67 46 910862 914909
42 86 378905 385813
80 83 718851 723760
8 5 727503 735352
68 26 502487 506286
12 38 911375 920859
71 35 280502 287495
47 11 641510 644758
61 47 964098 964484
99 43 480582 481527
12 44 912200 920620
65 36 985922 991868
11 4 289396 298727
44 21 282835 292176
99 68 45069 52904
66 75 710428 712922
30 91 808446 813964
42 99 34344 37732
43 0 995951 999140
100 35 270910 276489
48 60 702194 710722
45 85 254878 263962
52 52 571761 576630
59 87 382288 383427
28 37 493603 501542
80 53 757277 761577
101 11 794286 804152
14 67 450557 454621
17 41 534854 535235
6 90 58318 62853
8 46 344460 353495
29 50 16590 16915
77 29 899703 901219
97 32 773284 777389
15 78 500900 503691
72 78 922664 930085
73 101 869108 876594
14 25 884472 888949
67 29 316429 323290
72 32 932949 935159
51 40 545010 545887
16 83 104705 109481
65 78 520990 530208
32 42 44488 50749
63 77 936947 941428
77 54 449096 456737
67 74 296781 299810
67 21 366308 369937
20 30 985891 988291
64 23 223974 224093
58 95 6567 8560
67 36 257542 258978
83 37 619414 629096
27 68 813514 815483
7 97 62713 69650
32 20 892250 893261
52 4 275987 276512
21 95 360791 365673
50 101 322745 331310
71 54 869081 876055
27 4 508565 511934
9 47 368880 372189
22 0 750197 756691
45 20 78997 79687
77 19 495230 504974
92 93 405427 408142
12 20 90493 90728
55 79 842108 842491
99 73 959808 962525
59 49 248296 258111
60 16 554100 560009
11 51 21682 30699
13 10 278257 283160
4 11 499760 507022
38 72 710468 712232
60 23 561226 563523
22 49 383350 390970
47 88 767404 772651
26 21 541814 544531
23 61 466825 469579
56 28 785717 794074
66 94 665947 670231
89 57 72011 73062
14 50 871018 876643
18 73 515633 516904
53 80 96862 102552
94 14 280585 287916
7 79 488290 495554
47 28 965048 973927
96 19 404915 412586
0 77 899004 900427
55 27 801347 806854
66 29 588551 591802
55 55 469516 477445
50 93 102383 103679
5 42 72447 77544
75 76 763469 772948
89 63 541581 541836
23 34 744077 750164
13 37 309077 316365
68 84 212486 213630
48 32 417617 426190
76 41 724096 725458
89 10 515601 519971
22 18 318513 326775
54 66 727716 727849
75 40 646365 646489
47 94 708766 717461
86 34 172198 176271
100 64 702456 705033
80 69 923029 923800
24 73 658153 661374
42 69 136737 144057
20 7 959076 963941
60 25 193730 203127
32 10 63753 71954
32 9 428414 432575
20 41 954506 963154
98 35 727406 731036
46 26 542582 544375
59 43 129089 132264
82 89 291160 298758
68 57 533729 541583
0 2 260640 264630
94 42 862614 872139
20 43 308334 309166
58 81 91382 94171
68 2 583505 590780
49 30 931530 936098
91 79 508666 512832
72 50 423830 430248
1 43 588047 589411
54 77 377489 378059
73 82 170428 177705
65 83 394066 395901
7 62 9484 16687
94 69 675494 679141
87 10 613790 619248
11 48 930154 934653
51 4 466838 473169
80 50 574630 583469
82 90 699948 709496
7 93 666625 667018
70 31 249159 256631
39 1 840430 846946
8 48 3420 11437
36 19 254280 257889
77 21 232625 238490
36 2 157753 166906
73 30 879337 887601
48 59 992725 1000667
95 24 327830 328944
5 62 472624 482022
17 58 413577 413797
73 87 662845 666363
45 2 821992 827531
21 50 398170 399003
89 13 136448 136850
62 29 667524 670883
60 53 81006 83958
74 86 997233 1001638
39 12 180941 190298
11 50 149528 151754
82 98 763706 767372
46 1 719661 726182
95 42 622938 625409
80 22 301771 301820
28 11 359658 359974
64 35 420248 422823
58 9 982498 989066
2 10 910718 914408
52 85 813009 821564
35 13 156629 161017
81 68 5220 10680
4 31 329597 339212
45 57 952002 957159
42 60 974343 984155
65 13 522254 529790
20 70 589536 599352
97 18 981509 990765
49 68 403806 411615
1 94 730556 736661
71 65 787475 793167
32 98 14415 20935
47 93 963334 973077
42 36 106128 107028
26 1 39969 41343
12 68 830240 833796
99 47 323026 330999
53 30 106836 112737
93 93 365487 372422
49 81 57229 63892
28 76 515601 524081
77 51 130403 139910
85 74 625287 628350
72 48 997864 1006285
73 9 45096 51844
100 40 187157 193386
68 1 10456 19517
24 70 833549 840829
94 7 785286 793989
100 33 478120 483111
96 47 191458 192885
74 97 99628 106432
39 30 809719 815893
90 97 253569 258742
7 86 868118 877560
51 15 46299 53912
29 35 315288 317353
20 76 112616 120213
43 19 381851 389649
41 68 910059 919953
39 57 904740 914479
71 84 85175 90569
23 2 229530 231656
50 97 831717 836649
101 77 343620 345817
41 6 645180 652477
97 90 120588 122879
87 80 907416 916529
72 101 299792 308981
15 8 942667 947506
86 17 636737 642032
64 9 221649 222387
81 60 538040 544000
13 101 860325 863496
70 0 433658 438704
25 60 309971 316362
26 92 516663 524817
61 1 837910 846971
57 43 215679 219686
58 90 391607 400554
67 32 738707 745414
9 19 491554 496593
98 62 12093 18458
8 38 240808 249198
11 45 375529 381608
9 90 873133 876383
7 11 768641 775805
67 42 917611 922712
27 57 473937 481936
50 62 54938 56539
68 12 994275 994765
4 84 444329 448339
52 75 171078 179929
82 50 310644 312085
81 95 549827 553700
78 92 276706 278139
80 55 908369 917279
71 5 578997 582619
52 93 466473 470704
20 19 838109 847846
18 92 441459 445670
66 53 814283 820003
28 21 907002 914445
58 50 813000 822788
11 90 876414 880908
74 20 394131 401079
67 96 670773 673447
83 32 711032 714932
19 95 170558 179593
45 83 28029 34433
47 59 738008 741849
85 44 435375 435514
31 64 716047 717889
92 54 626491 630749
77 49 360681 365032
0 70 803165 809777
99 42 136972 146343
59 77 414424 419292
58 59 987573 990354
60 41 301922 303371
81 87 73770 75442
6 68 663308 663576
74 37 38219 48183
93 22 204809 209668
6 0 938187 939970
13 60 577101 581206
7 14 737328 737378
89 17 974470 977217
51 11 566621 573419
78 1 857533 857725
20 27 966898 967031
36 84 825596 832168
1 2 637170 641436
36 88 202411 205628
83 57 910485 913670
59 54 905417 910966
93 48 51325 55112
34 25 555848 556984
66 78 683310 684863
95 48 318923 325589
45 27 518833 525630
26 59 13713 23514
24 86 987354 992534
37 44 282541 284528
31 80 306632 315250
42 0 837282 842033
99 83 393318 396398
48 85 807335 807873
7 26 559587 559779
72 26 435560 444530
47 37 800689 807586
72 43 636711 642953
65 18 859511 865951
59 45 935558 940219
88 73 610787 614786
14 92 463258 467689
18 78 271048 279919
77 76 796591 803493
99 51 285886 293182
45 63 762731 765713
101 89 547058 549177
34 6 496600 498137
24 49 262392 264702
68 70 210431 211215
51 7 49714 54787
45 1 31707 31917
65 9 294949 299657
77 98 13175 18477
56 101 966752 974477
61 24 470059 471819
67 9 317704 318052
23 50 423 560
12 46 799994 804976
87 11 987381 992650
33 90 777235 779120
22 71 694461 704037
99 95 443537 450575
90 3 435909 438761
78 99 208362 211252
53 35 5545 13417
83 53 525123 531549
67 35 213719 219715
88 78 113156 117704
73 63 686349 689163
63 84 699356 702513
69 82 267453 275084
90 76 206245 216020
31 5 726766 731922
96 55 795223 800229
0 24 472171 478219
12 39 765406 767603
6 93 525724 535666
35 17 264390 265013
58 30 272822 282690
46 57 722461 729511
47 39 914665 924256
29 7 431184 439069
20 75 780888 787327
47 7 931966 937657
0 8 239663 243527
44 93 185973 186285
11 58 349473 357679
55 45 466435 475450
42 85 654896 656670
66 61 349060 356350
73 48 118524 120852
97 71 116438 118353
3 86 914585 923839
83 40 730598 732859
24 56 803723 808467
37 100 595627 596373
45 43 402292 405062
9 58 897479 903182
18 33 120888 130037
18 55 92373 97479
85 87 837574 846623
74 77 566221 567810
61 98 707850 712002
57 63 41808 48760
60 96 113933 115882
9 68 843665 850740
43 85 410452 417639
86 66 135028 144442
7 83 853463 854482
18 71 356369 362052
12 34 94554 101274
5 94 127334 128366
62 9 407696 417437
56 99 825654 834538
53 57 72965 74042
60 39 728169 733003
53 11 701837 709955
2 23 177037 180515
53 89 617588 626783
28 45 464156 471315
51 78 821307 822325
57 95 772274 773285
10 56 163945 173487
8 62 208028 216774
44 66 439618 446032
71 100 978016 983764
47 72 270495 270928
16 94 554775 563102
36 4 755806 759757
53 38 278884 288485
89 45 75411 78125
80 23 566438 571175
49 83 736073 737730
39 20 324909 332752
15 72 726647 728309
49 48 799198 806419
15 3 863054 865500
7 61 924198 929154
2 25 689595 691576
70 53 61697 70353
67 92 585645 592596
75 91 904667 912012
51 75 585923 586476
72 64 969724 973853
77 88 41720 48279
53 41 170076 170412
57 93 503388 512859
10 70 666773 673590
55 65 874296 883157
92 16 366762 372469
96 2 300309 306138
89 34 322645 324384
95 74 684914 685740
83 91 698512 708487
8 85 614408 624398
64 98 254381 259692
21 85 731525 739534
61 35 777874 780822
69 69 411086 415085
101 65 834746 843110
79 8 566329 575078
86 8 653747 655437
63 15 545008 545976
62 92 835670 838453
92 26 17805 27722
26 45 370135 372773
4 66 926001 931546
91 55 601312 605327
52 73 833244 837116
91 69 683378 684853
19 71 61715 70325
68 35 867004 870837
39 67 737709 743654
61 39 510584 518691
55 39 277021 277694
78 101 857379 865815
55 28 534065 540393
15 95 229703 238461
55 0 912740 920944
78 82 101735 103727
98 28 979957 980655
15 97 129530 130237
0 55 404119 412507
38 94 337570 341940
11 33 276280 279400
3 7 944677 944700
0 38 552552 553203
47 99 236046 239259
96 24 863259 863892
82 15 31317 36323
29 16 422409 422742
18 101 90765 93823
29 17 501631 511173
11 32 820476 824303
32 90 459600 462894
49 16 884800 892816
81 26 610758 619319
88 86 916006 921016
13 62 868794 870299
21 28 748625 756277
60 76 933986 937408
73 99 399467 402833
23 41 363420 366578
94 10 662274 666562
18 58 452486 460451
85 96 159141 159587
14 7 570929 572227
79 19 922659 927888
37 65 444985 453162
78 79 932546 937612
43 65 622457 624824
27 39 428483 429561
79 45 817679 820114
17 51 601801 610650
15 10 496036 502740
11 63 783924 790799
23 88 172781 172944
50 80 650115 655300
93 72 572133 577821
97 52 328525 338483
49 88 180501 182879
41 2 206030 210814
34 84 794530 794852
101 26 472881 479694
5 35 944407 951560
46 92 320581 325444
3 42 623706 631945
64 20 43766 52585
4 96 621141 627946
84 28 248840 258328
9 13 176542 184516
96 75 310426 312492
97 95 145089 145845
74 38 905322 912767
30 53 425127 426264
64 72 56631 58939
15 1 249013 249798
26 69 424190 431811
85 7 747083 748827
92 12 664487 666964
79 12 904517 913158
20 32 78983 87880
14 21 986515 989207
96 98 247419 251096
69 94 304907 313229
58 10 554733 556465
10 46 182404 190567
4 90 367409 371334
42 66 690869 691551
67 52 543068 549841
37 41 229882 230670
75 85 313219 321978
25 57 264548 267079
35 71 826515 832079
10 14 970868 975121
0 58 34837 38793
41 72 178176 186586
23 78 817904 822534
93 64 940253 948325
8 22 597548 600451
65 62 290316 293205
87 33 621424 629622
42 98 773998 783969
63 69 147676 148234
66 52 970215 977771
18 94 982038 990387
29 83 31514 38765
35 67 23449 30815
81 86 722412 724646
54 84 538318 544282
23 55 741707 751498
24 62 130982 139570
84 64 699308 704184
100 39 745984 748675
29 75 700201 700207
101 62 865329 869509
71 73 453666 458500
3 72 373830 381741
57 26 512891 512927
44 4 732012 733909
21 17 706403 715289
71 44 20192 25125
40 72 794619 804603
15 11 817867 825570
24 8 306369 309473
1 9 499060 502728
51 46 809063 809750
29 36 59530 67564
13 96 631322 636700
26 61 354303 363627
70 41 648174 649552
13 3 616097 616173
62 80 501279 501699
59 101 943710 950540
27 43 157122 159198
74 52 279329 285462
100 74 786134 789182
76 82 587571 593848
40 10 108292 114739
36 36 314219 315096
98 76 89797 95606
59 22 928500 936897
78 35 843571 851838
16 8 200281 206228
3 97 39281 45680
9 42 34708 36373
84 56 705983 708097
6 57 377177 387048
89 64 955806 962103
18 24 986503 992615
63 62 251124 260429
72 8 597939 606291
92 91 128013 137939
24 92 765540 767852
50 88 933578 937671
15 28 295989 304995
38 53 186576 195679
15 82 759802 767846
50 5 882581 883179
17 54 94736 100112
22 100 311157 318426
16 51 33714 36820
57 50 378483 383521
31 24 742871 752608
97 13 458297 467937
59 29 837708 845378
71 16 557242 560174
5 99 38256 44088
25 64 771503 771951
62 77 447043 455120
65 100 953719 954793
82 96 127336 135732
48 16 410362 419345
9 98 857734 866962
8 61 376825 380240
12 84 949638 958926
28 63 388750 395171
13 44 188604 195415
84 30 772668 777252
66 13 553764 559162
24 34 844002 848033
85 30 575823 580229
51 92 603979 604710
86 31 663017 669583
32 28 95216 101974
81 20 966616 975467
1 67 659364 669283
36 18 748237 757179
69 68 592146 597620
68 73 483754 493311
41 62 62353 65792
80 87 647334 649962
3 81 327024 328906
11 97 281168 290966
16 98 239956 245161
29 68 547634 548844
82 20 991632 995693
25 27 680506 684451
54 32 626907 628507
95 91 870740 874511
78 33 212388 214487
60 68 151656 158476
38 29 256033 256962
89 20 964879 968182
71 26 867680 877255
34 72 501421 509848
77 48 246665 250435
2 38 792160 795376
28 49 365584 371363
27 98 869913 873844
37 101 305249 308956
83 67 709737 717873
3 60 511573 514676
47 43 640820 641212
38 64 329720 335934
63 73 703102 704963
88 15 564864 565135
35 51 155406 155623
84 77 147868 152654
71 69 994871 1001646
83 2 331005 339140
97 76 967368 976114
4 83 421810 423756
83 101 774279 780424
74 96 157430 165696
44 76 312376 321350
40 84 784562 793686
78 98 938647 938937
97 34 396622 401678
82 100 891065 897831
82 41 576609 578444
96 33 674328 680939
60 45 163223 169353
82 57 616743 622197
46 50 245619 251117
93 73 148 7957
57 9 671570 673204
91 60 544854 550178
100 80 322067 327817
69 43 773648 775247
8 89 382291 390771
70 89 581881 589924
3 95 363175 370375
81 100 309783 317099
37 27 775556 784596
90 8 73386 76066
4 19 807167 811286
22 91 876431 879386
35 48 107005 108847
17 91 376046 376908
96 16 154011 159742
25 91 454763 462573
82 69 495755 503847
101 60 818424 825952
86 61 605318 606613
78 26 36123 37359
63 96 63920 64334
5 67 476321 485113
2 99 968895 978044
60 33 656301 658401
24 48 109819 118037
35 72 551853 561334
99 4 403742 412076
5 93 564622 566319
53 55 342766 350369
79 27 514255 520738
80 95 960976 966207
91 40 24328 24703
100 75 974435 981329
10 11 622570 623194
52 5 719756 723465
13 65 238721 244666
80 41 370142 370183
50 34 340176 341931
19 48 840856 848237
75 100 596747 598563
53 60 838568 840900
56 31 509769 514436
27 5 618345 619050
29 23 864214 864698
83 29 91488 97069
99 31 3766 8969
84 86 714918 718713
46 32 513557 514452
57 53 445563 449104
51 32 48857 52447
72 79 188106 196755
50 96 953865 961861
88 48 202384 210431
53 84 424382 431567
38 35 614018 622311
49 9 775801 777471
1 100 275190 281849
15 85 980170 988324
95 17 36507 45547
70 3 199959 201083
94 73 197967 203245
97 11 400526 400786
52 69 47265 52006
45 72 600972 603632
6 66 942316 944058
70 63 256056 263798
38 93 461679 469106
34 97 639518 647881
57 52 141702 145306
13 90 552232 554622
86 23 463749 469719
9 28 727370 733207
52 41 55655 55986
40 100 856701 860424
89 97 1889 6994
69 40 947632 950983
12 81 911240 919974
36 64 892087 901202
95 40 856830 859174
65 47 326452 331972
39 80 44525 45717
10 81 318340 320797
88 16 66535 76313
41 40 8531 16008
14 74 832277 839772
95 97 191016 195121
86 91 965254 974170
35 39 916518 919251
33 36 35207 41449
5 72 629764 639640
3 5 363636 366634
61 95 940717 946130
18 11 655068 658764
56 77 584509 585805
19 99 953055 958091
69 21 925998 929042
17 92 26683 36479
14 99 587711 592958
14 88 886403 893488
52 61 905359 913913
74 85 218163 219092
26 90 631101 639267
7 68 991599 999265
82 16 897519 897851
69 87 599215 602859
56 22 836078 837300
76 83 254710 254904
59 78 843899 848264
84 62 257595 264068
89 18 884019 890704
99 20 420915 427828
64 7 925978 931626
96 93 382730 386001
50 55 790976 799282
58 84 713547 719643
8 39 21538 22212
58 67 835761 837689
28 40 89143 89277
42 100 289098 298976
63 71 511682 518661
64 55 408290 408414
40 48 39462 45979
11 89 251540 258268
39 58 742633 752451
87 95 319917 326409
76 52 375068 381953
65 99 911846 915012
54 45 835220 842238
17 69 412046 420219
98 48 659044 666338
90 44 9558 12177
95 94 334407 342591
67 64 563558 566853
26 57 810046 813754
31 28 936831 937374
24 46 648257 656461
40 63 374955 380725
75 27 919602 920203
38 38 816790 826774
32 96 916737 923610
51 44 800383 804265
42 28 55063 61087
48 78 826406 833126
16 67 64765 72332
22 55 137693 138202
52 60 777904 784592
38 101 447556 454247
14 66 781969 787567
46 82 175528 182198
35 99 888462 891920
67 68 283118 285812
80 25 460359 464260
8 65 35389 43866
33 78 905728 914711
69 3 57706 60860
36 46 217311 218045
60 0 785236 786906
42 78 729376 734809
80 11 415640 417009
71 72 211516 214592
26 22 411450 413067
52 54 73997 83123
92 14 474114 475416
25 52 347844 347915
47 60 605615 613631
82 35 130241 130699
96 63 868681 869037
43 18 70434 74909
8 59 962235 962776
78 95 818915 827092
41 4 372495 379247
42 17 61158 67503
63 1 918477 920767
84 101 105700 106666
50 52 393054 399180
38 18 825664 834829
49 28 229732 231361
43 71 242578 245880
82 76 160774 166254
9 82 524099 533579
100 1 820257 822970
38 95 402629 403612
12 48 530020 535039
64 4 338551 339866
17 5 530783 538536
81 12 258468 266084
25 56 724661 728455
19 31 796012 802237
33 87 47947 48664
51 33 948614 952069
88 61 288986 297881
76 62 607673 615979
37 39 46883 52071
8 94 410982 419342
75 10 72028 72571
40 49 76810 80724
57 76 103803 104662
88 85 77967 83213
94 18 800724 808683
0 17 882225 885358
77 31 96948 102240
50 67 151531 157361
38 97 582322 584651
97 37 965050 970563
20 5 283868 292114
54 61 100852 102524
4 36 17450 24303
36 9 340426 344128
72 82 622111 622509
6 54 374546 380445
55 69 744158 744307
93 23 272559 274060
25 69 504485 508191
36 82 13094 14442
49 43 760565 762670
48 35 131314 136904
61 11 675586 685369
36 48 789074 796343
79 9 714938 716651
24 77 756233 764403
58 31 120046 121874
97 38 633309 634909
23 1 858106 866970
99 63 364254 365898
6 38 481607 490106
51 63 671196 675674
0 95 543576 548193
74 73 500866 510261
22 32 350259 357922
23 47 508576 517895
99 90 755661 763253
99 23 933340 940575
33 0 170685 176503
97 3 382862 391779
7 76 847140 852357
67 44 86448 90908
17 25 835640 838010
21 10 511111 513369
57 51 743920 744755
43 7 324327 327534
100 8 20615 27410
11 5 107232 115232
47 33 685979 692500
31 25 971577 972300
51 6 920649 923246
62 56 868684 877229
37 68 791117 794661
94 85 325427 327273
4 70 298932 306556
0 78 297515 298512
5 96 562142 563824
0 61 625561 626924
81 22 756214 757826
63 4 142396 151637
77 92 748734 756019
84 51 894959 896907
86 4 263696 265881
16 32 308685 314290
87 42 610834 614022
46 48 371455 371497
13 56 873605 880462
95 43 3343 8689
47 70 595685 599731
10 64 764904 772975
1 36 180357 183778
95 29 896100 903151
90 99 159459 161405
72 61 173725 180131
5 79 509104 518172
53 75 321185 329429
77 72 808261 808543
46 0 587129 589259
97 35 394172 397848
7 32 64255 69976
74 60 465992 473835
0 63 213681 217029
37 11 957065 960214
17 52 67760 74166
56 71 907820 917220
85 11 207698 210072
0 101 481663 485424
7 17 942473 947501
73 23 786155 790328
30 17 14903 17246
96 86 364400 374323
84 14 590390 597217
95 70 146779 154113
1 77 793163 793901
62 98 609964 619871
25 53 733420 738831
34 55 391070 391557
57 3 585206 587709
23 95 5921 11364
22 79 762931 768080
81 85 492308 499592
45 8 912133 921822
68 30 807070 812011
26 7 35852 39874
99 66 954412 958265
79 60 951951 955075
97 67 125259 126405
43 87 987484 991171
37 35 44146 45596
13 25 718438 723191
52 71 28104 33158
72 67 293817 299586
75 39 174177 183053
26 87 236334 245932
58 64 627436 630569
65 34 943914 949446
99 81 435611 442437
94 30 713987 721705
1 30 828147 833516
65 70 868215 878069
30 68 826147 826412
24 100 319195 324236
83 77 117205 117795
101 4 240043 241624
74 42 433477 441438
41 20 176745 183325
101 80 753430 756732
56 63 378811 387007
42 64 98425 101205
21 9 179039 180397
60 21 559674 562213
49 33 648743 649117
35 36 456958 465090
94 64 962902 962931
28 23 72179 77611
84 4 45978 47991
67 31 247061 248341
21 26 202369 211779
88 60 709391 718274
4 65 522256 522315
88 20 892589 901779
57 37 371566 379642
27 94 753273 754315
50 92 477986 485679
7 45 802366 805865
42 51 999979 1004672
60 71 686356 691551
3 1 50257 57684
58 70 249908 253141
77 20 279389 287195
92 17 131477 131791
29 70 32337 34536
35 0 792476 793211
2 41 481603 491465
9 55 686796 691797
61 45 963355 969601
28 15 291401 295675
70 57 512025 514695
15 46 933633 935601
31 77 749922 752461
97 46 152533 155156
5 13 450565 457270
31 93 836235 836624
40 53 16429 18997
31 47 452297 453274
48 72 232577 233761
33 2 98435 98939
17 79 865836 869888
25 98 113269 120693
55 84 810858 813147
76 40 826881 831136
8 25 295743 303893
85 52 489095 495995
0 16 730185 731230
28 92 113437 116503
32 86 596532 598834
3 50 563492 563643
12 19 712374 721621
66 101 362414 366185
66 98 441083 447578
16 33 721979 729513
56 88 479434 483298
75 55 53025 60377
99 60 684189 688136
30 26 785836 789332
1 84 215393 217341
84 8 761996 769896
6 52 940332 950005
10 41 87558 92240
42 61 483690 493514
86 64 319735 320575
38 66 469266 471872
70 24 806846 811795
32 61 222848 226282
98 69 461885 467415
48 36 652253 656180
50 89 495730 500558
70 21 950589 954015
22 56 376353 379668
50 56 17839 25213
13 36 934076 937108
21 30 7862 12493
50 66 513690 518878
9 87 941044 944615
19 28 105937 106097
56 6 455351 459228
22 58 445478 455079
54 86 259 3683
20 17 386158 388208
57 19 413443 416708
40 6 479727 485091
29 51 198545 204288
9 72 678018 683092
87 40 625805 628393
83 52 929260 936630
37 30 252749 257574
2 70 824458 827549
37 43 54328 58948
53 13 598605 605739
69 2 320042 322040
53 95 223602 232126
58 32 385800 386865
66 9 885465 889549
19 43 506610 514246
38 31 182920 186888
27 66 697902 703969
81 77 933400 942335
35 68 611159 616716
49 44 412714 418326
28 9 44877 54654
80 66 159757 159784
71 40 609319 611241
1 29 366511 371609
3 75 386840 388697
32 68 387564 390338
58 62 543728 546529
19 86 3381 10315
50 13 646150 653720
90 12 654524 662948
98 94 474980 481951
84 26 942352 948003
90 70 84271 88761
17 64 511593 519179
68 19 116058 123487
78 80 165391 165602
89 19 391502 397361
83 49 158489 160802
24 89 932358 939876
63 28 975777 983217
38 0 708906 715286
40 2 667064 675443
21 5 435062 442123
15 65 649911 657220
13 29 858713 859629
62 96 142664 144904
24 30 515047 521397
15 30 580214 589419
60 43 648069 653460
34 47 830355 831000
46 27 187420 195113
3 24 690599 693254
76 101 564464 569332
18 4 367341 374612
15 27 418300 423986
13 52 954188 956311
68 8 664679 674446
59 8 359897 362307
84 21 163167 170643
72 53 366046 371862
8 82 616982 621124
63 33 11908 19499
1 80 802731 808068
24 78 215737 216716
88 66 353522 360369
24 18 700348 707074
31 71 911625 914019
55 85 994348 997195
51 91 135677 143364
93 47 725909 729088
83 48 84493 92396
56 10 213072 218193
5 1 4099 10833
51 58 237602 238695
72 63 401042 408342
1 64 273963 278783
101 2 641131 644933
1 40 791501 800887
22 39 587644 594683
79 87 633238 633286
28 41 529077 536640
59 5 535518 543280
9 74 918422 923597
31 88 224509 226810
75 81 255409 264930
7 35 606535 608739
16 50 878142 879619
19 63 458289 463297
37 59 764474 770416
55 21 797942 801367
25 5 691630 692622
34 62 50585 59174
55 36 574032 577549
33 20 354217 361397
58 72 219797 227167
84 89 856102 860674
3 35 147376 151854
31 16 753205 759064
40 87 872369 879406
82 1 962342 970072
14 87 772580 773325
96 96 98918 100073
76 29 409686 409817
36 8 383575 387395
71 79 40281 45883
99 48 225549 230363
6 8 835808 840781
41 45 618988 621922
100 24 81066 83485
71 23 172456 174184
82 80 850355 851439
31 45 142921 146717
2 77 100621 105386
67 99 407354 412048
100 70 287074 289074
62 45 833044 835149
91 11 180701 186700
92 32 281398 288034
79 11 996564 998052
20 98 487111 488938
75 56 131428 135444
91 17 575794 582728
24 7 469994 472823
57 70 483513 488334
66 16 97539 105620
61 61 286051 291852
49 86 329418 337597
42 56 509172 518089
66 57 442219 445574
88 9 719351 726342
21 11 23256 25784
18 7 903484 907961
50 83 407145 414790
32 7 810565 816177
47 84 736500 740156
17 39 483417 485177
36 76 364508 365591
79 57 669 2579
9 69 715508 724174
57 34 904560 907209
30 28 819409 822309
46 74 154980 161825
49 19 292555 298923
90 69 898531 908431
23 9 346573 353863
99 32 807936 808899
63 50 514557 522643
59 6 980492 981057
79 7 97196 101336
66 67 959638 964158
20 8 698270 706044
90 38 398563 400831
52 99 949016 956159
6 5 294257 296578
30 85 421955 426875
92 75 431722 441272
44 22 558143 558389
49 99 710559 719765
2 82 614797 618216
23 75 260489 266087
36 60 578296 585986
12 36 230819 232449
65 24 56093 65513
32 24 719051 728120
14 70 224512 232617
21 82 402669 409500
31 74 67503 76559
19 101 449156 453957
63 60 300197 303051
38 46 386746 388872
69 63 341113 341908
79 0 167188 173704
22 4 477384 477908
100 101 643491 644277
65 94 260671 270346
75 57 624783 631280
78 24 625164 635011
90 86 108886 116732
7 7 673628 678975
24 59 501640 510620
49 8 108213 112015
23 33 456515 462444
9 40 632394 635448
76 97 430467 434625
16 69 579433 584875
76 94 532197 540005
58 41 601604 605251
87 82 639316 648372
89 6 409787 410573
41 89 273187 274457
75 88 714097 721740
0 60 317753 324173
31 36 91498 94481
35 32 62999 64786
41 22 841324 844298
1 32 317580 321349
95 52 304600 307980
99 24 581778 585162
30 31 268182 274894
17 85 598484 605843
50 15 198956 203499
11 64 729417 731537
29 26 474234 477384
93 46 923772 932306
62 81 952681 956586
74 90 60016 62358
44 86 409602 417635
21 51 454722 460341
46 55 153833 160536
45 99 726211 735250
87 35 227281 227322
63 19 633872 637705
99 27 715277 723818
37 96 581654 587735
101 50 954599 961569
60 84 610424 616297
29 19 943899 946863
7 70 456179 462427
100 61 967621 970028
28 13 382532 387810
13 18 255731 261497
91 46 103370 104820
64 93 283295 287114
30 76 487648 495475
98 65 655036 660460
0 37 678587 682544
100 19 580584 588066
41 14 417554 423420
85 21 174698 177743
39 22 465303 468243
43 53 578125 584441
63 67 401761 410933
43 62 144414 148977
67 39 936555 944343
75 52 740575 746114
76 3 986734 986867
6 22 497893 497996
62 2 59889 69502
52 11 644503 645575
65 41 985847 987808
57 84 529572 531601
40 39 47469 55191
50 69 288373 289089
93 13 439600 446235
34 56 391568 393417
55 99 615317 624264
94 98 988029 989301
0 14 938611 940539
36 62 619186 627184
14 39 645968 649582
19 94 726391 736014
101 66 899161 902303
26 75 725234 729494
79 51 672631 676995
31 42 193736 202075
45 17 205808 210320
96 81 586569 594839
53 51 784180 787928
31 10 458998 467964
76 74 253192 254450
94 90 490554 495689
96 10 523919 533184
2 9 797522 803370
70 55 968971 972146
88 23 16343 20093
91 30 267681 276966
26 62 596744 600235
85 85 946541 955130
64 73 48337 50217
44 14 330177 331036
44 19 492595 499370
81 13 345383 352850
27 75 447271 450142
69 18 470786 475295
96 68 276982 286156
68 48 950352 954571
9 66 754123 760230
60 13 249663 256945
10 62 594384 603947
2 27 958846 961360
6 79 192333 200623
64 78 579 5687
92 62 593894 595615
7 57 676854 684796
30 49 786788 795208
45 7 824333 832479
69 76 56894 61538
29 24 341543 347540
24 17 521471 522971
64 62 40470 44936
7 51 900692 907350
84 40 775242 780291
17 77 157638 163139
78 81 517890 524589
91 0 852753 856752
85 39 504301 505577
8 96 928519 932981
86 32 113407 119810
76 64 637320 643884
94 56 294153 294345
81 10 327046 328200
53 1 179390 186933
84 66 229648 230376
32 94 263739 270071
88 39 827035 831110
25 74 766583 774662
39 83 359803 361408
73 90 984588 990384
90 78 546881 550348
10 80 444861 453992
59 76 383742 387832
4 23 763789 767443
56 41 271427 275038
86 95 28621 35004
62 26 527655 536169
36 67 494164 494171
16 47 766598 768095
63 35 11317 15994
74 75 962212 962469
38 7 179689 182223
11 12 898312 899472
64 57 58368 63421
55 86 469684 470142
53 71 590518 597715
83 8 565606 568399
65 19 728657 729811
44 12 504957 508235
42 70 975977 979843
66 18 572550 580607
28 79 25845 28585
33 19 312606 318383
56 61 656369 656481
5 81 187513 197086
1 26 918018 923168
78 12 498607 507037
1 34 950204 955776
65 58 972542 981017
96 36 69218 70745
60 28 448058 455466
51 12 366996 373338
12 41 576159 578310
11 69 969244 972971
92 43 262028 270353
20 93 461875 471081
41 91 693148 701906
86 51 848354 853088
4 50 370944 380403
99 29 525309 531334
78 34 182925 191881
86 59 361309 363811
101 23 944459 947553
35 69 458306 461368
49 90 958241 959974
7 8 626319 631586
40 98 134826 136581
72 24 588511 593835
76 56 391860 392317
83 97 750026 755178
90 85 810968 816318
62 19 144223 153628
93 2 592908 602674
63 85 475814 476039
40 35 9659 17982
12 23 103467 111431
41 95 247925 254602
49 27 54744 62625
62 100 666842 673232
86 46 269406 269729
12 11 316881 319088
56 68 867353 870559
2 61 942413 946105
101 59 908506 917790
73 88 391631 394644
76 95 923127 923762
27 2 58569 67468
71 98 444051 451979
18 69 713495 716312
67 58 455046 456360
30 99 709029 711370
30 35 770573 777107
54 101 384396 393022
6 41 214683 221245
35 4 950401 955506
40 79 603660 609880
14 30 407029 414266
91 24 374710 378149
18 75 393262 403199
19 96 569712 572475
82 99 846962 852673
90 68 269859 278864
8 17 616057 618783
98 100 395538 400969
56 4 828521 830477
62 6 975236 985058
31 61 393739 400769
17 55 137609 138394
34 23 618891 621712
93 14 26210 31733
57 7 915037 915749
73 26 816604 821130
62 95 257430 261104
2 26 494816 499119
1 86 985264 986888
82 48 58949 65523
65 50 909852 911999
1 12 955340 964613
43 78 929798 932959
83 90 289212 292454
55 60 451566 460613
52 62 159202 167550
92 71 160006 164550
54 90 293121 300753
40 19 477605 480850
54 37 308507 312174
21 25 772734 782679
23 76 649079 655701
11 88 597698 604335
33 24 909737 911908
61 23 57839 59186
77 8 595685 596073
2 48 651990 653454
72 0 581863 585850
22 82 592332 601205
94 35 531260 533525
95 10 979564 980233
82 66 548279 555034
45 47 828244 831830
24 52 833522 839202
27 51 778649 782661
44 82 568589 576700
62 90 809420 810889
2 84 974834 980843
30 98 752076 752612
12 98 546122 553362
60 14 156820 157530
