15 1203
61 9 229204 237092
10 85 61687 66460
46 89 549883 554399
12 43 87300 97085
87 1 529098 533331
79 55 392670 394154
88 99 851448 855748
63 50 446741 449094
44 65 453903 456635
54 67 259120 266868
92 35 18846 25683
34 64 568303 576822
32 23 284507 290413
75 29 941448 946085
72 72 664060 667817
2 73 319145 327762
71 77 410504 414653
18 25 151245 160189
26 101 675293 684575
89 68 677727 677790
47 42 879213 880282
96 14 265296 272592
88 28 930446 932775
66 63 36810 39606
20 25 591954 593916
82 39 605504 613117
29 12 43040 46391
2 71 131167 138765
98 75 784469 787827
49 45 712956 714601
28 96 155653 156133
63 92 305053 310552
90 97 351241 354051
13 49 543993 552432
84 37 164326 172558
100 47 195990 201293
49 84 436607 444202
76 31 697358 699123
85 36 637665 641014
30 82 893517 896976
84 99 810022 818155
74 87 651584 653992
101 52 74653 82878
26 7 970381 980375
77 0 683238 690677
33 73 851224 857107
93 42 897155 897930
89 77 757416 764651
89 48 685191 686920
98 48 942956 950372
53 89 277281 280284
19 10 137876 140767
83 67 59285 65443
55 77 918792 923692
44 1 559412 562444
20 54 571413 573162
98 73 329685 331954
93 93 224512 228810
38 58 2389 6446
34 49 59273 66559
11 24 259407 261009
30 89 462214 467009
84 61 445012 453973
15 72 8784 14712
28 33 236937 237430
84 81 420468 423287
79 35 143869 145810
57 57 712950 717771
97 81 410057 414299
48 79 746230 747839
34 95 695885 705130
86 73 379458 382263
18 61 569379 571705
41 3 56088 57876
27 2 447334 450136
95 76 947248 956947
44 49 527433 534018
12 20 144371 152836
9 54 895640 903705
13 46 669728 674743
87 16 30067 39222
101 79 118017 122819
24 24 836999 840644
14 79 844726 851325
12 52 397665 403447
24 7 624058 624144
32 57 941847 942025
14 52 114004 116416
17 96 526483 532550
63 68 939290 943353
47 98 542021 547991
1 8 599919 601049
85 93 282223 287656
40 99 809358 815627
73 60 438046 447384
93 45 252834 259300
34 98 87371 90617
82 19 249733 254529
61 30 210108 213920
54 70 718118 719430
1 93 942041 946367
59 46 449847 458034
26 80 800528 806772
11 98 522003 524843
66 43 374152 374994
54 12 760382 762201
23 60 937425 937678
1 90 632762 641289
17 50 893633 903148
91 8 162532 163569
2 29 947079 955085
17 23 598041 602333
4 93 675118 681862
53 64 912297 914146
69 101 649092 657976
76 72 423953 429480
16 92 590004 596447
24 66 902982 912655
78 93 474239 476642
44 16 479017 484402
42 43 985305 992327
70 99 755515 760181
12 83 508728 513418
70 69 643314 647074
71 18 469432 474179
32 94 77950 87772
7 82 283329 286186
25 4 66489 73284
17 5 812699 812894
24 40 87132 91167
38 83 162119 167713
38 88 301782 302427
68 78 831862 834880
6 12 381315 384659
101 76 833548 833959
98 30 87244 94909
37 24 716781 721266
26 72 342290 350238
54 41 796996 803455
98 91 569479 573857
39 92 646684 652404
2 61 291800 300194
28 75 819139 822508
36 37 164498 168712
45 3 341385 344599
24 37 136362 139287
23 44 568862 572525
50 82 874385 879789
70 34 101859 103373
86 7 394514 399697
60 23 298831 300229
22 100 246521 256041
40 35 426351 432563
44 20 990873 991939
81 65 71234 78036
16 72 636552 643684
71 41 236765 246212
74 15 984056 990619
38 25 944216 945206
83 95 321983 325589
90 1 896011 905860
25 60 467933 475827
72 22 786564 788694
43 50 804425 812441
71 47 536059 540485
71 98 399771 401149
12 26 650947 654760
63 70 666971 667792
88 57 272526 274680
4 16 701138 702999
40 61 977792 986667
101 4 715630 720933
49 13 876166 884976
67 37 143494 152687
52 24 675186 681292
20 69 772155 776611
70 12 988686 992072
19 39 765084 772454
96 52 275615 283930
7 1 938916 944379
79 31 335557 337392
93 90 339605 346115
58 25 129328 135413
22 3 953388 958660
100 53 635784 636448
5 5 266374 274264
33 76 973092 980646
68 62 894181 894904
44 71 365420 366619
32 27 802292 808655
60 81 317826 321537
33 42 14538 17100
15 17 284602 287629
73 45 204000 205938
47 47 304377 310537
55 88 648319 650771
26 4 68390 68847
31 63 188346 191403
15 23 523982 526055
47 66 816667 819483
3 95 295576 303345
80 47 59704 61072
67 25 730534 739417
93 74 752034 760277
16 29 439344 449135
20 73 684600 689901
4 38 474916 476829
27 14 464178 472731
35 36 645475 651728
23 57 951204 958867
59 43 463426 466667
91 19 323990 329909
3 17 980285 985825
96 101 13803 16840
23 39 224298 229639
72 78 919705 927407
31 16 587808 592926
98 44 478545 481073
73 4 11758 16030
91 64 344041 346651
86 95 297782 299325
50 53 818549 824128
67 85 253261 254505
68 73 785096 785731
12 75 638670 643427
25 51 253117 255098
10 17 664904 666293
86 84 72799 75834
94 4 996830 1004305
100 39 94864 98482
32 3 780323 789898
61 13 679626 684635
19 4 399037 403839
72 2 313887 319089
60 9 161993 164064
65 77 668481 676829
46 57 452571 456816
73 52 841118 848157
68 37 960627 966319
1 31 10560 19667
23 43 72640 79213
18 16 50242 51439
15 100 41396 45883
2 33 925135 933726
84 82 545971 555185
26 64 140282 141634
92 57 971816 977281
65 5 155442 162599
9 15 775 5842
65 58 780894 782669
55 59 900982 907888
13 21 123131 126635
56 23 103967 107740
100 22 7181 17126
79 14 542769 548181
11 60 897104 905046
56 13 437723 445193
45 64 255903 262449
58 55 770579 773837
49 21 658572 666431
87 82 290032 296298
60 19 948683 948989
1 25 955050 955206
46 46 820451 823693
20 16 804989 810228
2 36 231783 232405
79 74 373658 380160
62 65 189194 190411
19 65 241142 246073
21 73 62041 63791
98 18 159566 165188
13 4 136515 144200
99 48 588239 591526
8 91 422474 429259
81 37 202418 210853
4 37 516295 524438
99 95 807816 809974
54 20 138515 143757
37 74 856723 862209
29 10 265537 273504
74 7 907658 908209
74 65 880146 885550
94 3 539921 543779
26 73 992139 995370
9 33 706463 715349
74 27 933100 939854
22 45 445728 453697
4 65 679664 687261
39 78 966827 976194
5 7 788486 793125
18 15 555708 555923
30 49 961578 963698
95 91 125119 125781
9 73 579926 584808
59 64 853541 855732
76 78 456385 459035
101 40 921940 922709
50 33 182359 188187
60 50 831960 840459
77 60 248278 258205
97 28 665746 671148
7 100 527468 528616
66 32 441303 448418
62 64 822335 824112
37 63 337636 340217
78 96 497999 500544
29 44 593600 601055
36 100 30983 39127
10 101 448264 448280
34 90 619691 620693
72 92 706856 714120
16 91 841361 846679
29 87 128522 130651
13 56 355423 356344
24 55 40048 48311
84 65 550514 551713
43 73 12442 17998
22 84 455848 456407
9 7 836847 838631
47 3 663700 665346
80 35 23628 24291
73 84 519115 525773
11 100 388180 397102
59 83 362531 369266
78 0 592711 601331
22 70 60728 63681
36 14 404960 411615
45 94 200435 200616
90 28 284456 286847
78 16 751627 759767
70 40 673695 674431
100 61 632169 633866
7 32 783737 789410
45 45 712859 722508
56 33 743052 745476
96 75 296072 303920
48 51 164065 167659
49 94 294130 297323
61 37 10138 14050
17 77 648423 653640
18 12 763701 767354
18 73 564115 572221
60 75 679215 683021
28 42 386859 391387
101 90 244191 246338
92 36 109242 110977
66 50 794113 797740
23 55 794141 801661
94 79 277558 284540
23 14 655113 663070
78 12 918607 926156
38 41 379776 385409
25 95 794806 801443
90 20 646735 655850
64 98 144266 146881
96 12 587992 589108
79 47 712654 720634
0 2 882586 883368
88 78 346540 353507
69 56 990104 995630
89 83 866279 876060
52 50 942139 948371
86 10 191786 192052
10 2 786287 791457
14 54 816346 826118
78 71 982546 982825
10 9 41478 42175
34 16 305822 313395
24 84 146981 149379
71 44 754856 758826
47 31 5396 15022
39 25 738944 741847
64 80 930431 936441
70 59 49193 56312
45 58 209144 210159
26 5 614612 619101
62 83 453299 456218
48 35 554877 557962
10 98 482392 488889
95 32 388858 395247
57 14 949219 954695
6 81 903665 906680
21 59 735152 737970
5 0 200213 206138
0 12 966949 969700
47 35 509454 518189
33 75 857701 863644
29 43 272920 282081
11 96 843250 846718
78 90 287776 294004
84 4 709768 710245
71 85 709459 709732
41 62 194820 196452
55 44 335194 339133
76 67 21611 22357
15 1 329756 339325
4 30 800890 807039
44 0 50159 58545
31 50 533164 535205
60 77 278157 278852
37 88 974586 982163
48 22 592350 600233
88 36 850855 853766
81 83 652239 654555
99 14 738785 741815
101 47 505995 510129
11 49 585536 594745
6 18 23330 28970
95 8 517573 524907
9 48 821488 829287
7 0 88086 91709
38 99 488753 498381
47 44 584829 592325
81 0 660197 661468
54 21 308465 316399
84 73 656994 660584
84 75 356269 359536
61 1 440365 447315
55 0 723443 723795
75 49 753979 759572
10 39 350590 354104
100 82 182819 185829
86 36 402450 403328
70 74 845839 848083
13 28 919442 928964
72 77 351117 353466
15 48 900652 907116
0 90 244413 247889
42 62 530326 537880
63 31 729179 732031
75 75 450582 458955
80 39 12689 16520
80 10 82354 84014
96 30 9209 16784
38 4 591745 600907
47 32 777771 781368
19 85 812453 820953
39 63 811758 818199
11 45 875816 879929
50 10 199294 201759
34 45 11999 13792
69 79 34082 37229
38 26 55473 57919
82 81 435029 435971
27 86 724049 725661
27 29 91753 96581
52 77 703210 706436
50 64 820922 828511
62 54 920183 920275
4 14 554393 557453
3 59 50637 54151
39 59 554631 561858
84 29 637771 642511
71 24 774982 781896
66 55 594082 598560
81 79 367561 370467
64 78 381583 388398
88 16 77654 80422
61 52 437968 446265
52 78 576864 581891
74 38 769910 773725
88 80 796201 800085
26 12 70770 79460
70 31 606143 614490
87 67 745230 746391
56 98 827930 830273
25 67 342880 350441
99 87 628328 635915
81 17 439053 442964
98 15 703633 706636
35 8 869764 872508
32 84 323331 327572
93 70 25443 27061
65 15 334176 341161
94 86 913221 921081
4 28 506903 509164
42 9 908998 911600
2 98 400280 403903
24 47 655741 664703
37 3 833479 842331
97 79 385026 394101
82 0 423891 425845
55 83 15165 24890
90 7 177808 179726
42 26 949321 950267
29 40 93558 99660
45 74 500996 504518
50 27 533678 538612
23 17 399202 408208
57 72 901768 908415
50 92 255940 263457
68 84 203605 205462
52 66 681439 687378
19 32 251476 256606
84 96 63360 69338
77 21 860228 867935
18 44 784526 790949
12 64 195308 205236
46 26 620482 626555
9 37 378260 387471
58 29 701333 701839
94 22 372350 372882
12 82 385714 393266
68 58 339314 342588
45 42 542807 546539
95 1 760474 762124
78 2 161388 168439
28 11 386553 393293
36 11 445586 453070
18 41 266713 276092
53 93 430565 435436
59 57 634867 639170
47 43 810876 818938
45 100 66023 73949
65 29 549693 557777
97 82 634703 644470
47 56 237176 242415
86 53 388771 395480
70 100 474708 478201
47 8 128731 138110
90 70 759383 761074
61 2 201227 203824
32 32 344410 346476
36 57 37607 39869
91 74 667104 672286
61 28 42476 42541
13 101 673883 679558
0 81 224674 230578
42 58 99795 104917
65 41 132229 141587
69 44 474072 478681
91 30 886926 888892
98 13 773948 775609
19 82 465410 465727
4 46 415456 422976
67 32 932066 939495
86 15 220130 224442
21 48 953574 953696
63 88 6218 8710
17 30 995082 996600
56 17 426016 427209
22 54 709991 716885
62 98 878477 884205
11 12 860046 866442
69 45 202926 210425
6 45 231313 240157
74 68 995305 996154
58 40 27490 35504
18 76 251776 256803
33 48 567529 572661
61 91 120946 125164
12 65 86021 94141
82 41 384034 389116
83 45 462438 463658
84 62 481947 490192
46 42 425993 432035
81 43 386165 395930
32 96 699571 707010
63 80 111009 116489
94 26 579457 584059
81 90 482243 486208
58 88 185443 189282
19 90 448448 450035
40 45 881326 883930
27 63 961676 962057
1 92 829352 832759
10 100 361450 371103
27 79 832765 836445
14 60 99060 106074
35 53 483141 492021
34 19 583724 583757
44 62 181026 182119
78 41 843458 850358
79 98 722109 722645
65 60 968191 975979
87 54 275523 277552
76 11 799945 805694
75 4 613431 616536
56 90 787929 794851
52 46 527728 530011
79 29 295529 302767
88 61 920731 921679
56 32 363784 364457
36 20 924539 928249
76 41 661120 667197
17 25 393591 393688
40 43 411643 416274
30 47 387287 393408
44 60 629286 638446
89 55 594794 604411
32 73 909815 916113
28 94 346196 351708
37 27 127952 130610
11 50 475581 477832
89 63 795084 796946
37 65 216058 219330
45 0 123816 130102
31 29 901790 901944
15 4 607531 608840
93 63 622441 624154
79 57 989434 991959
22 80 324636 329466
7 39 818071 819128
53 21 863629 870264
30 61 786263 788922
86 37 965849 970077
95 33 764820 773127
3 82 514663 522492
19 98 599224 604988
59 63 392293 396114
48 78 527262 536475
42 3 540698 543627
29 89 673954 677699
27 34 478129 486198
44 90 440022 447370
30 48 4295 12166
50 61 298244 304817
99 90 4254 6988
27 83 727847 733352
21 20 167664 174266
16 84 650697 653671
32 85 816851 825213
36 33 185494 190907
68 5 182056 189986
45 61 650722 651420
50 67 117542 119584
3 92 15198 24444
19 7 56814 61936
72 7 901314 905229
79 92 496003 505856
66 10 269344 273517
10 95 149293 154120
12 29 371975 376508
9 56 117869 124464
27 51 792481 794608
100 95 216050 223094
57 9 827356 837280
45 52 210585 211842
38 52 808492 809772
42 0 723516 728297
61 33 480986 484929
32 90 549359 557306
58 77 832210 838682
65 68 924645 933382
30 100 222102 231725
13 37 682576 686640
53 79 149254 155998
66 94 99125 105298
38 37 56608 61400
4 57 936634 939963
27 31 291381 295580
85 71 182654 187975
53 12 309294 312030
101 7 712565 713825
24 52 251844 259917
34 96 793268 801049
14 75 425471 430199
76 56 749711 754357
5 84 600907 604925
68 57 695809 704551
75 1 964028 966803
98 39 758672 760486
15 14 543265 550651
91 33 879689 880962
69 66 201620 203514
11 30 234132 241997
83 89 428810 431425
94 74 814910 823055
53 17 222503 230076
87 100 710958 719698
28 28 927505 927738
59 38 839310 845060
35 72 17603 21494
42 51 513543 519204
74 33 610031 614973
87 3 457104 457820
27 55 969335 975835
90 31 736332 742532
85 37 838688 844022
13 41 572530 578471
67 74 482571 488313
72 91 516870 522989
62 57 283977 287255
40 34 109357 113793
99 99 842259 845652
28 70 278195 279069
15 87 79029 84537
64 26 232394 235042
69 1 745017 745311
97 52 687617 697119
46 98 504989 509451
48 80 593563 598599
39 0 534252 541424
75 97 375677 379792
35 3 519312 523123
43 5 870303 871833
63 9 253918 257324
93 39 446047 451063
31 87 562909 567169
47 90 544482 545803
5 34 647296 652718
49 25 210649 214001
47 70 390701 396195
33 90 658915 668632
76 19 598061 602800
48 81 277818 284845
12 38 345477 353983
62 29 470466 477332
16 52 239307 241152
36 70 14580 16643
101 2 175092 184588
30 67 384034 388171
17 46 130116 133738
19 71 600356 600781
86 38 390585 395580
39 68 624114 627161
32 35 192271 193476
96 20 671061 674614
8 25 945694 951824
2 72 676594 682089
56 87 58702 63766
27 23 257576 263179
89 74 267465 273749
37 81 233124 238800
25 28 320704 323643
30 74 232879 233119
50 38 881583 882353
16 25 356741 358775
60 64 877976 881892
31 6 20634 20715
14 9 237675 243894
47 61 756957 764071
6 6 60549 62042
3 7 153235 159916
19 77 272747 273238
58 30 539105 542823
54 91 55173 55801
88 87 732558 739284
70 3 173395 177357
6 94 124388 131878
63 74 707026 710698
46 52 672909 672920
67 15 334519 344174
44 68 309390 314843
48 74 992634 993594
85 97 865448 866159
17 91 413465 418779
19 54 156916 166783
9 80 575828 582758
31 33 225458 226273
55 34 519481 528056
29 27 422144 428599
57 6 452269 455444
39 55 399631 403038
63 1 688579 696581
45 1 586916 594780
20 17 787739 795777
24 0 188213 190693
101 53 886560 892151
73 79 974748 977537
45 90 5468 9536
43 98 989829 990608
72 52 576992 578988
1 65 876789 881293
99 52 98899 100469
25 5 262968 271108
34 2 800528 805788
53 10 7483 8388
1 44 214358 217077
80 24 837291 839212
40 18 959154 964733
78 5 816687 823069
50 45 784352 790959
43 85 135459 136556
20 68 151978 156727
10 35 679512 680394
13 98 871006 879130
27 57 270852 273484
33 5 651767 658565
84 57 4000 4073
50 41 60172 64353
42 96 160371 165446
44 86 594460 596941
11 4 944870 945043
86 48 520376 529961
66 67 989858 998797
61 12 568819 577760
27 6 987022 993405
46 76 271063 277908
83 96 295412 298219
89 27 828324 829116
53 52 48823 52602
49 28 645989 650653
32 70 698985 699874
37 6 986693 988484
24 35 190150 199558
73 94 664562 671904
39 64 856167 864440
100 44 667415 671109
31 95 668741 676529
48 77 916927 923923
56 25 582647 591699
77 86 413004 418027
89 35 931561 934976
13 11 709946 717759
78 72 483375 483896
15 92 656401 666351
8 72 398615 401203
1 48 314567 321982
13 48 194628 200787
58 12 207866 207956
99 62 427568 430631
61 35 87250 95858
99 4 568194 575280
4 66 875132 885028
60 12 997574 1004915
3 3 276457 281529
30 72 616100 623277
78 60 746910 752748
95 9 455011 460606
97 62 359763 364001
23 59 618004 618193
22 86 774205 775832
74 30 839248 845903
74 93 845849 848392
18 95 26638 35872
52 97 874072 875139
73 6 321035 324499
86 97 685904 691271
79 82 36440 41422
13 17 327707 333725
83 74 854597 859030
91 49 653721 654726
16 40 949841 958977
59 33 47248 52231
85 12 650392 656160
100 29 335142 344241
59 84 149303 149784
37 92 807907 817811
42 70 879000 882647
63 42 268021 270248
66 79 895206 897026
25 41 345017 349893
77 32 424854 428569
77 28 7535 15453
42 98 814361 822634
96 61 826959 827487
85 26 362170 371686
37 37 615809 623127
15 94 906145 906555
45 72 349632 358905
84 17 792119 798393
88 10 102860 105925
72 62 984617 993143
57 50 12780 16399
7 81 832258 837222
14 28 267467 270228
38 39 839809 848993
53 91 924708 928772
45 77 606362 610856
84 47 692825 698088
42 18 837391 844635
32 10 95226 98669
62 28 681926 683355
10 25 266853 269498
63 54 71121 73508
75 37 583732 585256
16 22 464822 474572
95 98 616020 618898
38 5 46029 54207
27 85 968553 973088
7 54 273279 275791
13 2 729667 736098
82 50 984575 990730
47 15 751532 761120
50 20 704977 708049
47 28 188828 197264
90 47 499664 506023
96 6 917229 923644
52 80 335544 340511
53 80 167905 173152
19 80 569612 578060
44 25 48481 51023
12 55 94958 100734
55 4 94887 99934
13 25 580339 581851
24 2 435812 436810
67 70 978022 978927
42 101 441149 451002
67 67 107168 112804
82 13 253266 262358
48 93 219833 223306
49 42 38698 48697
83 81 358987 364819
14 61 246999 251954
19 89 971001 980178
39 60 68855 71139
44 73 808121 817489
68 68 525820 531456
59 36 441968 449051
94 68 962886 964935
98 7 491006 497163
65 6 581021 587513
11 55 414688 415650
48 75 724575 724580
65 8 473181 476720
35 68 984310 990980
99 75 580749 584808
77 65 31919 32520
54 6 515418 518648
94 43 904342 905455
94 94 828040 829357
70 46 849563 853349
88 96 209217 215295
68 64 90783 93316
46 94 798763 805054
93 68 5666 10193
27 92 584522 591532
25 18 968702 969056
16 26 305101 313959
94 101 585348 594098
76 37 998120 998339
87 45 704810 714720
96 90 852711 853220
37 73 183658 189106
89 93 888530 889723
33 7 540269 550135
91 53 685890 689184
2 53 774009 783685
25 55 97863 100501
26 1 836392 836637
53 68 583601 592004
73 41 586740 596096
82 62 745363 753852
69 16 843218 851000
27 101 879055 882457
27 36 581261 589665
78 20 463431 471233
20 67 263962 264700
81 16 625857 629831
69 67 663604 670743
71 100 267068 270562
74 51 527208 530618
34 84 206532 210045
83 101 112616 117413
70 36 533407 541183
83 5 792701 799066
44 79 190130 194777
65 48 430437 435350
98 33 172907 174519
86 50 126557 132070
52 70 219447 220854
71 23 202895 212763
13 30 178506 188206
82 63 266249 267881
54 52 608579 608962
66 46 820976 826823
5 66 952818 957712
51 17 200305 206679
13 19 901118 906320
45 91 715810 724117
66 59 342559 343098
32 36 940124 949251
51 61 996981 998373
44 59 354611 354910
3 21 381968 388100
43 62 841760 848174
41 27 950005 953257
76 4 968853 978785
42 40 431147 438003
71 64 119940 127589
59 94 166301 168289
78 53 678632 687529
30 4 199606 201827
43 56 233078 234810
29 74 478565 486469
95 0 709921 710689
29 72 266469 269861
84 58 542480 545879
51 12 787757 793723
48 25 690716 697281
42 38 150026 151289
83 23 393955 396819
16 3 484322 487524
14 55 154223 161514
89 14 837714 847479
43 34 169410 169775
67 54 610873 619057
49 41 37926 44676
95 70 777183 780782
17 90 995690 996365
68 34 365427 372050
64 69 419604 425004
11 75 100428 109893
45 23 844951 848473
2 97 208695 211019
99 84 409071 409976
36 24 196887 205357
3 74 173797 179629
10 41 991695 996196
79 68 593814 598427
15 96 531747 533376
93 54 935816 940736
17 16 255088 256813
5 56 109175 115244
55 9 539923 548084
72 45 389863 398954
44 30 240710 247097
23 68 410886 412791
11 1 33134 35285
47 7 84305 87004
22 95 457717 464794
88 21 965374 972435
62 11 902024 903743
4 92 532532 535534
71 20 963419 968333
6 44 810753 818340
16 99 667746 673665
87 20 246071 252497
1 10 158799 159496
41 18 699683 702647
65 98 60014 65769
5 39 99022 100813
85 3 963387 973371
34 10 379358 386074
41 84 474349 475893
73 31 307747 317440
97 63 520689 524644
70 43 680131 686049
10 53 350512 358497
93 65 656386 657262
50 36 46957 55292
72 85 748529 749912
61 82 128462 134579
38 97 508606 516793
16 32 136298 137050
93 77 887572 890452
92 48 544158 549416
14 34 301454 310028
75 47 983284 984779
37 68 123264 126197
13 64 871539 876572
58 59 832908 842446
24 5 111967 119141
33 47 364680 366206
39 18 527945 529655
14 68 523615 530308
27 45 483206 485843
31 69 983630 984590
100 73 486079 493344
88 86 938552 945769
89 81 383151 391010
12 28 496718 505443
5 14 532879 537215
69 24 547563 552568
80 6 324710 327178
76 59 657451 658367
45 13 962619 971247
81 86 161118 168288
98 62 369269 377961
31 74 565339 568928
99 28 504652 505762
45 70 866951 876459
55 74 811380 816640
4 9 920584 927994
22 96 372957 374069
23 71 675003 676082
37 83 948326 951457
84 93 992836 998405
59 1 28565 34775
91 43 954133 964019
10 97 542426 547214
87 37 57048 60343
51 20 469774 476912
12 91 728135 734295
8 76 762710 770966
60 72 198541 203331
48 94 33971 38564
15 3 458402 458497
50 59 667869 671130
44 35 66898 72227
54 9 470157 478928
88 2 236612 240453
26 89 531944 539352
94 54 720022 721446
53 67 398552 405166
46 88 679641 689332
25 3 822171 827117
73 56 791134 800416
3 26 930662 937330
21 28 709054 710595
25 96 58154 61120
6 86 235810 237228
24 86 685068 690254
70 78 114861 121302
64 41 859760 864276
2 100 668178 674520
56 75 915840 916482
66 72 926371 929151
24 18 409460 413907
84 72 863931 873103
63 51 282249 283391
79 36 692361 694720
73 3 193862 203207
32 26 791427 792997
31 101 91163 91932
82 28 765772 770635
80 12 438923 443951
100 33 106468 114981
97 67 548650 553480
64 34 404019 411619
58 49 265407 272129
27 56 496619 500815
56 77 959905 966494
30 6 761032 765179
26 34 78433 81302
93 36 389665 393972
33 19 249036 251948
25 25 897346 905879
4 89 335946 339065
29 49 864939 870327
55 8 407124 413347
45 71 214866 220856
67 94 538642 542598
64 3 511288 518197
57 20 228830 229945
18 92 715739 721112
85 67 537432 539492
75 46 704978 708985
54 48 629183 637341
5 3 347442 349135
81 59 401421 411203
47 86 469644 472869
38 22 212649 218463
17 71 140687 148351
91 45 917594 927593
33 21 675717 681419
0 97 768981 770458
23 46 356812 361854
48 6 597261 607250
45 68 688344 696039
99 2 717426 722622
81 38 816655 825349
6 19 630842 635875
59 97 445317 452234
8 41 955507 961251
47 73 182995 191003
62 90 20060 28268
52 67 462484 465502
97 68 870414 877801
50 55 71947 79142
32 83 489430 494170
98 68 508846 513427
97 33 847413 848507
75 70 12870 17226
15 83 394933 400536
68 101 395732 403617
61 67 330073 339010
30 95 842057 847257
16 71 449925 450368
67 98 972732 975612
78 10 905453 914629
34 70 96690 99412
40 86 43957 51448
39 77 878588 883337
27 80 79736 87369
38 65 162237 169995
88 30 509595 516082
32 0 464533 472735
97 26 835081 843601
60 33 668970 670376
11 9 787190 795191
28 92 321373 324925
61 7 140804 147827
38 36 93968 100408
77 16 825627 833193
23 4 71265 73426
91 61 776399 785250
98 69 247189 255768
27 11 279734 287517
77 10 40561 45673
60 78 229919 232890
47 65 240123 245022
34 60 341602 346288
25 7 224591 226927
25 48 232039 239792
75 63 70260 73249
87 34 81301 82782
96 16 24379 33602
13 20 444690 446304
90 57 881314 885249
74 55 154805 164697
49 32 31780 32310
49 52 397753 406355
24 70 292833 302742
75 12 757250 763288
33 98 661796 666554
65 56 66313 73395
29 21 146552 150282
33 39 741781 744755
12 95 457089 462422
66 30 862205 868813
91 2 469917 472573
