17 1278
0 47 285260 291510
29 56 742698 743215
57 41 544666 550364
52 20 668637 671344
50 80 216646 217715
100 73 838252 840579
74 89 438091 439464
76 95 332340 339480
54 65 486737 486896
89 43 776012 778578
96 81 524006 524351
22 30 929010 938275
48 61 843743 848515
34 85 629842 632420
62 96 263502 266347
20 75 512315 512897
15 37 484498 488167
73 44 750481 758082
15 49 424111 425083
14 80 794030 803989
80 26 5653 6998
15 48 743554 751166
62 12 69333 78955
44 100 643836 644011
17 3 711843 718152
67 56 318702 319165
45 83 845324 845608
66 2 990682 991020
93 29 187744 195618
31 26 477224 481138
60 33 87752 92564
77 76 126604 134234
74 26 872596 876521
37 100 400505 404528
56 71 391437 399560
55 89 300685 304872
8 0 80755 89761
69 41 107418 111212
87 93 575245 583482
59 89 276642 284376
13 90 983549 991226
30 29 214992 224029
14 6 204421 206049
26 19 888651 896398
58 32 402807 403402
48 22 242662 250567
62 18 702978 711029
41 14 264770 266241
35 7 582474 584730
43 46 866672 869042
93 84 923368 929720
101 91 17270 22858
68 63 842005 850750
64 11 886098 895840
90 81 365424 367456
61 98 56069 58235
17 38 622128 624613
61 9 969141 973323
42 49 448236 449987
10 94 298173 307246
18 19 609045 610913
34 32 889301 894235
88 40 987943 992603
65 5 837351 839008
6 51 788381 793350
8 17 446331 452799
47 79 243139 250006
47 29 284014 290875
86 4 342450 344767
3 19 679576 679804
89 64 349455 354492
55 92 280341 289848
41 32 967502 967538
21 61 278592 282795
66 53 410817 420276
90 68 534214 542461
17 31 52452 62037
55 17 342573 346369
73 55 796291 797323
51 92 130874 137834
77 25 467123 467792
35 38 363734 367830
15 81 601030 606285
99 24 471191 477096
16 36 591899 601500
15 74 501676 504811
32 47 861433 862006
26 29 737166 740813
72 96 281529 286032
20 29 99319 100166
14 97 169202 170443
58 27 266354 274512
15 16 601173 606419
11 62 47217 54562
40 44 65628 70209
44 58 985103 987260
80 32 964136 973035
88 31 62564 63454
28 16 482790 491318
18 50 641783 643060
61 3 608724 616708
83 70 590998 593111
95 1 91552 91612
100 56 165184 171752
77 93 879326 882722
51 101 381898 388453
70 82 144160 152834
0 96 170235 177553
7 30 208822 209416
29 81 817041 826240
73 17 83261 92281
94 79 875499 884321
74 68 132333 133490
88 49 401264 404143
19 0 646529 655873
72 84 119366 127169
92 71 876781 886413
65 55 438286 446684
27 99 594501 598275
31 53 643618 650909
54 1 683597 692592
83 9 634240 642030
69 68 788583 790689
3 66 309548 317109
29 86 842622 847060
5 56 7799 10308
93 78 523506 526726
8 38 740633 741123
68 66 90033 99871
68 78 852585 852844
96 79 625281 627626
62 36 682196 682748
33 62 517027 524267
45 4 341254 341271
52 89 708821 712038
80 8 490450 494399
72 11 593983 594801
2 83 325661 332120
94 63 214367 216241
24 87 82577 91061
96 31 389200 398002
86 10 577040 586389
79 76 804904 806577
89 51 336033 342524
50 42 905987 908300
29 45 511678 515966
14 23 440942 449900
44 92 945898 954705
85 77 352097 356197
35 4 189231 189996
48 36 577326 581272
15 72 6235 13347
25 34 70988 74374
84 44 583989 587234
24 68 323791 326221
17 43 450760 458335
40 33 306052 307007
31 55 775015 784862
71 84 729345 731883
79 26 6644 9252
94 50 903304 909818
0 90 645097 646810
85 62 428815 438054
62 82 224308 228499
53 13 282115 291025
96 99 299169 301975
17 84 966329 972215
29 53 766051 771799
10 67 500011 500244
58 36 735398 736080
12 35 722559 727050
68 28 736218 738783
97 21 173750 174696
45 61 882654 891994
38 23 543809 549880
37 14 479600 487574
26 15 745655 745923
90 17 90010 93121
10 44 821212 828795
25 45 672737 681953
87 64 308256 318245
62 73 963315 971662
80 95 582886 589286
63 61 455327 463532
28 79 898186 902293
4 32 89345 92050
41 5 894510 902048
56 30 348786 355116
86 93 970507 971230
53 22 113407 114596
51 8 36235 39578
76 85 934849 936698
66 34 434886 438021
96 66 346210 353515
66 67 646082 654892
22 97 727958 733931
36 20 316759 321194
41 47 141463 144865
58 17 182703 183172
12 71 480504 482694
16 97 539476 546231
57 28 789509 793999
42 99 157843 160938
60 70 61125 64253
96 90 76415 83657
43 32 840248 842397
30 92 417726 423909
50 65 121307 123203
40 81 774241 782587
70 93 389552 390699
98 11 906478 911892
85 51 582189 587872
0 88 994478 996836
14 88 790088 792460
58 48 944955 953826
47 38 163353 165695
98 20 875119 881778
3 62 830469 835577
41 92 796112 799342
20 73 805631 813136
7 19 15560 24307
0 5 633494 636889
11 71 769606 772615
69 35 948350 948668
78 48 242863 246469
97 26 587895 591599
40 69 846531 848089
24 59 718812 728567
68 57 275001 282298
13 76 240887 245323
15 15 720156 727237
14 45 37631 43716
77 35 587691 589916
34 21 938273 939598
31 68 3531 9338
47 77 184776 187711
35 52 412123 419734
36 15 651212 654255
49 78 685021 690039
19 73 482279 482928
20 68 822858 827609
92 16 99432 107379
99 37 939118 948181
91 5 263418 263937
98 36 529146 536329
65 4 282188 290013
25 89 683110 692738
99 97 769636 779575
61 53 530772 535624
61 32 576996 578113
77 10 484339 488562
67 96 223078 232858
74 69 388615 396915
101 77 73533 74465
84 46 725545 735135
28 39 692240 694311
27 25 9487 14742
97 39 453880 454919
54 66 408383 417269
8 96 203582 210176
35 93 281138 283347
100 35 680699 684413
51 88 518992 522345
8 85 680325 686609
3 57 663766 666921
101 82 552952 562597
29 8 927951 930609
13 97 599395 609015
32 12 733844 739715
70 40 843829 847382
68 9 29145 31875
50 88 2592 10761
4 90 768273 772615
65 92 267645 272542
88 90 933810 939757
32 74 93803 94072
81 50 74297 81653
69 25 164390 172110
37 75 204019 207495
38 89 531779 535724
74 64 898805 904756
1 32 924382 927227
58 66 357543 360187
2 75 556464 565200
16 57 493871 498604
20 77 727896 729075
85 56 87667 90625
29 23 872526 876552
59 42 273957 279676
48 52 569492 577288
72 71 947555 956370
7 15 939854 946744
47 32 208667 217455
76 18 731845 737493
101 8 406793 416294
9 60 376637 381961
1 33 921576 922362
77 72 564636 565032
7 84 139184 144273
24 24 245721 253917
70 23 736091 742260
91 27 497111 499734
45 86 287678 291479
81 3 188597 192625
57 33 745284 751277
46 30 813917 823182
13 3 682537 685157
7 25 266407 271306
17 70 559431 566523
54 32 29506 38357
66 33 246888 248729
81 31 930041 934605
83 46 508510 514753
22 53 762364 763367
13 84 707163 711632
33 57 47424 51533
44 101 294385 298386
64 32 342568 351616
96 94 874398 875215
101 27 69208 74231
90 93 633981 640428
56 62 709138 711893
100 64 196279 200103
54 35 113330 119437
83 52 197458 200764
68 59 927000 927859
56 72 99211 106728
56 31 242574 249018
3 25 120272 125499
75 27 962395 968975
26 12 314757 320085
31 17 776945 778878
94 100 803293 803670
25 16 882393 891071
87 30 787270 792012
93 74 424388 433972
6 99 43876 52841
24 10 667900 670622
98 83 712460 716679
76 100 149843 159037
90 33 253691 263099
11 52 709270 714204
28 1 628511 637450
96 18 474246 478105
53 27 376184 384792
27 26 785979 790641
39 46 303455 311463
37 11 592171 599767
22 13 117188 120619
72 52 426889 436478
84 15 385687 387649
80 87 622252 631436
96 14 361211 361826
2 39 444693 445222
29 22 300674 305530
59 88 946565 956096
11 54 58418 60566
23 4 755538 763317
27 90 975494 984463
93 60 404319 411023
60 12 790829 800256
40 34 190004 199463
54 37 161261 163752
46 51 496850 498919
94 2 136681 145518
8 78 198931 202894
37 84 356375 359131
27 97 329005 331999
53 75 506625 510503
79 2 884749 887428
85 58 529174 536976
5 93 236217 236446
33 45 890602 893180
47 89 984062 987070
93 39 688915 695609
65 90 56568 61141
38 61 172238 174031
40 98 22422 27727
76 84 164570 165458
46 84 216895 220664
16 70 178345 188282
89 55 911751 912021
55 99 735197 739730
31 41 599551 609159
36 72 497597 502041
74 101 142873 147471
48 45 670243 672854
98 24 2662 8446
79 52 812639 816524
55 79 522449 529138
48 17 126591 133168
36 81 958007 967494
52 88 107914 116859
1 65 115479 118219
48 96 197477 206396
83 97 427776 428018
2 45 953099 958341
29 46 346972 347959
63 74 670547 676611
81 91 246231 247935
59 37 797935 802254
13 78 92749 92868
84 16 5073 12332
52 17 331978 338000
34 65 824603 830329
62 76 457301 461110
10 30 189257 197335
76 75 479469 488770
68 67 152141 157104
36 52 447763 451983
59 17 10449 15484
65 31 960256 962529
87 40 615233 623760
23 69 822994 823119
18 74 638487 639643
37 87 514948 518613
50 8 750547 754395
49 13 266002 269066
47 87 396554 406231
35 66 647038 652386
11 43 336615 343859
58 50 388327 397107
68 45 610452 618880
40 62 519272 527415
68 5 573845 580052
44 48 197994 200576
52 11 451173 454016
21 84 782795 783653
93 25 841846 845893
23 23 265502 270575
1 10 213692 221913
101 40 137873 147049
34 46 58757 63980
71 35 986945 990074
64 78 268426 273965
45 28 964080 971978
60 58 181045 186992
8 72 334123 339049
7 78 190505 193073
1 95 12692 16223
90 31 12747 22605
16 64 918232 926789
42 41 644507 654380
10 14 567550 576379
84 59 828246 830009
24 5 134491 144131
14 91 387745 391790
2 77 381718 385082
0 71 241174 249470
15 44 723179 726794
61 18 15187 21717
77 91 30092 32053
71 22 444534 451898
23 46 159454 163956
61 81 247154 251083
81 20 972795 975821
51 57 411979 416266
16 98 707733 714011
78 67 653021 661285
40 92 944415 946316
77 13 171492 174964
6 49 647562 654933
94 56 657685 665613
12 38 463295 469148
86 28 801511 808163
75 62 769271 777850
78 88 119343 121006
17 2 208818 214424
30 56 212386 215215
24 3 797582 800816
79 51 697208 698802
85 12 869083 873651
6 36 221279 228126
77 42 295928 299202
94 85 688879 689752
69 57 997090 1003185
87 3 926345 926739
61 25 749888 759305
88 74 194115 200022
92 78 966173 969470
18 81 652060 660764
69 66 897038 904526
71 87 789541 791224
17 30 23321 29280
23 96 75695 78592
64 53 660896 668454
10 48 922042 929531
51 100 369932 375129
26 1 57526 66607
16 28 329663 338201
63 26 678083 682249
78 13 77568 84629
15 34 505225 505998
36 17 571595 580911
55 34 79072 85227
11 8 868416 870464
48 90 478306 480713
97 41 925928 935850
1 14 645155 646563
67 90 37859 39084
96 92 226452 231685
77 11 991901 996789
19 63 46470 48167
60 36 315347 320234
50 92 676715 683580
5 46 342934 344311
74 19 652212 661987
24 0 95762 96303
31 8 225032 226120
39 5 557499 562862
50 81 978886 987686
101 32 752626 758221
7 20 717038 722607
66 14 369487 370845
93 44 768174 771472
88 78 308002 317435
46 76 348583 352052
8 82 944096 946505
54 0 360125 363993
100 54 740724 746169
39 3 823682 827005
77 30 540120 547055
74 4 627299 636627
81 57 164161 165041
26 8 37325 42629
60 2 920276 922670
3 80 373164 378438
36 89 637660 640618
92 79 103393 106882
0 9 974281 982955
65 74 242099 242277
32 101 632150 640201
37 60 384052 387075
19 23 382621 385236
17 36 329729 329949
76 25 929056 937785
15 92 462947 467779
81 24 460244 460572
72 45 624267 633803
29 60 957019 962103
14 36 107076 114375
23 13 732499 737956
44 50 548952 550556
68 61 542233 549233
30 71 304400 311475
87 63 637946 644380
0 2 515343 519414
38 44 504004 504524
13 64 890231 895534
1 15 120728 123129
58 37 410368 418356
38 81 18219 20782
13 98 654301 659225
16 42 520158 524123
60 97 951334 958671
40 42 348139 349187
53 32 127953 132875
75 28 382429 390511
51 53 921724 926529
86 20 29389 30448
85 67 888042 893540
1 52 134540 144442
59 94 767085 772748
10 15 136411 146001
13 13 547256 555319
50 11 839382 847117
39 65 830980 839137
92 4 960273 969940
67 72 611853 615987
73 83 160770 161659
98 28 106552 116365
16 66 684929 689122
29 92 604619 610248
5 82 964754 970378
42 80 267829 268905
82 10 810436 814455
32 23 266310 275972
81 8 684107 693613
82 19 276576 282918
28 27 474714 477539
97 92 136874 139230
26 54 53619 58842
70 26 590614 599853
86 54 387006 394968
89 48 746287 750818
55 1 642477 650344
97 57 322091 325038
88 15 53989 57122
58 90 846660 852882
67 17 894258 896789
58 59 3967 5523
41 99 622344 626161
88 64 476431 479612
94 81 141936 146991
54 16 493600 501866
101 80 167954 168069
80 101 894462 901601
74 54 855974 859232
81 89 536893 537429
20 97 385195 390436
79 84 668715 671040
42 77 293096 300149
24 44 994846 998741
60 40 960936 969252
4 81 154416 160518
55 61 932457 938730
84 96 644532 648294
80 51 691218 695140
38 35 788203 788771
88 58 408616 413435
31 18 909608 917848
38 24 592058 595432
49 8 701946 703499
45 97 262254 268851
31 51 104189 107508
32 50 192614 196538
28 78 957239 960960
30 89 631630 632539
5 96 541472 547496
93 97 12040 12393
71 78 65878 72413
45 39 779667 784016
43 55 237257 239772
68 4 69637 75057
18 59 876562 884017
69 20 682357 682719
75 53 642283 642730
42 93 818434 822632
95 82 259255 266735
82 60 310102 312345
76 65 835198 838871
86 19 472798 482487
93 0 145989 146093
33 73 648351 655485
65 57 596268 605988
20 18 864026 867589
39 47 279378 283005
98 5 317290 322557
61 11 30700 31702
67 14 518662 525831
34 42 808189 815569
0 54 778312 783799
25 26 394593 401249
27 7 346983 356608
25 36 663843 673562
45 78 199659 206471
99 92 950462 955370
90 48 489726 498036
65 14 779796 781444
89 42 358914 365644
7 32 948412 957384
14 13 373126 381042
55 5 404558 411825
56 40 983626 992785
31 81 987519 992912
92 97 738720 738832
94 66 109827 115748
100 94 60299 65638
11 42 657330 659771
89 58 102207 103238
85 65 928490 935520
17 42 305250 307125
51 61 347310 354489
47 67 759381 760289
65 76 923025 924653
61 37 797696 801159
87 42 274257 275246
52 70 652905 660674
90 30 739368 746040
91 0 139319 145440
32 88 885420 891066
86 48 62528 65278
50 95 888097 889145
45 88 273777 279658
25 39 408682 417648
19 46 386470 394923
94 54 598796 605518
76 57 676204 677711
80 20 644271 646071
41 81 353106 354921
44 22 899249 905871
0 7 433921 441751
61 72 72249 81532
59 58 694078 698249
78 11 154843 156085
88 22 83184 85989
60 9 835008 838866
10 13 146309 153793
46 27 81183 82486
14 7 609225 613552
37 97 406911 412957
92 12 96043 104644
63 55 240523 246063
76 45 200069 202012
80 63 940112 945355
56 8 217229 225011
65 27 387066 388069
56 11 271863 279178
90 57 324700 327542
27 69 547988 552027
54 9 769585 775092
74 44 59507 62589
36 42 250550 255689
87 32 537152 540742
96 44 977955 984063
76 52 44377 50751
69 28 6664 14401
7 49 259473 268606
11 46 868171 869905
25 37 701261 706263
100 37 536706 537220
18 44 676246 685107
15 77 841768 843292
87 22 965848 971843
3 88 910816 911698
100 17 781140 788184
34 71 108269 112375
44 98 209907 213291
43 52 523083 531186
63 77 464135 470691
6 55 460719 468604
81 11 462546 463580
55 71 424286 432076
57 97 251016 252299
17 60 244696 245371
59 91 867984 875025
35 22 764707 771224
77 67 915194 919456
19 51 95530 103755
87 59 800450 810290
29 27 723679 728384
31 101 367274 367366
48 74 864563 864648
98 30 348874 358836
4 89 998624 1000580
67 64 950732 956291
55 40 236658 245254
59 96 516385 523283
22 31 770709 771412
85 21 465867 467433
6 64 231276 235170
3 5 423510 423814
23 86 380476 384306
44 44 569830 573430
52 47 780797 786201
14 34 919011 926520
33 36 779555 785055
17 58 761307 763774
74 67 881642 882255
24 67 864385 872437
70 72 160341 167218
25 42 47131 53091
76 2 817883 823836
76 24 300123 306101
85 78 908368 911295
46 23 541126 549085
66 86 469975 474333
32 66 905345 909530
88 70 197468 202995
31 40 186157 189462
84 5 483423 489223
52 37 68369 68555
83 48 943116 950229
1 86 384078 388599
75 98 765632 772529
49 50 579955 589659
43 100 200168 208411
8 31 691317 695846
29 96 846825 848448
88 39 394966 401421
5 81 139221 147726
48 24 830335 839702
45 100 647183 651034
7 82 578986 581537
95 101 106393 112466
22 51 161789 171382
1 35 527139 534475
90 18 772633 781560
31 61 75298 82558
89 95 847748 852355
85 37 338130 344964
96 87 674377 684045
5 47 290311 297334
23 43 658696 664299
71 20 376478 384950
91 30 973779 980579
82 33 921190 922745
99 74 464943 471855
64 43 994810 995075
74 61 93398 102830
15 73 932523 942231
38 83 832913 838674
50 76 700190 701312
19 74 937292 946216
70 81 244691 252688
37 94 743000 751330
6 66 108326 116440
78 98 43714 46701
55 42 89778 90017
1 91 235160 241397
61 38 48484 49253
18 22 825454 835356
64 17 227890 228891
22 76 684687 690991
36 92 302285 309388
92 65 192053 200953
19 56 977776 981515
69 8 90921 95239
14 99 767356 768087
78 22 367053 369920
51 70 924064 928977
15 40 780996 785328
12 101 809219 811506
89 78 395662 404999
38 37 493217 498313
76 31 224558 225902
48 99 968532 972086
49 59 56807 60687
75 21 892217 893980
8 77 562537 572366
75 13 550679 554416
100 1 453812 455398
75 22 343869 353815
97 61 965524 966472
91 10 698624 700168
2 14 263660 271642
37 36 880352 884917
92 76 153115 159999
77 28 287299 292224
81 60 349615 357322
20 48 863277 871329
78 57 795385 797733
62 21 888843 896052
52 50 438913 441228
84 11 92419 99943
80 56 857732 857942
26 31 859710 864107
38 8 12649 15925
78 46 135528 137740
74 2 314375 315397
67 85 190410 198787
75 1 765655 770044
63 46 926096 935919
43 67 983882 993154
96 33 669320 677851
38 97 380947 389269
7 37 124162 125020
80 74 115 494
78 97 311940 313909
56 22 863645 869073
3 100 927678 936683
80 67 631879 641626
4 20 209213 216791
57 53 26929 28125
88 50 896614 903752
1 43 709527 717108
67 95 321455 330847
86 7 563827 573611
60 30 630314 638869
54 19 703809 710212
83 55 721809 724872
40 12 460874 463274
93 85 918587 924636
29 78 427602 433002
85 66 885226 888186
52 100 623331 632108
12 47 775336 783097
9 87 260293 261574
70 45 476609 482729
78 44 744479 750494
57 92 617202 625220
87 77 957814 960232
13 42 497068 500308
81 39 574832 577103
21 92 196689 199361
94 52 157872 161048
30 10 836426 844556
32 85 151394 153029
7 51 670171 677377
64 15 840438 848850
64 83 95810 103689
59 26 546079 548565
63 97 482334 482824
51 42 74301 81857
72 18 215616 216876
85 92 902609 905985
43 56 187672 192884
20 85 833832 839531
101 79 236107 236793
1 82 266801 268535
36 3 699433 709055
99 91 177026 181636
87 6 793815 801092
83 23 837547 845783
56 54 895209 899698
16 87 102042 104927
66 68 482321 488031
93 36 780645 782972
47 65 535493 541519
50 53 315255 319326
99 48 795825 800398
3 33 718445 721724
95 85 838126 839266
54 12 496788 499783
68 13 391529 400565
55 14 71801 78743
32 30 316022 323144
43 80 395952 401327
19 44 191076 200861
62 65 951346 956662
52 9 467802 477120
46 72 533517 539523
71 34 342654 342786
8 35 816592 825407
36 50 431960 437328
61 16 972459 981472
53 21 546339 546670
14 16 315970 325235
36 91 118348 126585
18 42 875574 878597
19 81 418589 425715
100 27 409062 416944
34 17 344822 350202
97 29 290870 293659
42 62 123269 131027
47 27 765084 768385
36 87 724492 726562
35 64 840027 849584
2 85 468411 478401
23 48 388501 390749
39 72 277102 281711
47 54 753795 757821
36 14 212219 218279
99 61 270870 272871
16 3 395697 395764
76 47 633124 633725
43 12 951902 960923
56 32 883013 884008
50 33 854934 861592
29 1 124996 133889
1 30 789714 798458
38 34 390082 395643
98 68 15064 16078
38 68 885660 886554
41 87 830895 834306
12 3 854513 859076
85 64 478223 481967
75 41 279904 288149
17 59 363428 365422
50 4 321177 325388
56 85 277079 283040
96 97 969862 979518
29 17 104620 108367
30 27 166305 175197
22 67 60026 64860
0 15 234618 243493
89 25 445109 448437
10 28 438206 444252
99 66 178965 186738
46 11 917820 920921
33 21 750498 754442
29 58 522750 526784
13 15 633602 634970
46 42 368857 376450
86 38 104136 105468
39 32 391181 394544
68 11 974900 982138
35 13 391729 392754
42 81 874475 875232
39 49 337143 343563
51 69 2947 9849
58 54 287083 288186
36 35 168679 177597
55 38 324412 324566
1 38 182911 192845
36 7 354037 354133
8 6 650477 654198
97 78 625345 632567
16 94 341478 351089
45 72 217231 218667
62 88 45676 48185
9 88 929437 935509
12 4 393464 402395
47 83 440207 446590
76 82 880054 889250
91 37 445697 453139
25 44 906188 913248
100 3 656763 665316
0 57 65083 73652
100 62 964559 973552
39 24 32337 41976
26 55 495293 499149
44 28 968912 971791
36 96 738275 745415
21 79 116324 119734
60 54 433175 438739
66 94 639989 640388
62 85 800062 802549
61 71 365585 366588
3 37 37180 45262
22 62 206583 212249
93 1 69031 70923
62 17 729750 735024
20 46 588370 590638
34 22 291908 291919
47 84 380743 387125
72 86 768183 769591
53 29 439703 442062
93 88 674001 675410
27 47 494576 502051
19 13 604622 604840
31 95 19401 20778
18 63 2478 4155
58 100 414931 421842
17 24 6608 16276
31 97 159506 162391
23 22 847771 847850
72 23 726252 730643
14 58 366429 372537
100 99 31316 35543
44 89 944239 944807
14 9 514223 516848
60 61 937394 941653
96 40 466115 474680
48 69 773853 777477
100 40 390392 399263
20 95 432818 437377
73 56 847195 851014
62 75 779433 787788
61 21 509486 515409
91 18 690644 700510
35 98 307612 313715
13 29 862327 872163
25 71 446952 447722
14 18 346540 354959
67 60 185815 192664
17 44 744249 752955
59 86 51493 56003
75 2 975072 978670
42 11 224654 225515
45 12 453000 460726
49 67 765635 772653
71 2 461583 462561
55 41 879374 884709
22 0 258636 260512
47 85 443909 444565
90 34 437704 446923
52 86 326204 329284
78 82 652410 660967
63 33 496174 496943
84 85 163596 166116
62 40 282364 287047
23 55 121767 125265
79 44 731063 739591
84 13 277559 281191
34 70 599369 605864
16 48 614842 616968
41 36 18751 22681
36 5 19051 26126
87 19 610617 612355
23 20 449344 453745
89 38 823282 824113
63 57 46045 46381
40 43 364855 367085
75 73 921091 929230
79 37 613201 616928
92 94 39378 42279
0 10 330564 337485
85 89 288353 290309
99 44 749514 756014
82 35 922886 928718
22 1 892882 897098
34 82 728943 730530
84 27 676266 686090
11 17 43070 51405
94 30 585595 587365
49 65 349973 355404
13 22 950856 951047
70 57 387885 394765
60 13 342819 351172
67 19 463447 468976
71 54 733062 735649
83 24 855711 859372
44 43 97853 102638
2 24 260184 264084
76 80 551034 554653
39 86 616097 625176
21 57 719729 729411
64 95 861779 866392
56 51 69784 71739
74 75 581540 588382
86 33 254856 254934
79 41 807692 810624
52 52 909175 910825
64 39 53216 59936
61 69 857182 865376
78 33 441928 445504
94 91 70167 76082
57 13 500955 501557
77 16 423490 425271
62 63 655735 658891
20 44 997673 1001285
61 63 203143 205369
27 46 516752 521000
101 89 527792 530033
40 9 773095 774963
74 20 186043 191153
11 68 267828 276336
18 58 723454 726685
36 2 640871 649323
90 3 523687 532836
17 51 924621 929256
67 29 477834 479390
43 6 850599 853342
77 43 116483 123357
15 1 644440 652935
57 71 780927 786894
25 27 567486 569140
74 37 387654 392208
29 6 488168 498052
17 23 379562 384070
87 99 63355 71485
92 5 63076 66131
48 55 626962 629280
25 99 735423 739457
34 15 143469 152592
3 60 862362 865008
63 11 705375 714257
41 6 479418 482262
55 33 405381 411143
32 28 777206 786103
69 9 354365 358609
37 10 76777 85277
4 78 529506 539266
90 96 806227 814748
4 101 412073 414672
54 81 220508 226522
31 78 626939 631362
23 32 754752 757029
96 42 610573 618262
35 28 684665 689078
80 70 507185 516762
68 35 341874 348770
35 21 246429 246485
36 84 160805 162517
80 94 622723 627306
73 82 410738 411060
15 42 339938 348913
29 9 339719 341358
4 66 143661 152694
30 101 958737 960698
101 3 93457 95693
96 32 287368 291034
59 81 651200 661143
100 29 269251 269562
50 84 189045 194230
27 39 513108 521143
48 56 430060 430214
31 62 468665 477663
59 21 228480 235949
15 31 355652 360570
95 41 976614 979886
54 20 991506 993796
2 67 640575 646105
2 97 539616 541701
81 67 192429 201579
76 15 902745 908821
75 0 545188 548584
15 3 611227 621097
25 90 250907 259391
9 9 406027 407907
77 82 806492 815995
8 29 891856 897670
82 34 899923 900046
3 69 785762 792300
62 74 2669 6644
41 31 862031 864502
49 15 305907 310605
78 73 666849 673096
12 33 598602 603161
24 84 360747 364886
50 28 191697 198780
89 1 838086 839146
73 52 848045 853980
82 7 606497 607254
56 38 940725 948990
38 87 106209 113740
60 29 838513 846371
66 78 521552 522781
17 78 551493 555448
51 73 992184 994580
86 80 99456 107149
32 57 134418 141275
53 64 213236 218352
91 77 441064 445046
14 37 850207 856549
79 67 422169 429703
78 75 910191 919968
9 39 116250 125819
6 46 902225 910355
39 27 501904 503896
12 70 366424 371636
77 52 249911 253933
101 83 99417 106163
39 41 951720 954091
74 22 198541 201717
7 23 58752 60602
54 4 504925 506498
86 64 888460 898419
77 38 847395 855655
33 53 785018 789506
30 49 62309 70106
98 45 256591 264717
24 23 708476 714275
43 23 493921 496654
8 59 914205 915199
65 79 405104 413194
93 15 906234 911542
91 96 916715 919801
54 43 783462 787434
96 82 67831 75644
5 72 481753 484975
3 50 323717 324366
19 28 481858 482874
20 69 576462 580772
1 69 589609 599489
91 100 855773 856342
88 19 443881 447339
101 17 637906 644397
23 6 658901 662732
79 46 617651 620167
8 60 731318 737849
12 32 542044 546553
61 80 85743 93297
7 93 80735 85402
20 80 396180 399798
56 90 120509 124612
44 53 188761 196731
86 56 467606 470064
7 3 15229 20058
69 64 829719 836004
82 3 341335 349582
9 17 583360 592272
72 7 485166 490222
25 66 957928 958314
58 16 252919 262187
35 58 160382 166459
99 9 846327 847752
76 69 367671 373136
63 24 898072 904900
55 27 700584 703724
56 57 708069 716442
25 96 110932 113524
44 96 635486 637079
39 29 399006 408264
89 12 252405 256875
66 96 855049 860790
15 36 58070 61132
55 45 874365 875304
73 27 12993 15035
87 27 933352 934878
37 53 206579 208141
90 90 636032 637192
19 42 949803 957696
47 56 608013 612868
50 16 190715 197221
1 40 470641 471164
46 34 855673 859638
51 90 347520 348750
47 69 977502 985956
56 76 389331 390730
8 26 449754 454249
83 76 935145 943190
6 100 51250 58764
66 31 17766 20776
74 18 464382 474281
76 59 683822 692867
48 1 518486 519139
