9 583
67 40 365708 372830
15 92 672529 674761
11 36 894354 902082
50 35 836019 840833
80 16 465391 467682
89 94 217087 224231
99 71 932607 941613
48 42 491564 492192
45 8 452811 455954
91 71 503857 506892
70 90 913221 920631
21 46 303182 306005
76 50 249314 251422
79 18 930998 940015
101 68 227848 229546
53 23 868329 875762
23 0 632155 635982
48 80 789032 797684
17 33 661421 665605
9 96 715628 723474
1 41 921492 930513
38 33 216654 217974
2 70 109814 110169
32 74 134270 135450
40 13 481376 486403
74 51 863947 867806
70 37 65191 71276
90 52 914248 920949
21 5 396457 404469
94 55 31507 32507
88 99 346552 353605
96 62 861503 870873
25 44 874839 882226
77 22 238347 246638
19 40 599300 608687
17 72 470908 479792
53 65 776279 780473
99 94 476232 481534
53 31 607112 610899
13 68 43722 47579
84 44 105594 114408
88 91 689077 693745
93 53 638796 643267
56 25 159189 167082
28 46 286503 286835
56 7 884874 894752
43 16 704941 714409
1 74 185039 189124
97 99 179696 184844
3 55 5754 11864
27 1 68244 77981
43 84 174093 182973
48 55 183012 184557
82 67 361437 363135
20 32 340236 347132
52 34 227397 232875
13 98 157966 158880
100 92 979821 987125
96 38 288727 296211
76 101 39961 41702
28 35 514088 517039
90 14 736606 737072
92 100 864664 864943
19 0 464946 467088
19 15 584035 593440
33 85 378421 381630
22 55 445622 452772
40 46 57548 67466
74 16 733897 743452
101 54 933667 938697
1 100 557248 566085
47 35 748630 757942
50 53 219584 221602
46 35 491027 495106
73 65 264523 270509
24 78 512353 516122
79 1 626166 627272
59 70 755219 765092
98 96 146591 149698
87 59 430372 439161
76 81 202986 212034
70 31 746858 750141
96 41 238063 243540
20 38 784215 788553
23 43 420517 425336
86 31 479853 481955
96 33 672451 681736
59 0 972688 977720
55 93 117596 117902
57 4 99129 108955
81 41 471224 480824
43 86 863650 873509
67 3 709409 717709
44 61 198263 201825
99 83 296790 301576
63 33 671183 674488
64 59 258975 263920
35 52 616036 623578
54 65 324130 329175
77 91 718305 722361
64 19 469564 476350
93 100 347728 349254
12 49 361880 363675
52 2 172793 175902
41 27 419690 424011
54 55 178518 180239
52 99 170019 174529
20 88 591634 593769
61 33 264038 273228
25 48 477767 478053
82 99 474920 476047
29 23 441963 445211
17 0 601325 607230
84 48 340511 343150
5 63 389055 389269
101 18 160415 160978
94 96 776079 778918
65 41 120136 130107
73 41 526451 529068
61 21 72498 78191
85 56 561393 571063
75 79 766119 771677
2 93 854198 858803
30 59 667633 675400
18 53 799389 806753
35 38 271057 280374
13 92 641207 648066
8 16 132504 135074
19 81 387884 392296
55 92 366443 368875
62 35 804282 808166
0 60 751436 751474
52 86 21133 27092
21 17 470838 472481
68 47 486585 496442
94 77 629226 638853
0 96 54765 63064
59 87 839599 846296
17 13 821778 830465
61 20 947143 955702
55 39 897079 897215
11 82 433249 436294
45 26 85770 89908
46 21 436549 441688
4 28 382293 386790
46 12 828785 830681
0 12 113362 122563
45 61 684051 686347
48 101 613546 615742
4 90 224864 226427
47 67 365433 373499
21 87 235623 241170
95 97 915278 917695
99 20 390149 391791
41 46 479759 484638
45 7 456336 459200
85 101 386012 392209
1 8 991651 1001253
13 34 916324 922772
40 38 318909 319765
16 39 243559 249098
18 42 236217 242377
14 86 121819 124003
99 19 885930 887885
65 43 924496 926454
72 26 588702 596109
52 68 119283 127232
56 75 799729 803333
43 3 317645 318669
98 24 659700 665416
15 86 895354 905292
36 17 137398 141960
45 31 819747 825578
86 97 151619 152732
38 75 728588 729877
70 81 534905 538395
0 65 505403 508531
99 43 743632 747371
97 100 901654 906877
51 5 481582 491220
59 99 399053 404533
96 79 23007 27151
68 44 76639 83295
4 91 38481 43976
19 50 254560 260023
73 47 540628 546263
100 61 595149 602069
66 95 345010 347527
45 77 369098 374203
81 4 305600 309173
41 31 461998 465735
4 70 13722 22117
31 83 821633 828805
28 11 508626 511879
8 92 378430 384904
10 18 744932 753608
54 63 760260 765139
21 47 893242 901507
31 65 884240 893536
26 91 757953 761694
22 101 955099 962886
46 101 530706 533502
101 99 16456 23060
14 32 183340 185996
76 17 161187 165141
52 40 893735 900286
44 4 212477 215184
28 81 614250 617999
39 17 168070 170655
91 81 622916 628662
82 11 956108 959861
26 49 246162 253900
83 11 632879 635607
19 41 322976 327326
82 91 729813 730358
36 81 355588 357046
71 51 338569 348564
12 5 918699 920537
51 33 544702 547120
15 101 819858 826169
23 29 261473 270409
90 0 532796 538231
4 84 942862 948992
67 36 396590 401039
81 65 590311 592588
5 82 358070 360566
81 77 303269 304619
95 101 487181 489401
7 70 903663 905037
91 77 715225 719087
88 22 653361 662587
43 51 720723 721840
66 65 431145 438621
60 0 821968 824830
83 74 162170 162477
19 87 677811 685024
36 78 400186 403417
90 77 705644 712336
73 60 371465 380410
5 31 873160 874349
57 90 945029 952003
57 59 233358 240877
4 20 344249 353973
22 53 366185 372531
69 26 757812 767137
88 90 285511 288926
55 5 373118 373849
63 75 35436 45240
28 31 418496 425698
1 15 223614 225147
12 83 374779 378792
94 61 150018 153378
19 76 279089 288830
10 22 900690 907392
65 49 159106 162289
81 16 439757 446011
16 100 160350 164703
59 61 190873 195352
84 79 171047 175070
90 73 705172 712014
85 73 736260 743634
6 60 575213 577438
23 27 684845 686441
89 34 398126 406498
4 101 559211 561846
49 52 990120 993043
21 36 25578 35530
25 7 860694 869455
3 97 947811 948179
7 5 521530 528440
92 25 385970 393320
95 92 695497 701160
7 93 860840 866203
55 81 535554 544794
73 89 173294 178594
49 77 275438 275974
88 18 129526 137306
50 88 289239 295597
68 26 276780 278194
65 77 889247 891912
20 39 916507 924155
74 25 78532 86108
63 73 827232 835257
80 59 140024 147795
20 101 210882 220866
5 67 750355 758988
92 28 717770 722972
24 83 924336 931118
58 77 102742 109125
41 6 224442 228743
45 5 542700 544227
18 56 402138 409603
52 7 207936 213047
48 26 949406 950830
22 94 957380 965425
80 30 155819 157255
78 62 779207 786454
58 70 15761 24587
97 87 192540 198652
63 17 782075 790705
17 28 225930 235195
40 96 828052 831763
5 59 296562 297771
33 15 747343 754645
48 90 456297 461721
74 1 448963 457565
30 79 216162 217478
57 61 572893 578232
54 61 712813 718071
4 12 916290 924398
75 9 706281 708181
41 0 949845 954780
12 85 947032 953585
96 14 761282 768034
64 45 420267 429411
2 14 673532 683203
83 79 158175 165471
92 80 938337 942031
92 0 304056 307324
58 19 368258 368683
3 24 502851 504640
88 26 307558 309068
73 0 622624 630643
76 58 998231 1000230
42 35 718028 720130
55 65 48683 48867
5 38 699343 709129
13 8 737713 746953
0 0 538641 542931
20 33 362724 362877
101 8 169371 177901
50 100 800765 804361
6 89 831553 833438
53 79 787840 788752
39 29 358407 367404
96 92 648685 655922
53 1 489184 494682
44 73 373367 377359
66 70 823795 826374
44 17 988988 995118
48 86 568041 569181
12 79 890139 891586
23 17 571746 579297
10 11 586371 591794
96 77 736757 737957
95 78 545365 547130
10 69 60231 61854
23 18 966735 973409
68 8 254806 262718
90 13 134636 136631
59 5 77783 81323
90 101 533752 539060
91 92 475651 481683
87 24 724394 730262
90 2 343082 346798
5 23 929480 937077
46 90 528692 532882
86 64 942956 952666
47 77 49546 53026
34 27 743658 747626
53 25 938394 948357
42 100 459047 460710
76 0 418954 427269
35 68 63010 68205
6 88 742485 746808
21 53 245902 251952
64 64 519442 522903
24 29 862161 870874
26 39 460089 468985
93 2 681210 688259
28 97 716829 718683
99 81 280703 290127
83 21 679963 683498
90 6 91954 99612
14 66 673945 677676
1 97 656665 663505
82 46 35445 39762
23 33 353309 354105
56 96 168238 173483
84 95 342080 349820
56 85 351817 358326
85 13 185870 192876
29 17 27775 36191
80 79 870638 876975
59 86 790838 795405
35 15 49175 58916
67 49 985 7332
28 45 178558 186372
90 38 878353 888214
67 4 136260 137251
89 67 740640 743437
49 13 153632 155229
83 47 552618 559575
18 47 497927 504114
100 59 45165 47560
41 18 280138 286279
56 22 946024 951756
88 46 172210 177073
94 15 229590 235243
49 67 627414 631581
86 78 336533 345061
62 94 163464 169138
68 31 693977 695713
91 31 82337 83907
49 34 884508 886653
1 18 104563 106747
17 11 499081 507551
44 91 687277 695107
41 52 579340 584432
87 3 326453 331331
9 75 874396 880143
82 63 796041 804189
30 20 570577 572986
71 54 777390 783175
69 76 937491 942638
35 60 395011 402221
75 31 50863 56872
11 81 519652 521008
76 98 514676 515413
47 66 670986 674375
41 47 851574 854213
83 62 36985 43122
36 60 859542 866563
55 10 541737 546302
66 35 195223 202328
48 95 305044 306027
67 38 832349 839983
11 77 878118 884027
37 62 604903 610650
16 89 400291 402097
31 5 892534 901432
14 95 987085 990637
4 10 780910 790541
35 29 908915 917985
24 22 36994 45148
71 32 648993 653896
94 12 393310 398911
30 28 712678 718343
48 45 984783 992870
37 49 14355 24063
60 96 897470 897625
51 65 894605 902405
61 52 597055 604243
4 40 489270 496407
93 4 614669 617251
23 99 686096 694999
70 69 699270 706144
94 7 87810 96439
5 13 329200 331999
37 8 179511 185879
87 47 81185 90228
58 23 483883 486986
2 77 637698 637967
99 37 385359 388723
74 2 369941 370245
25 96 503308 507395
101 33 694783 699844
85 2 140802 146056
57 67 746912 747711
17 37 800911 807493
34 78 423613 425445
91 101 826051 831573
81 85 796400 802668
31 88 685126 689518
4 63 405406 410513
55 42 514222 521640
49 2 306767 316089
91 76 824034 830959
78 44 239830 246457
42 95 316967 317652
80 76 354169 359184
67 39 969492 970171
5 47 49731 50574
73 49 274596 280687
56 40 720319 726947
34 5 547420 548570
2 7 450527 456370
83 12 68299 77817
98 31 15495 20331
17 92 415343 424207
42 16 525354 531640
15 98 442175 447604
64 2 477071 485157
90 34 583788 584550
3 64 426622 428331
95 8 269142 277985
42 53 383082 387234
79 79 58238 60364
86 66 697363 703890
83 45 700044 706541
98 60 513846 522940
33 64 587894 596424
80 42 339814 339991
38 35 528879 535525
73 3 70188 75098
21 65 607040 611316
5 56 253237 254555
87 40 801169 804647
33 82 849249 854160
90 63 943217 945239
13 43 935601 939130
53 96 835243 838862
12 99 857558 865249
56 82 341417 347760
24 10 607213 609476
78 1 988783 993738
13 58 245857 247693
37 10 755875 761142
97 74 145056 151685
70 11 356064 358959
75 101 138076 142495
37 25 880104 882444
68 18 577493 578855
88 69 236559 244956
76 47 189046 198986
73 48 278884 284037
1 34 288932 295891
43 99 922842 930812
95 13 41327 48429
81 58 748274 754430
86 43 615723 616009
8 42 280411 281445
26 34 899868 901991
58 45 924680 932314
92 70 410863 414824
77 61 357321 362479
16 1 29759 38409
46 83 694934 696830
48 3 295407 302286
8 90 260842 266491
27 32 390765 399926
15 24 1892 5162
97 93 13633 20485
97 80 831074 833107
74 82 786380 787268
28 24 401201 407400
73 77 556829 565174
81 37 735089 738721
82 89 295251 300063
99 95 797935 804481
6 101 975158 981996
75 73 37991 46391
69 12 755789 756116
54 60 690756 698579
4 30 579393 585035
80 81 680359 689989
78 20 14470 21062
48 98 777416 779665
75 88 463763 470000
39 16 139775 149330
12 60 927235 932244
38 88 555562 555954
73 85 458341 464453
90 46 902323 906566
23 68 924550 931330
90 42 91651 93570
100 66 886383 888368
18 70 733147 738419
13 17 407473 414580
1 32 969172 971184
32 0 551303 560027
8 91 719509 722472
42 85 44553 48781
28 85 805654 813083
101 79 786907 791587
51 26 294834 301101
17 86 506846 512477
84 73 246355 256330
30 32 434965 436036
1 55 169547 176932
58 101 525957 526280
50 96 793266 793807
11 33 520078 522993
99 44 569751 570487
15 26 221628 230132
36 68 75086 83850
59 12 791115 794671
4 80 886042 889700
0 48 737941 739145
25 3 532752 539156
40 64 417238 420539
33 2 753873 758337
5 48 724199 733768
