4 138
26 37 848980 858024
42 75 995873 996167
93 0 956047 956072
50 77 713345 720602
37 101 16938 20299
40 62 621249 625482
55 28 482628 489265
55 81 216287 219173
36 17 528737 533022
6 4 636330 637502
43 12 629236 629881
55 20 420913 429440
43 46 73734 81334
25 53 544153 548565
55 24 566658 566774
74 45 822604 822677
30 12 60780 66181
74 16 169580 173809
25 87 398005 405811
30 17 558386 564660
78 41 500513 509833
7 59 418300 418660
70 3 575478 580369
84 93 417027 420416
63 54 138435 139798
23 80 22525 29972
54 46 447099 449909
22 74 230260 234836
61 43 655392 657584
82 20 844673 851858
10 9 183152 186114
6 33 328129 332385
30 20 988787 992924
39 82 998323 1002103
99 93 167512 172600
52 32 600409 600732
45 47 335577 339014
3 1 50372 59149
44 82 22619 24341
6 47 111023 113542
61 71 263956 268874
12 56 607722 610564
42 74 941440 942881
45 20 590174 592488
94 87 515742 522667
38 12 466464 469920
53 33 969790 974345
87 7 490983 492249
48 20 614469 620767
66 3 876011 882701
80 63 566702 568183
36 78 116533 119447
76 3 773358 782233
18 51 126188 131628
39 88 950078 950094
47 30 199377 201912
92 58 91248 95092
90 22 868067 876320
73 20 852921 858505
10 38 481552 483049
68 19 723737 731205
24 96 876974 886424
75 32 485387 487345
62 73 192899 194725
7 56 473907 477269
6 5 864300 866242
62 97 254578 260625
40 72 553048 559825
58 65 35145 43445
21 37 340222 349962
83 26 571265 575756
42 85 592873 596705
17 9 245436 245644
92 76 663616 672212
5 61 806410 815577
44 95 174031 179992
87 13 227154 236229
58 92 19830 25550
77 4 905480 907851
45 54 267930 273725
69 11 506204 509045
80 42 52708 58395
100 42 73153 82812
36 28 296601 299324
19 2 523143 527282
100 88 319794 322871
67 8 345814 345821
84 61 260699 260780
69 0 603351 611648
65 35 226225 235149
70 98 903112 904305
9 33 409861 417685
47 24 871293 878122
67 52 12110 20476
27 61 471025 477765
39 90 510018 519254
51 85 941668 945995
56 35 745320 751834
22 98 39828 45620
3 50 425642 426281
80 11 658626 660390
5 65 731739 739710
10 19 151888 157675
97 84 322595 324188
14 66 855158 859774
48 27 537108 539105
53 34 701642 708294
68 6 50755 53438
34 31 329728 330878
9 77 531638 540473
44 44 843691 848329
68 94 627764 629163
32 86 803095 804242
93 22 430412 431634
67 97 679473 685623
31 12 255127 259828
46 63 645928 651176
13 20 990253 991014
56 13 3665 6609
67 90 957670 962149
91 66 305614 310716
83 85 225636 226969
37 7 222794 226284
23 38 731517 734570
22 4 542435 543945
75 53 392941 396161
63 32 726516 735159
69 21 233516 235124
23 88 162125 162970
69 68 893684 902482
32 92 512433 516654
98 47 656646 661671
63 72 648931 652613
21 79 758585 758953
80 86 622909 627501
4 83 191438 200538
93 47 951925 953458
42 43 953925 962729
