17 1467
81 87 872006 881954
63 59 467817 476507
66 53 597559 607281
93 19 329229 333489
4 49 542306 551367
26 34 186222 191129
80 34 187127 189872
20 34 336985 343589
24 12 365860 368085
68 33 393943 394568
90 35 764921 765480
49 25 239630 242260
94 67 611524 618096
0 24 755577 761917
39 95 489082 496948
66 83 95686 100281
88 67 432985 433749
0 18 206983 208729
99 86 787648 794535
33 57 208897 209441
5 90 218954 219826
71 4 887607 888262
47 58 7771 12611
93 45 881473 889419
82 101 425183 426057
26 88 962953 971600
68 89 16897 21654
45 67 604949 608435
55 101 176148 184767
15 42 480523 483232
77 21 235527 240656
1 21 698080 700624
21 4 507649 510520
22 60 205098 214368
27 68 220956 222324
40 86 251118 255652
101 57 104409 109238
88 25 937810 939791
72 70 25452 34180
78 59 723158 726418
5 54 180050 184503
30 50 506371 513293
34 48 837217 843142
29 67 157152 157424
3 0 149664 153518
80 15 250425 254478
78 78 241484 250369
48 1 541751 544835
83 90 312621 321927
3 35 305416 306683
36 24 706430 716299
11 14 734473 740448
55 65 423313 427264
72 54 393178 398981
10 72 319345 324309
87 3 332747 339178
97 93 244779 248761
7 31 466136 474204
10 19 640994 648094
0 80 823084 823528
89 95 19650 28164
89 30 217410 219594
97 97 348895 354526
2 96 872290 881582
36 86 633277 639579
81 24 82467 90499
48 20 474421 474843
53 62 926741 931737
72 19 435462 439828
55 43 8814 12696
31 56 354683 364318
31 34 506728 516624
12 42 826718 829537
16 16 480832 489479
30 52 756192 762085
70 57 852232 855565
91 20 563744 569419
63 96 823891 830965
77 66 826363 831692
12 34 518143 522923
100 91 497313 498438
98 66 74471 76041
59 89 508078 511212
17 70 790489 795851
82 95 608152 613886
95 46 155515 159131
29 4 115808 119262
69 29 912499 919443
54 85 96568 103982
29 94 584261 590217
25 70 390946 391971
41 47 266002 272180
51 19 693585 699811
93 62 751290 760703
73 37 543273 545953
85 66 525886 528191
13 2 225122 228909
25 4 670270 677434
82 65 703221 706984
23 30 330403 338992
35 40 699561 704514
93 2 454910 461188
16 73 510693 513617
98 94 111185 113298
7 67 820217 827135
37 82 445633 448778
100 26 337542 347213
89 22 630529 633581
29 77 929966 938153
53 56 65741 67318
99 98 160183 160293
76 95 890784 895193
38 22 572703 580601
100 75 672873 675019
45 48 564074 571289
31 7 936146 943740
71 90 844946 853639
7 9 8133 10125
22 75 648217 651124
54 42 476614 480974
43 33 470625 480273
51 55 605761 609798
2 33 925477 929107
71 60 465690 468620
48 63 377963 386258
47 99 137300 140221
96 26 79325 88277
92 35 66699 68094
35 39 678206 683993
87 47 363077 370748
29 21 577331 577393
41 45 202644 204873
101 96 388873 395388
36 95 896711 902071
65 63 334887 341668
101 8 261412 269478
4 97 374509 380563
39 85 25715 34517
54 94 570172 570995
35 8 881461 881462
1 12 36452 36641
85 70 541049 544806
31 92 796747 799516
62 18 962518 963497
70 75 295087 295995
72 86 593924 597481
6 91 628796 636337
41 69 417238 427136
82 59 456816 460561
28 90 28382 35894
101 73 377547 384890
55 42 991466 997790
9 40 755321 755635
62 74 267519 271226
50 56 209215 215667
88 83 823190 824396
4 57 122488 132249
18 16 416904 418309
46 24 600870 602752
37 37 124662 126896
13 42 521557 530295
6 11 632673 641939
29 99 762193 770225
97 26 734458 743493
16 43 301352 309105
57 50 996412 1005709
32 57 548960 555141
45 23 181654 190346
93 43 928985 938001
40 11 589922 599395
74 82 469603 477612
4 18 765206 766153
38 23 422006 430211
82 8 640554 642515
45 100 594639 601653
87 63 334660 340031
60 59 878183 885284
8 29 153579 161401
83 2 242935 248739
86 90 71412 72786
93 84 236139 245497
0 36 330242 331234
18 60 903907 906181
56 13 732226 740437
16 41 823680 833329
44 2 210352 215012
7 49 930487 939498
73 19 197598 203846
25 44 8890 11103
55 6 323252 324970
69 94 779891 783079
58 27 604473 609046
58 60 99778 100870
18 34 484946 486041
81 96 634565 640605
27 77 954521 956251
40 49 299154 301252
38 58 213204 213469
53 46 378 2914
37 51 228148 232722
34 8 703622 705492
34 67 813434 816483
16 93 65097 72511
31 1 235092 243191
55 86 654808 658156
24 45 98762 101213
18 14 498428 508252
4 42 450351 454494
80 28 750942 756598
49 95 196959 201239
27 82 632493 637985
5 71 782101 782609
50 47 115422 124909
95 71 193333 194752
70 70 736024 743115
47 61 433362 433558
46 64 305226 309237
5 16 725463 730805
39 52 318587 319163
70 78 847364 849786
81 55 694701 698108
49 62 290123 291536
89 35 917852 919883
94 101 397688 402478
38 81 197334 203997
76 65 915743 924581
47 74 754259 760161
99 29 810859 813518
8 10 757000 766481
45 64 902838 904920
17 32 67289 76980
66 26 84294 91185
52 90 758729 760644
97 88 38193 39984
11 70 881060 885650
15 94 30004 39879
16 54 585055 594809
48 78 424198 432064
92 74 988941 998453
17 61 797945 805475
45 38 644702 650956
44 33 200317 206458
75 23 76237 85159
73 78 703063 711416
54 66 170488 180089
20 56 623904 628649
35 68 655669 665203
39 5 460590 463151
100 20 764606 766469
81 94 711190 717459
29 35 804177 806026
61 14 71105 75972
61 65 941080 950342
86 46 298881 300935
70 54 861009 865082
65 93 774095 775295
24 23 399476 400078
100 24 298137 301402
52 32 642935 649487
98 51 100634 101556
77 85 992596 1001481
75 99 709531 717382
51 62 247762 253133
20 5 441597 446443
71 49 254732 255762
1 57 923144 926307
11 79 264252 265756
91 33 592344 596480
98 50 954979 963797
7 82 713986 715340
30 18 360261 361942
21 28 408051 414972
49 7 190902 194813
1 67 878856 883893
17 74 120527 126276
8 7 954334 957539
42 100 211340 211696
55 67 986606 990137
32 64 640506 646823
17 8 281320 289500
82 88 796147 804102
51 91 501478 505763
45 34 659902 662850
54 17 233670 236083
26 71 142157 144862
47 0 749145 757516
92 29 461068 465775
16 27 570839 576763
65 76 771714 776519
14 96 705670 709787
81 38 522357 530818
47 30 271157 277489
99 65 67897 72506
58 101 263218 272688
44 24 449053 455417
65 46 378269 380783
60 47 888727 890075
68 61 182077 186112
58 4 305028 308933
72 100 113103 119061
36 55 806299 807482
15 88 236524 244863
46 89 878732 885639
93 35 756643 760261
87 78 811231 819529
15 7 138574 143399
26 59 411813 416681
15 11 103799 104917
26 45 546022 551889
85 69 905732 912942
41 49 959108 968781
100 5 468104 468391
23 40 813426 816346
12 69 897216 900888
14 30 694005 695795
37 42 209364 210824
9 101 802924 807930
12 66 239583 243552
84 55 819673 823263
77 76 62644 68712
54 80 175966 185653
93 71 828959 834920
8 31 719903 721315
27 57 621654 623415
40 63 309095 312556
9 47 290915 293700
16 7 84043 89816
10 79 794754 802113
27 87 549259 553302
84 67 36780 40070
80 98 655044 658067
50 12 516221 521787
6 30 612546 616311
32 33 380785 388188
88 51 636823 643480
41 37 800953 809301
21 30 382375 386822
95 45 793890 802468
76 78 245975 250635
42 35 745489 746814
40 10 923198 924881
15 17 163417 163480
88 42 147215 149377
14 86 417260 419296
95 95 226352 227027
43 85 835147 837660
0 67 692848 695100
87 68 495747 500589
82 69 368777 369572
61 39 541855 549124
88 69 985501 991894
15 2 778347 786962
73 43 805117 806063
30 29 394404 404251
92 17 219042 220748
28 6 246006 255246
64 61 910375 910880
63 88 176017 184118
12 13 57571 61036
33 51 493690 503266
63 38 258082 267562
53 73 17488 26895
86 42 576057 582616
64 25 787120 793931
8 47 316630 323068
79 22 112473 117800
101 89 605069 613216
84 99 910986 916663
40 94 407878 413741
20 33 704157 712734
90 38 974374 982790
65 13 859192 861090
53 41 91482 98676
23 100 215734 216982
40 80 956480 960100
98 99 685291 686418
44 54 331752 333470
39 37 733282 737158
84 17 305458 315442
11 3 965345 965836
40 13 963083 967158
36 63 670854 677559
94 36 512524 518849
2 23 70408 72778
22 99 316867 321335
72 72 170438 178689
20 21 514725 515324
15 99 31126 31642
25 66 820544 827626
9 81 286214 289935
47 89 72992 75337
93 7 353763 354322
64 95 248964 253675
75 8 455285 457068
8 1 852909 853416
77 27 537420 539520
65 68 752420 761693
23 36 782 1770
97 98 417095 418681
3 86 539271 548646
46 25 407578 417275
64 26 73050 81582
24 5 56763 59665
60 9 690708 695953
69 11 970616 973810
2 13 807099 811152
72 64 790740 795194
10 4 747726 753235
77 101 221119 228922
21 92 35399 44979
51 7 709505 718354
42 19 245726 255269
59 16 527512 536950
92 71 596954 599137
72 60 98998 108978
63 12 134578 140275
90 33 714916 715478
76 9 830581 830860
23 45 145705 155294
10 100 370473 372455
92 87 340599 350571
31 12 351725 357923
29 82 881954 889391
86 47 333666 341100
24 19 131829 135272
87 83 101834 104917
74 74 689887 699203
47 68 2930 11385
39 34 980647 983484
78 89 454858 463825
34 11 217040 219020
14 87 944877 953332
37 59 329274 333740
60 57 914253 923829
67 48 745912 754841
28 99 635152 638293
68 58 729173 733378
0 0 832538 839928
88 41 506718 513233
24 63 837675 846334
37 69 63841 65959
60 94 117089 121880
80 13 507474 511452
15 56 693204 702401
39 87 356224 360387
101 33 304656 311501
88 59 281556 288963
10 66 312847 314636
34 74 834542 834869
13 9 668389 671546
78 12 71339 72534
81 27 833076 841959
65 59 435540 444536
86 36 745538 752826
10 71 625726 628200
65 30 335371 344325
50 92 268252 276273
92 55 488929 496306
40 87 165050 171016
6 39 329318 335773
95 89 646245 654071
70 18 819648 824485
48 10 863230 870354
46 3 826793 831284
90 7 913840 922578
43 41 876255 883150
1 81 690788 696999
40 23 232724 241748
30 67 90257 91570
90 85 870060 872838
53 18 88180 92786
56 3 630850 630868
27 15 145127 150451
0 88 475811 484684
89 20 580896 583026
48 81 105909 115227
37 36 733082 741981
15 31 242174 244499
12 3 374221 380026
43 70 344564 352442
80 82 132622 133280
63 44 858648 868594
66 40 822886 828348
72 101 578020 583829
44 55 407418 411330
97 51 991845 997682
26 91 927617 935701
77 43 482163 483151
42 34 598258 607721
70 10 717758 722430
83 11 500249 504155
4 1 322987 331907
89 83 875945 878071
77 16 869450 876607
35 71 685629 687119
28 50 233359 235582
42 72 322496 328236
63 30 206485 206490
36 91 249508 253816
31 6 377367 377689
34 15 115994 119226
99 87 519272 526715
99 80 594927 603836
84 58 871683 879672
45 20 210547 214352
100 50 827706 831689
16 91 504773 511088
74 77 374145 375337
65 101 961444 961616
95 5 542265 551763
14 14 396958 404209
66 75 609625 611840
43 23 501232 502526
91 68 21995 24257
48 37 939038 944984
21 7 763737 768361
6 0 486202 493772
18 46 437551 442896
62 14 937401 942996
21 14 543424 553001
75 21 372695 380358
96 38 319162 324506
3 36 47976 48566
37 54 893288 901849
47 45 18714 23577
89 43 250561 253854
26 23 607565 613909
8 21 853142 853740
15 5 19498 20626
73 64 822189 825602
73 52 678312 687535
92 47 42396 50179
38 86 915282 917576
32 61 246709 251688
92 40 63314 69099
43 10 834707 838753
63 17 593570 598130
44 6 588821 598473
58 34 254266 256701
18 72 532146 537372
51 24 592327 594495
33 55 112163 112726
52 25 69215 69800
51 78 212231 219434
94 96 685107 685991
18 6 819210 820962
36 46 878353 880287
89 26 691285 698522
65 24 812093 816733
90 21 702822 707774
56 21 980747 984648
18 54 462511 471984
18 95 534799 536262
57 42 670104 675710
48 95 169691 171877
49 71 542474 552351
39 84 642647 644471
81 93 164931 169262
28 93 15842 16803
10 97 169683 174394
69 82 151216 159787
77 32 464193 469229
66 95 489371 497456
45 16 637127 643789
35 17 317911 324459
84 100 717367 721806
7 60 152879 158911
44 17 942616 951178
6 101 91581 97304
38 24 664766 669767
67 57 731663 740538
101 60 939434 945563
20 7 891263 894524
0 69 6195 14508
27 70 760098 766852
30 80 289675 293851
7 52 885289 885511
89 36 424130 431177
69 90 704786 710973
8 90 279875 284868
65 74 938491 945956
61 27 223023 231727
95 74 218356 225511
44 100 326069 326723
100 41 492922 502597
5 55 103942 112497
49 69 329318 336816
98 82 833737 841925
100 54 881389 889754
78 69 579033 584320
50 16 762071 770262
15 79 510641 510998
43 67 557081 566682
43 21 743704 746144
17 59 717293 724409
47 3 994497 1002683
91 45 488374 492702
3 6 446887 456030
93 31 308245 316163
97 85 652754 658482
87 91 933625 935009
54 10 411998 418371
35 65 305870 307525
37 7 179265 185736
43 9 619166 622318
72 32 26538 33480
34 90 597529 600762
14 36 600860 601999
34 38 608030 614196
10 21 502746 507573
11 97 188705 198186
93 41 1338 8730
36 22 92915 95447
64 7 473109 477468
81 81 805292 811409
94 46 478067 482369
75 3 42751 50837
1 5 183167 184588
43 77 454209 455970
91 26 805757 806816
69 42 928927 935061
68 30 393031 398199
65 3 439352 441643
23 14 476395 480397
74 4 849118 856473
79 101 348479 356094
94 65 957496 964839
84 51 999750 1005493
69 95 317545 325301
33 58 557323 559979
44 66 303568 306392
72 46 508074 511349
50 55 616613 619329
1 18 463658 466757
26 96 753769 754131
93 90 118656 121074
49 87 950380 955857
3 71 663061 670831
69 83 23859 33061
8 46 114703 116933
21 94 992326 997301
101 29 432405 440132
36 82 359615 368417
49 37 307431 314308
92 54 263610 272531
12 59 561573 564516
87 42 428341 435003
50 20 213476 217768
55 5 17327 26033
54 93 784173 792444
87 34 48973 54204
27 91 706341 715104
56 7 995312 996397
55 66 967387 976360
10 28 552878 553066
89 74 642623 643704
86 43 225702 232644
79 75 805642 807595
67 37 904684 908958
17 13 17112 24202
58 96 399844 402981
73 87 220046 226049
48 7 261883 264205
83 85 23548 25106
0 85 345916 349947
84 66 22223 27399
24 89 416798 423426
43 99 506457 509965
10 44 858441 862859
92 67 173169 177703
24 3 322661 324151
54 30 253972 258102
67 74 265086 272487
30 12 76301 83153
74 8 153115 161760
94 48 729569 729702
36 36 354857 361955
1 64 869553 875637
42 69 460640 470003
3 12 887571 895681
46 99 988048 988903
98 74 131437 134704
90 24 790010 795478
36 58 755663 759828
10 0 467529 469490
83 61 543237 551662
86 84 812996 822158
62 90 279187 281568
23 25 933172 942151
55 74 74293 75764
100 9 448641 453240
32 90 83113 87963
72 55 952220 953450
93 59 406565 410343
26 60 768997 775271
69 57 395730 396518
39 29 17413 22885
76 7 153117 162424
89 61 34629 36842
31 9 631442 637008
45 72 907161 907856
73 91 106791 108021
46 36 341738 345026
56 18 129497 138730
45 12 846611 852764
100 81 151648 156646
16 98 966418 967652
38 4 212673 219894
66 82 441254 450424
18 86 368070 371880
80 84 598174 605358
33 61 614514 617437
98 87 934467 936219
50 95 633151 635076
85 51 923093 925147
94 4 366734 376708
19 68 223090 232432
60 78 716013 724942
33 74 634789 637586
60 75 972463 981817
34 96 106498 116037
13 27 650403 654612
23 34 873266 873360
7 94 170194 179899
71 11 58080 68041
30 49 816310 824803
90 28 788994 794942
59 19 521846 531207
49 43 835076 841160
68 55 59766 66928
87 56 73516 74435
56 32 49847 57356
37 79 84687 85475
18 26 281917 285239
76 97 162893 168838
9 91 475215 482345
36 73 152525 155480
62 50 40281 49453
72 83 633767 641369
48 60 543652 552658
20 19 945606 952207
56 48 930491 934234
49 22 76197 77788
12 85 877341 885242
90 86 18663 28586
50 24 350145 358520
38 70 379945 383554
98 38 968350 975697
33 40 910512 918417
55 27 89431 98832
55 97 842287 844631
4 25 155990 165413
83 31 421012 427056
29 43 566872 573627
39 51 690249 700232
66 59 945523 953331
6 23 234679 238383
35 23 75670 80405
30 54 425693 434694
92 93 883899 890367
55 23 762100 762494
10 84 573563 576015
32 44 621001 625394
39 6 275814 284710
71 75 19277 21293
12 99 959260 959540
37 16 526761 527746
20 72 928243 932443
96 30 613988 620320
66 13 745209 754057
38 17 560392 565354
20 71 312254 314472
41 54 875012 876227
88 27 170337 174130
52 29 236281 242775
36 34 480891 483609
70 21 29045 29793
94 28 939000 942323
71 20 68448 69144
19 39 393536 400018
79 31 955781 963475
26 19 496901 501542
53 44 983816 988577
26 26 816537 820908
30 70 905825 915539
93 97 499840 503548
42 92 724961 726193
47 17 824180 829621
91 83 794905 800039
42 66 38189 42168
13 51 45099 48632
78 55 960768 965900
69 74 807705 812657
68 22 452916 460750
16 63 227959 228483
32 87 74892 80333
86 5 736094 739200
31 61 257408 260002
97 7 288048 297660
67 25 66724 70547
86 21 845823 846667
15 37 987227 989757
54 5 607109 612177
17 82 553915 563773
65 54 363951 367867
20 83 62708 69750
68 99 117475 118961
95 13 740048 748820
23 98 758047 758905
59 91 829049 837227
27 16 847447 857161
57 69 598616 605653
55 19 668325 677612
24 72 52594 62277
9 36 176967 183641
85 3 385591 390301
18 88 442506 446350
40 5 144639 145994
50 48 28265 33443
101 37 795913 803525
90 41 417011 423458
35 77 726337 729724
74 42 221028 226243
15 67 610263 613083
13 61 320753 326843
69 58 621607 621781
99 42 57728 67558
22 97 350093 359993
70 8 666695 667999
34 45 324204 328134
13 76 152730 156612
71 24 111450 111533
87 90 675411 682693
45 22 332463 339397
7 16 946268 951643
47 55 965110 967036
7 70 58373 65859
95 12 462111 470256
45 33 27211 35514
9 24 133785 136339
39 18 274794 278481
99 9 701347 710988
19 100 727830 736088
48 38 782884 784152
27 99 17622 19457
14 13 779769 784449
22 9 568054 571276
25 13 642140 650099
77 49 230602 231860
96 41 925529 930287
23 9 716311 717150
19 58 681881 691018
92 52 778466 787724
91 48 293346 299445
82 62 973098 979453
80 22 426582 428793
100 88 884100 884968
81 60 725771 734547
11 36 441821 448331
59 41 311847 320252
51 85 326894 334423
50 5 49884 54106
86 101 522997 526229
60 65 379698 381370
36 8 436575 438318
29 27 519956 522724
0 28 276465 285733
3 22 857113 865693
85 52 977475 980541
62 10 787695 790757
86 85 448344 451567
94 14 101926 110193
51 81 64824 67648
80 47 127817 136449
18 74 305378 305624
60 39 178075 178779
26 58 762976 765345
22 2 334308 343730
6 71 954713 958240
43 26 771514 777845
21 8 970866 976344
22 62 961865 970267
32 16 495529 500068
30 91 129679 135959
101 63 807317 814401
76 29 27740 32967
25 99 385609 395247
8 12 690653 692959
1 70 997119 999617
96 75 150609 152182
67 96 885590 885644
44 15 282776 292698
67 32 82070 84619
67 89 508785 515959
23 63 455094 460879
40 77 851524 859700
7 90 441650 451010
0 87 913777 920192
89 29 261459 263515
47 40 42340 45174
29 55 556724 557106
10 24 123584 131325
12 84 124724 129359
84 18 494440 495249
2 34 973565 977295
34 68 219566 229436
76 79 81914 84864
3 43 198899 202512
72 36 107487 109030
47 77 611399 620787
32 79 928373 931157
3 95 319975 327713
79 86 116261 121626
71 67 90746 98031
39 15 111047 118199
37 67 497629 507257
19 44 376931 384979
41 32 726659 730656
19 90 75118 76007
74 65 169733 169928
93 65 659398 662771
72 58 116789 122443
101 45 193094 198030
69 63 165081 165905
74 71 682941 690556
68 57 762009 763137
101 12 924703 928208
35 70 734213 739081
82 39 181508 188521
80 51 836275 845926
43 45 57759 62453
66 56 372387 378430
98 5 579986 587296
100 4 394959 399578
41 83 93709 97192
5 15 972698 978824
40 1 848701 854487
71 95 620536 626777
19 11 292434 299606
66 73 90975 95136
68 91 140391 143242
17 42 232405 239243
52 79 802189 804235
73 94 330413 334341
10 50 697510 705619
48 42 354267 358456
83 46 819570 825279
94 70 261879 264484
8 16 222222 229621
25 83 537796 542043
61 36 553295 553929
63 34 884022 885158
35 2 524294 531249
44 39 246385 251542
63 89 783134 787683
99 39 896441 897703
55 60 835106 842777
5 43 359018 366641
4 43 339087 347422
79 77 252739 255688
53 20 132338 137722
42 20 587128 588388
77 22 407034 413822
21 24 501311 501451
68 85 557465 559290
94 60 337736 339731
99 62 37845 42677
10 33 271382 277116
9 77 785513 787557
36 90 855075 860456
7 54 666774 669190
14 90 586039 593159
83 8 867922 869350
75 30 416740 424147
8 58 86771 94854
74 28 685231 692521
28 56 922657 924426
57 68 684518 692838
8 3 578825 584129
24 71 767485 770458
82 6 207775 213381
84 78 169946 173202
41 99 902453 903549
19 55 170657 179609
99 83 461918 466518
99 77 432106 433628
62 30 971902 977098
97 55 424131 424161
20 9 689368 690298
88 32 721658 727960
77 38 267645 270716
40 9 20835 29585
6 32 406476 411696
56 51 367343 369396
11 53 439661 440281
72 39 243551 248947
78 96 918076 919835
14 29 619942 622303
38 16 753114 755931
81 0 948665 953089
38 49 999642 1004107
35 54 197214 199191
89 78 185293 189036
20 42 114922 123760
31 57 981269 986016
78 40 595827 603561
16 33 281951 285430
59 53 22230 26480
37 11 265637 271638
25 3 562060 569793
40 35 722717 724060
5 4 630348 639023
72 52 414667 419838
45 51 871910 873384
71 77 567990 574087
89 91 46489 50782
21 46 597332 604084
1 36 656133 660020
71 27 326731 333206
2 30 544294 550222
33 22 948997 958862
37 66 869333 875311
100 45 161603 167073
101 17 928223 936193
27 0 566371 572782
64 9 900663 910358
85 100 277634 281794
26 94 779428 787855
9 0 875627 877531
6 18 809793 816916
45 81 839629 840330
48 84 626569 627866
5 83 21548 23073
35 12 733783 741192
44 88 882979 887159
31 72 204391 209670
20 22 209218 215634
14 11 949448 956335
21 84 706050 707122
6 80 281647 291064
10 57 367786 376971
92 31 22483 29884
42 1 881050 882245
85 50 657224 663287
89 44 116525 121385
83 54 195315 201390
29 17 988301 992007
10 101 87804 87996
27 48 915123 923966
52 73 884091 885166
32 29 611651 620539
20 75 412558 414129
92 100 80724 85238
26 49 949405 951089
44 48 598110 605466
60 4 575492 581066
0 51 671347 676629
85 83 553756 560854
82 100 688372 688515
5 22 707704 712484
39 38 503837 509247
61 78 267542 274288
95 25 618220 620654
62 3 319654 328325
35 97 676638 678421
77 5 180882 182377
86 30 853657 860917
76 42 333064 338238
46 30 169929 177458
31 98 805449 805934
60 90 389124 390693
2 4 33778 43373
87 45 332499 336962
18 7 971184 977918
47 67 202414 209952
3 19 62363 69417
26 78 280760 289057
27 25 947811 949147
3 64 556863 561391
14 39 44083 48972
78 0 327367 331262
75 36 492885 496096
22 56 624847 629774
99 99 3497 10656
91 61 676309 685981
6 96 659156 667972
51 0 35671 44486
65 14 474230 478042
74 84 953980 957243
16 71 657146 665931
10 60 458547 463289
68 98 643008 649602
2 40 640692 645125
75 11 728916 736597
30 46 6156 13068
100 57 997600 1000562
68 73 316248 319836
19 7 439770 447691
86 18 559993 563668
100 87 145903 146307
3 31 523989 528351
42 61 105553 110046
55 55 87201 89374
96 15 613997 619527
43 63 294140 294968
63 78 100333 108658
47 97 721267 722665
67 18 82189 88366
37 29 517718 519226
33 16 866259 873560
28 68 709126 709437
17 4 218333 218465
13 26 37976 41647
39 67 801622 807963
33 66 369251 372695
46 14 260916 265355
44 59 149742 157155
36 76 635353 640597
38 79 69727 71892
49 89 980114 988140
35 101 170565 174739
24 99 41383 41785
45 62 292278 297693
65 33 732579 738501
46 42 243157 244065
2 9 200233 201989
97 23 82064 85462
76 43 775953 785541
91 42 917028 923270
41 88 611719 619514
9 58 454505 457074
96 91 584755 593789
100 35 224038 226255
21 62 774091 782860
61 34 482843 491102
48 8 492312 499953
94 31 209322 210865
88 89 141131 151112
45 76 206958 214992
62 51 815544 818246
11 72 955704 960073
76 21 996201 999671
101 24 88292 90029
78 29 191337 193741
49 52 705056 714749
81 65 838628 848176
41 24 645876 648330
78 83 896973 899070
21 26 968690 973242
10 31 179815 181058
91 97 671065 673293
46 95 839296 839477
51 12 342079 346170
7 48 99728 105466
66 67 97840 100171
79 44 64781 74056
27 44 994363 995999
53 35 266264 275376
77 77 771066 777458
17 81 749776 756312
3 83 166386 175735
59 38 238162 247048
0 95 355622 364900
64 101 325156 329739
1 92 538604 548365
12 93 161385 170220
94 12 193736 200822
35 73 359855 365251
100 44 935270 943231
55 49 785456 790721
33 42 642961 649629
78 38 833058 840820
2 97 129231 135158
25 35 591068 599683
41 35 190768 196335
19 93 753236 759430
72 82 660053 661855
71 32 113700 122330
91 96 251828 261789
36 50 745184 749467
101 35 828966 835904
64 19 551600 553979
1 6 975830 983592
73 44 644068 649068
67 41 70948 80609
57 46 676603 680026
8 40 601813 606888
30 61 125786 129893
26 30 404078 411851
90 3 734244 743173
61 66 375992 384561
36 35 547319 549546
64 53 693378 700217
17 89 610482 614605
28 54 857366 865947
49 68 462103 462823
33 96 237348 242143
6 70 403558 410932
42 0 780876 781164
15 73 944130 945152
71 79 171305 179640
78 76 363675 368630
64 0 82200 84901
23 20 179990 189055
81 32 511134 521071
25 90 349717 357876
14 8 664457 671019
25 58 435506 435697
22 41 376667 380348
63 16 26224 26249
45 29 481800 489217
56 101 653931 656276
59 98 423864 429120
31 13 541731 551506
94 59 129864 137868
83 18 649574 650796
77 82 921787 930179
58 58 761024 762096
5 70 406881 408192
77 14 819249 823281
48 25 208696 212659
67 69 532672 536343
59 7 389429 390085
87 48 937974 938741
15 53 28281 33837
39 40 949667 956525
76 91 36933 44166
90 30 697495 700445
97 91 183545 191385
59 27 612119 614617
46 46 250200 256442
62 101 500048 504395
46 43 7103 16261
78 73 249654 257548
90 45 208369 216765
44 1 33353 41233
70 22 502606 512377
52 40 466607 473143
81 34 574770 576007
8 68 491674 493917
32 77 183398 192108
3 47 476622 480050
57 97 992030 995319
15 25 410691 411620
16 53 216843 221744
91 85 972843 978304
67 27 640741 649502
10 61 942579 951882
66 64 78150 86668
7 101 440740 448985
1 75 634630 643224
97 3 689323 693166
13 45 853236 856673
71 83 861580 867308
74 32 171605 179040
51 79 712589 718956
63 69 890191 894447
81 1 489308 493431
77 75 334827 343072
10 89 791009 796010
44 9 175285 183428
74 35 140710 145008
65 8 827288 832099
65 90 11607 19654
63 24 932478 932653
90 62 562169 566364
74 99 642009 642538
61 54 596631 602921
15 44 155015 159968
5 19 45935 55874
70 26 640338 644156
8 15 827983 835085
96 65 114948 117948
66 50 933584 942609
43 36 395545 396013
54 99 796185 804982
54 36 3561 3855
58 46 790059 799869
75 66 212479 219730
40 68 538654 541630
85 8 279082 279675
95 87 233902 235643
77 91 798386 808019
85 45 414248 420559
1 54 259933 265470
41 8 239697 242325
89 12 11900 15380
84 19 826225 833516
80 44 743502 746014
41 66 32469 34298
5 82 247212 254364
85 11 222087 231770
32 66 674300 679698
75 69 256545 260245
11 43 640744 644803
2 56 144727 151197
35 15 324259 329452
28 12 644858 648211
29 25 243450 247832
67 31 871644 875856
63 21 600845 602789
72 47 275029 278099
47 54 935733 944931
7 28 734863 739400
79 56 163166 172399
89 38 289005 289708
11 63 954393 955692
64 2 182535 187266
62 64 972921 980948
37 89 412099 420530
8 93 202656 209694
48 24 673280 680081
44 51 873121 881266
72 42 148953 157796
57 77 952720 957000
2 31 951146 953739
85 39 170991 171787
55 62 976287 984535
16 95 348603 356066
90 4 135169 139017
98 35 765629 767211
8 0 424780 428544
96 40 271195 280851
6 45 577443 580083
54 46 985574 988004
0 92 955849 960372
29 23 192281 193148
37 92 171976 174164
88 13 434565 438099
87 28 388083 397538
89 14 134551 138119
13 43 213702 213870
75 54 495865 505051
86 73 192680 199825
86 75 294936 303982
35 21 287285 293749
101 93 411995 421974
37 97 975837 976421
73 29 433688 434506
60 42 370188 370979
2 64 381091 389248
17 97 18476 26205
23 75 634272 642462
40 8 864746 865188
33 85 549059 549810
95 39 77398 78931
50 49 637813 647694
101 44 720944 727438
10 64 64190 70940
100 38 365765 374372
66 38 609181 610895
8 70 902524 904631
19 22 4013 13421
47 29 739056 742796
34 58 718897 722632
56 98 118330 124334
91 59 204619 209865
6 13 12597 17427
6 84 571648 573404
49 60 853503 858558
21 98 996260 996997
59 18 651979 654859
64 33 244412 252233
1 68 536434 544532
90 61 448814 457550
39 68 868044 870812
91 44 819741 823753
72 84 754527 755826
56 8 971710 974537
42 48 587259 594275
47 94 934738 937946
1 53 872285 872503
62 53 537074 542738
6 53 827457 835310
39 77 27127 31409
79 17 430195 432621
30 86 924251 924479
51 29 717059 722315
69 14 216327 224277
31 36 986514 989133
70 80 734763 739548
51 26 380291 384555
24 41 38814 46298
99 2 73713 81097
91 5 814156 821004
35 14 501900 508874
36 61 444428 444881
21 60 431682 438460
17 63 469705 478042
54 33 870190 872035
8 22 405487 406763
96 64 434284 437769
2 90 15658 22047
70 63 288784 292869
21 58 554566 559564
38 43 47258 50150
59 68 726125 726320
4 3 493346 502875
98 18 34123 34957
28 45 894960 900218
101 90 796954 806508
90 50 494367 498452
33 12 4487 13347
60 91 960854 965074
81 20 282941 289954
40 51 881090 886101
72 16 114163 124154
100 12 71624 75553
49 94 712264 720714
88 65 692325 702318
62 43 770527 771382
78 87 96746 102242
44 23 316449 322149
5 38 673304 681354
66 87 347608 352430
62 28 806441 808696
17 93 392 7703
44 87 335105 344284
41 43 669730 675471
8 82 233872 238502
98 7 87378 88408
76 24 577789 584048
45 63 977545 984352
14 49 512857 516255
0 56 602274 611455
3 91 984667 986155
3 58 607467 616585
48 90 905176 906989
73 82 967398 975793
95 80 286520 296174
76 92 3095 9967
72 75 866909 871456
80 32 452083 456631
14 44 801530 802707
69 26 267533 271009
72 28 707097 710587
93 96 982063 989913
92 51 360968 363500
93 27 630904 632402
7 12 128758 129055
72 8 217219 225939
67 49 865552 873950
19 27 50837 51972
94 37 333538 335409
86 44 676254 682000
47 49 306954 309616
18 30 423165 427933
58 25 918990 919275
28 53 228900 233622
43 34 404608 409088
85 96 945482 953296
15 29 198091 201408
37 78 377695 384672
16 87 793602 795441
65 45 193419 203383
14 75 349282 357012
85 38 73896 79197
75 55 641465 643834
87 87 713664 720679
26 74 388189 393610
61 95 378360 381952
84 31 479077 485691
86 81 46484 46552
31 83 767833 771089
11 67 120471 123860
1 8 673835 680840
71 33 693341 696658
