18 1680
63 31 777475 777762
36 84 19492 27186
74 11 125685 132014
4 55 331329 340911
48 36 523062 532272
52 5 864104 873406
25 10 874400 879165
69 59 792417 792700
38 2 626825 630972
74 32 325447 333364
82 0 212074 214405
33 1 868127 870148
6 72 307846 309990
19 12 252603 253812
44 79 696486 698220
68 64 683639 688484
28 49 517185 527086
66 96 841513 849643
94 89 214788 218364
50 36 57766 60069
57 93 598736 598761
8 76 807541 813497
52 87 948236 950968
71 20 640443 641278
49 92 377466 381551
82 39 364408 369313
85 85 82191 89328
100 71 155621 157589
37 43 107288 111878
25 70 207019 210838
9 71 880002 881366
32 31 773057 780886
64 15 531958 539134
15 28 581035 589929
55 67 330948 333891
0 46 85976 88902
2 100 198349 198495
100 87 150680 156137
87 18 596292 603005
49 59 821011 825764
4 78 707757 716373
64 86 526413 536096
53 84 553355 561613
73 36 834957 840487
50 84 129602 136257
40 101 210698 215977
52 70 503970 509325
49 54 319596 320259
19 68 779494 786484
91 19 403242 407627
49 39 882095 884958
13 13 497105 502585
56 8 575154 578602
15 13 84793 89591
81 60 601075 606801
96 9 629335 636178
24 33 209963 216940
32 68 563160 570921
72 9 296925 298365
8 42 548434 555760
16 68 335644 343324
9 3 725029 729652
100 11 318274 327847
31 64 643380 646737
27 79 681370 683823
37 42 955027 957977
93 29 395742 404635
31 16 704324 710680
84 35 32614 41871
64 31 70133 75708
62 51 358922 363310
6 33 395546 403406
92 70 410319 419057
27 38 800298 808150
48 5 50257 53826
50 42 787851 797431
61 97 653459 662233
8 67 927472 929051
29 43 505120 509335
16 95 542095 542817
11 70 168941 170089
7 68 185152 189691
101 37 544366 551699
67 50 7340 11309
61 18 118295 123026
67 53 889486 891235
90 75 131775 134196
92 98 8708 9767
3 8 735099 736214
42 79 157946 160777
72 41 179823 180961
92 6 691389 695010
35 36 288829 292153
88 79 287201 294706
50 82 423545 427124
28 29 56093 62208
67 83 534374 534446
95 71 88010 96050
92 41 799416 801419
36 6 112156 114573
56 25 288718 291722
42 46 72908 75330
47 11 532903 540353
86 39 205281 206300
30 73 384715 393603
50 56 410288 414091
71 8 423615 425570
15 36 785730 794935
60 6 645455 654928
77 44 466822 472931
37 83 729238 736242
81 73 239064 239699
5 86 690741 699880
1 21 581292 586968
61 8 816777 826732
97 6 830205 837789
90 42 959240 967938
74 21 450047 455885
38 76 273676 279728
54 59 261091 261135
76 95 846533 851003
86 87 806234 812039
26 12 467655 469321
39 6 878179 880969
2 66 241583 250638
74 85 964060 966189
47 22 998274 1005759
45 48 751747 752731
3 3 616210 623712
49 56 38091 46259
43 29 662300 672177
41 3 831649 840678
94 76 241096 242658
41 4 782109 788274
100 55 155850 158245
39 19 188749 197507
44 81 510131 515479
75 11 200110 208989
82 6 251173 255027
84 97 973533 978222
92 11 446772 448911
31 25 853365 863054
4 28 602339 603841
69 70 494599 497974
95 52 773533 774561
4 32 751814 755489
16 48 112910 119176
57 0 962977 966711
18 68 247431 250735
20 93 215940 217407
37 93 905273 913864
39 100 542586 544606
19 43 385606 386264
67 27 788624 793961
37 4 764551 765055
69 62 186113 192020
37 84 231827 233917
72 99 105616 111829
41 70 808330 815055
81 70 695934 704432
70 41 372425 382200
25 29 426132 427988
12 22 555855 557437
56 27 220611 225067
82 29 399143 400291
40 58 951349 953165
59 91 413998 419741
3 37 322674 324211
55 9 746423 751887
77 12 686338 692767
67 9 217351 218349
47 32 571716 571933
52 37 273715 278188
57 65 837686 840418
58 90 746707 747609
89 71 718778 721216
59 11 229002 232146
5 66 22040 24912
0 67 37941 45341
11 58 931448 931635
46 20 786238 792412
46 99 698462 703770
72 62 889000 890142
82 54 139985 147556
65 76 429631 430152
60 91 686909 688886
16 84 748095 757962
37 60 298177 301814
81 56 452994 462004
53 78 158501 165324
35 87 414155 414842
96 101 558456 568359
75 29 360882 366553
34 66 197438 197712
42 83 476874 477114
19 10 963974 970308
0 36 691088 695845
33 85 621816 622224
45 31 937730 938722
22 93 988745 997769
21 52 846763 848094
56 89 185541 187416
43 60 693010 694077
54 17 113941 114575
38 41 92265 94055
61 4 822637 825968
42 69 763669 767976
40 27 721198 727707
45 85 877195 880604
13 74 236034 240741
14 25 668386 671802
75 82 886093 890935
2 87 636193 644035
14 67 17269 26203
90 86 477230 481528
79 99 16142 18209
61 31 602741 604824
68 65 15183 17031
18 71 41069 42891
22 101 698810 705798
31 93 981184 982540
11 94 914031 923169
58 35 37809 39977
4 67 503504 504935
44 49 658148 658823
14 16 9344 15539
59 84 605053 614641
61 100 904734 905037
68 75 693043 695986
12 86 150691 151982
25 52 881460 891034
47 74 233142 238333
70 79 298288 308118
37 88 103851 106631
49 42 350176 350813
1 97 596607 598306
58 91 122911 123821
73 10 716014 724467
26 56 317650 322756
31 63 390831 398487
88 23 367648 376139
36 37 919822 928395
101 5 18594 24549
1 77 442808 442828
85 99 583421 590346
69 87 712587 720700
58 22 454272 460610
26 14 682023 689469
89 60 689094 698721
52 21 896287 902338
89 88 829594 831759
13 34 953440 960567
82 19 70761 74362
23 10 267731 274641
81 61 3024 11320
76 54 95575 99745
58 62 252045 255422
51 18 541295 546965
69 88 730187 731502
17 101 418005 420265
92 101 737043 744524
45 5 60565 68511
41 17 428571 433647
100 77 809851 813955
4 23 562358 565058
96 66 277288 285484
99 36 963199 968870
12 57 440084 440634
90 89 471966 474808
14 77 198670 201382
84 88 86806 91761
69 84 377920 383818
51 77 743855 746498
48 78 692758 698014
2 73 531227 539062
23 32 889026 890336
43 80 450340 454822
16 92 909173 910449
64 45 466381 476355
73 4 50381 54544
74 87 570341 573744
63 64 627303 634873
67 34 567781 570592
52 73 975213 977524
37 75 987585 993372
54 66 402774 405831
0 85 380676 381238
69 61 247934 253680
18 101 58201 60933
18 80 289886 294640
81 27 402935 410646
74 100 824694 831384
43 83 659605 667882
59 14 465506 467716
16 63 731544 735544
17 56 338202 346779
55 35 167571 174328
85 71 217682 221150
42 49 12228 19239
62 64 735091 740567
38 25 184952 193390
32 76 580064 587838
38 89 484927 492044
84 99 882959 883778
2 16 271058 271320
1 4 271755 271861
32 6 975318 982627
48 101 236077 240605
73 31 547717 557092
41 36 573038 575368
70 92 552908 555743
97 73 618831 619956
50 22 198782 198856
31 54 734814 743149
68 63 943819 947717
85 76 337387 339584
96 32 828910 838532
78 34 243530 248975
84 31 746117 751030
25 24 658054 663718
82 41 480292 484770
100 79 908999 910445
4 49 207272 216442
20 79 632855 639742
1 6 427744 428347
28 92 141563 144976
40 22 795077 801346
92 87 886750 895796
97 76 890253 894031
71 91 980450 983066
66 59 892493 898422
75 34 807293 814966
54 31 539444 546654
90 60 681736 690639
88 93 344480 346432
26 83 704571 712773
10 23 142288 145250
17 93 245180 254378
39 44 321377 323147
35 49 770825 780249
96 8 853910 854607
85 15 468488 475664
12 38 737624 744450
84 46 581214 582438
54 34 427286 436227
42 2 62799 72297
69 43 911714 916139
5 14 631780 638603
44 93 210099 211124
17 13 724872 725479
13 66 632941 638825
24 43 583259 593246
69 85 908482 914830
84 76 712258 719129
51 95 552859 562231
32 9 763104 766419
9 0 55028 62375
30 27 80947 89771
81 82 545077 549371
20 80 868259 874530
24 44 182298 186906
62 83 121391 124545
53 58 885011 890047
47 93 664273 672342
82 87 449923 452923
88 72 831526 834775
24 14 537656 544390
30 68 47087 47484
45 84 415915 421042
16 40 131423 139337
94 48 851553 853314
100 50 200913 209957
38 49 565182 572607
100 93 505678 509531
43 59 456404 461601
75 21 772780 776653
94 62 374706 375798
91 33 348974 354992
49 34 935965 942068
65 7 899010 907840
16 85 586221 587880
38 90 177300 178792
96 75 320515 328074
39 60 298924 306155
13 57 339150 342263
30 25 466750 474452
91 55 905043 907077
62 9 111689 121572
2 14 972032 979583
59 100 753125 758086
7 34 428389 433950
86 50 48991 52653
73 1 234858 237264
5 93 116072 124906
36 65 560386 564446
24 85 637365 644805
33 25 619007 624947
16 10 685751 692970
71 29 365982 371184
52 18 606309 611303
99 18 63527 69013
27 68 653358 657195
11 19 701918 702991
81 85 592295 594790
67 84 55803 58912
23 19 448569 453967
2 81 975509 984115
29 94 718460 723732
7 71 451597 456602
57 34 276496 277496
37 28 723749 724180
99 30 493056 496551
89 70 239384 242184
9 51 210937 213835
93 26 807180 810155
64 39 3727 5341
43 15 473252 475843
52 38 416803 420809
89 35 123765 131083
60 7 880189 880293
56 66 689834 696732
29 50 506005 515240
87 93 500680 505068
58 29 675552 680773
50 95 137707 143755
58 3 637926 640915
38 37 298295 305193
67 36 860551 867160
93 90 526295 529652
46 81 114989 122613
74 92 569413 575768
74 59 515998 524018
56 33 701362 708059
35 29 945911 955476
3 33 84766 93897
57 28 980618 983076
43 61 769869 775629
62 75 745617 752779
89 17 312221 320301
91 18 803980 804219
10 7 412532 416396
16 58 463385 465852
53 38 543601 551835
87 45 132805 141267
9 72 111320 116198
69 19 379871 380900
52 12 254967 263544
47 21 892453 893435
98 3 191973 199800
62 85 697637 700048
18 0 96665 101775
86 96 584643 592109
84 0 848134 857269
58 47 426381 426392
19 94 85732 94941
68 74 59699 69367
36 71 385745 387889
2 75 309374 317015
10 49 122272 129199
72 64 495333 495430
4 3 161271 171181
31 53 492959 497067
31 43 360275 368955
71 26 708573 711917
10 32 542604 550431
19 19 814825 817958
97 71 220899 222301
83 36 195171 199772
29 97 748450 754231
26 90 327988 332321
32 7 356289 365094
91 29 159533 167042
59 82 15155 18543
10 45 993785 1001816
87 38 1236 1417
21 49 379179 388467
12 67 152805 158908
0 66 6218 9829
9 82 4579 12876
6 45 746627 749461
40 5 264379 270390
76 25 996938 1006428
15 93 79315 81102
18 94 192425 196662
40 18 423676 429865
57 63 745416 751453
65 63 373037 381140
81 84 560879 562703
25 32 673833 683678
56 65 489705 492843
23 7 261461 269367
68 61 469337 470613
16 46 664714 673791
64 79 45573 49337
92 4 306467 307007
35 77 113731 116600
101 58 460072 469331
74 16 890774 896835
96 63 814447 819685
67 23 759667 765682
63 28 923245 926542
24 3 996947 1003608
41 39 508687 510658
35 12 683932 690895
48 99 413694 416090
23 8 619892 629370
4 7 235092 239025
94 101 294885 296170
79 82 100503 104996
27 30 129418 132467
56 42 806094 815630
79 22 246290 248273
41 48 142766 151084
35 64 943370 946830
40 16 120106 127812
40 36 47328 55845
52 45 406431 413927
50 47 534565 541150
45 60 375445 383822
19 28 750465 756467
100 14 277716 285214
33 93 146959 153570
32 82 472144 481545
55 33 456267 463321
59 96 633762 639600
54 53 784102 789324
71 76 964099 965296
86 44 123055 128799
25 9 694911 696955
42 43 990001 992190
36 12 53155 53461
57 26 374747 381504
14 88 447845 448253
3 18 828430 831620
96 88 703386 707077
87 56 779000 779307
9 15 264925 272405
49 79 277773 283691
68 92 294881 302215
37 37 540294 543578
51 40 775256 775519
81 34 410899 420386
64 99 574080 577300
25 40 412098 421385
84 26 288341 294640
32 63 486851 496057
46 87 728649 730529
14 56 105108 112744
20 1 523128 529163
20 7 727883 736987
0 39 356092 365758
3 77 360064 366638
66 56 253638 262064
13 15 759648 767849
5 80 460727 465687
54 63 890500 890952
49 96 366971 375599
57 39 486861 486878
16 12 751540 759677
70 7 330710 336666
38 91 461529 469368
33 81 8715 9382
39 76 679121 682812
26 101 650683 658911
63 58 23695 33302
99 100 161442 162468
17 33 7813 16034
95 38 662358 667545
17 23 354423 356794
42 81 623392 627859
98 57 445905 451589
58 21 817464 821567
56 50 638954 640556
29 22 689367 692755
93 65 925285 925355
99 14 328306 335150
33 37 403559 412365
23 44 233945 234582
29 32 837824 840864
95 22 478035 479143
7 20 159477 162350
53 1 268509 278438
83 83 230475 237182
30 33 113626 120924
18 12 127330 133995
18 22 504318 508509
16 19 341746 350123
83 98 620624 627103
45 93 632583 639768
6 1 460793 468388
76 44 35543 43674
55 79 316990 326189
11 86 783928 784101
81 67 655233 659821
86 33 686745 688921
88 4 586544 586574
81 91 188865 194856
86 38 578568 579343
50 17 614571 617980
47 4 416124 417968
92 31 840442 844171
97 49 48390 50934
41 30 577478 583331
99 86 239972 241430
91 14 281665 284650
33 52 658768 667619
31 12 308425 310141
44 80 851639 858807
17 69 492471 502045
71 55 410689 411344
68 77 743288 751081
89 15 626213 629803
77 42 426186 433420
94 26 728982 734820
3 56 919744 920788
41 29 20652 27822
44 56 743240 748553
82 61 878976 884181
88 78 378693 387999
59 36 321316 330041
86 4 328197 331099
37 76 264508 267548
75 61 263811 273776
52 31 422847 426568
79 20 588029 589304
85 37 560091 560243
55 91 784184 784877
67 73 198270 199109
3 44 199579 206637
31 101 726328 734928
93 38 379885 380225
12 83 527955 531694
47 38 338231 344589
67 54 141843 142659
38 29 974993 983167
73 99 390404 391436
45 83 309545 313937
83 48 455390 460947
58 71 627487 630969
25 94 556788 559972
86 15 508391 508795
61 101 507428 508280
69 31 703304 704535
49 51 249442 257069
56 82 179394 182421
84 17 897439 906053
94 9 565772 567878
13 67 761176 769326
96 96 538848 547765
68 9 289611 290741
36 99 264010 268382
43 43 556760 558971
13 95 446511 453171
77 56 480911 481333
76 13 123845 130422
54 78 918093 924799
6 57 577543 586582
27 71 787981 789053
96 29 903767 913357
22 20 357910 367757
51 93 772766 776943
63 73 199786 200237
88 30 98687 100219
23 78 787005 788572
56 10 760986 764238
46 7 365827 369465
78 30 87839 90315
20 32 19275 28067
80 25 192777 192902
36 3 529787 531621
26 21 388392 396703
47 36 899470 903743
46 4 53850 57036
35 74 470228 473328
69 13 202446 211293
82 2 131136 131407
88 11 741315 746472
82 51 768709 778558
66 50 997223 998530
52 55 765706 774398
81 79 192029 196993
62 50 588016 594049
85 94 469635 472205
3 66 983953 984804
32 101 925351 933330
9 75 582562 590982
101 31 599830 604724
18 14 844247 847723
48 100 769792 776512
80 7 881317 882249
9 16 965648 972907
72 82 139304 146933
12 23 873006 873871
100 58 166973 169499
71 41 515046 517075
33 75 709823 719024
48 22 755947 760177
88 99 443715 452318
70 80 542750 549322
90 32 142477 148615
75 45 529484 535021
101 89 403262 404934
60 34 26505 35230
26 16 139182 141811
30 57 821743 828283
54 6 194827 202358
67 3 432295 435821
50 16 912861 920308
77 67 805588 810389
72 98 634889 639554
99 62 277179 285970
90 36 848393 850139
31 1 547587 555111
7 84 776555 785990
91 45 579467 579804
100 52 155231 157525
73 66 804866 813618
70 56 76733 78934
99 69 374483 375328
57 32 318155 326064
85 28 693535 699837
68 47 675696 684454
31 78 75440 75630
37 10 302027 308002
31 84 658814 661073
30 28 419902 429712
74 50 904399 911644
29 78 657027 657498
62 101 400440 406169
7 51 832774 842598
36 74 390757 392927
57 16 964903 973433
39 63 328585 329435
43 49 472935 476740
88 16 35323 39697
52 39 697575 700500
43 40 437047 443326
30 62 734605 741221
27 4 90356 92041
13 60 551813 556532
16 74 431528 438066
25 44 433491 439726
61 54 162597 167765
61 52 181218 184401
14 91 452223 459497
99 51 885965 888545
19 15 809888 810473
11 49 436583 444398
91 26 928474 930720
36 42 236264 239566
61 95 237961 244953
49 61 345450 348535
44 10 960220 968987
48 18 173238 178280
97 17 140761 149170
5 82 383658 388636
73 44 525993 526540
87 19 262809 266777
32 4 652036 656618
36 48 421079 429615
28 32 158323 168122
19 93 183292 190011
90 21 854512 863596
34 52 517835 518423
65 100 148040 154037
85 57 112849 117900
93 20 472028 477718
52 72 434368 435846
101 51 406948 412416
39 89 852230 860147
57 78 928273 930654
99 3 797240 798181
39 26 274377 279099
4 16 791416 791688
30 4 224681 225244
13 92 358878 364000
15 55 664386 666712
42 1 101177 103127
101 75 520453 522540
7 100 676748 684827
31 5 695250 700035
15 11 596727 602064
46 38 382238 387193
29 66 324553 331355
43 56 316435 320426
40 65 336023 341338
26 0 651417 660761
97 44 733948 734608
1 19 994085 1003299
90 49 48561 53523
42 10 835395 841265
80 93 118270 120867
53 65 481395 490581
64 101 707260 716245
13 58 406966 413274
77 59 601575 606302
98 23 367496 377191
33 83 261174 263635
98 45 46253 47175
95 10 619723 622744
49 86 434315 437310
23 61 619453 620094
95 16 833501 836474
31 24 779751 786292
11 61 975738 977068
69 5 38033 46248
57 5 86196 91090
60 0 551537 553219
91 90 241584 249845
83 88 565465 570171
0 57 308196 314736
19 26 746205 752248
1 41 234733 242169
49 90 643952 651440
90 90 210066 219266
73 86 990973 997380
71 49 400831 409757
22 0 667390 668824
76 32 586644 594582
98 37 719189 721469
79 67 425029 434197
92 48 296586 305817
8 19 907332 914098
7 28 189058 197294
46 16 909419 910326
96 31 631735 633711
24 74 37009 42730
23 59 424431 432541
34 11 451930 461920
4 10 177049 177791
65 16 725391 726791
69 53 354359 355557
88 91 409925 410358
7 44 344676 351230
80 28 659100 659667
58 100 736493 744195
55 28 94098 99126
16 87 312332 315428
56 56 808669 817639
50 11 213702 216775
51 2 198266 204998
54 21 856788 864316
0 76 523472 527415
101 55 416972 424746
28 75 620266 625561
50 28 377924 379956
5 35 551608 552833
62 58 516466 516782
47 52 390275 396196
17 26 646471 654327
34 28 372218 379305
52 91 354843 364695
61 43 610531 614430
27 26 924788 932541
93 79 223127 223201
36 95 258280 263702
81 1 306253 316022
44 74 682136 688654
5 33 293960 301933
85 67 59010 63091
92 56 300528 304996
85 51 402372 408367
30 46 976547 985464
39 42 741955 743083
30 74 413140 415146
59 85 474611 477929
51 42 657177 658300
28 47 761726 762650
7 33 166884 172216
34 84 445294 448486
22 78 615583 621883
29 69 483208 487893
95 89 651512 659865
46 64 266449 268872
95 20 652865 656622
59 57 667755 675262
66 34 142106 146981
87 31 930699 934301
55 45 450255 459341
36 86 714763 721370
73 53 511883 517045
50 97 352368 361708
11 56 415491 419165
54 15 269561 274542
17 24 511453 514874
76 7 236436 242677
71 19 948298 953362
76 67 108058 115737
33 41 320316 328960
13 91 734440 743086
20 54 567522 576380
57 42 710386 715560
65 73 105484 108556
56 61 898397 905065
73 69 896339 896601
90 0 951911 957303
78 26 955951 960748
38 39 736640 744019
87 66 499552 504160
1 13 748079 756799
55 20 354481 355524
61 2 674727 680242
86 67 694508 698630
41 50 841362 845667
74 77 896659 903187
73 2 86233 95349
18 40 443387 443589
27 29 256625 263862
94 64 192607 197591
13 27 281211 284853
68 84 972063 979539
8 30 104274 109467
69 23 953866 955054
95 17 186624 196430
95 28 445704 452168
26 52 253684 257520
0 21 229762 239633
100 31 33269 37771
94 94 429916 430345
65 11 63558 71772
57 25 977128 979778
77 99 513628 523285
18 86 992345 998930
58 14 184386 186243
18 21 752710 760700
101 19 898822 904331
25 23 651233 657767
51 56 827802 835736
81 9 964954 971580
98 82 624448 631201
82 66 540238 540743
17 83 416907 425870
65 26 209251 212610
69 76 492977 494049
60 71 65683 74883
45 62 485080 494060
47 33 661073 665102
10 62 225904 229312
59 78 27144 34270
18 63 909853 914168
26 3 926100 931111
23 101 319738 328233
76 91 981342 986795
61 9 89507 95622
33 82 761149 767639
58 8 608942 611361
43 95 844598 850696
66 18 43234 45084
4 71 700587 702707
48 23 599517 604513
78 81 163986 171092
31 49 415583 416976
83 61 162267 165606
70 42 399215 406271
14 18 97579 100984
30 95 870186 879292
55 74 965764 968628
87 26 924176 933157
79 91 272139 274073
79 36 286719 293100
0 93 543037 550873
20 16 185956 190432
23 62 753967 761533
41 28 29973 30303
65 1 694077 698887
94 34 919031 926392
45 9 367990 372231
94 88 662720 669055
74 33 923185 925238
0 13 502047 506571
90 9 839229 843333
31 56 141643 142183
76 48 183667 188646
30 64 973876 977257
34 16 746272 750462
44 11 829512 829889
36 97 192179 200193
95 29 446506 455569
15 96 987951 991700
99 93 656099 661439
24 35 279218 279702
89 94 921329 926047
60 33 377520 384259
0 99 637538 645273
53 34 185746 192964
64 37 996435 1001378
98 55 31386 32690
69 20 485734 495252
45 74 370635 372549
53 15 206047 213693
44 64 55189 63435
51 101 661588 671161
70 32 58432 66080
90 54 661626 661969
58 30 515050 517487
34 65 718780 727961
101 83 465699 474327
91 11 325868 330966
68 11 245305 245788
23 81 641681 644025
0 73 558878 562908
11 35 967547 972404
1 59 400308 409438
5 21 609732 610546
99 84 896354 899926
57 79 516212 521251
1 48 325256 328200
77 84 161444 168738
82 45 974332 975914
13 20 781612 789082
38 88 172131 175536
26 24 753216 753953
83 91 490858 497407
46 80 235073 236186
95 24 132987 139909
21 59 943313 948527
64 98 787560 793738
66 77 355404 359729
74 15 203794 211486
48 86 948178 955476
2 54 438824 448637
74 20 680908 688697
85 96 950379 955564
51 78 858817 864919
14 92 511201 518437
85 9 253233 255643
80 13 367620 373338
77 6 695345 702636
31 2 70662 76231
3 59 581423 590870
42 7 799144 802971
50 12 800852 808925
2 22 939713 943662
46 62 586284 594974
3 65 115182 124407
53 98 817168 822923
82 12 181704 190491
24 40 739497 743985
70 33 248155 249835
24 83 301106 309543
45 19 314202 321348
34 48 433432 438360
35 70 910306 913730
80 44 79433 87231
57 57 677269 684778
58 42 853911 859725
95 18 569643 579546
81 90 711506 716693
43 18 748178 754417
75 86 702032 702266
11 93 3062 6079
36 60 503830 504796
27 95 911426 920149
19 32 437518 438415
15 98 729561 736352
30 83 884135 888883
91 44 443306 444973
95 44 874526 882525
22 29 595138 604663
32 55 517924 527575
24 39 334615 343712
87 53 603315 607749
24 82 290834 295576
97 68 314343 317782
55 95 627339 634442
58 0 370151 371730
92 81 670965 679214
12 10 946324 950311
79 76 256048 260214
26 27 359487 365829
29 77 303836 308939
18 32 770352 774848
2 13 590185 593428
54 13 380563 390024
24 88 795253 796362
67 30 770677 778893
37 58 868086 874711
59 25 604075 610974
85 11 601765 609357
6 87 173081 182861
42 14 762466 770005
33 27 362688 369204
8 22 991574 992264
62 97 74991 84912
87 28 659198 661115
65 49 211897 220018
23 20 255778 264973
98 41 602878 604710
37 47 478536 486332
41 74 402904 410061
94 42 757699 765115
96 2 488834 493613
61 80 6529 12957
82 24 99353 106518
45 49 448405 451938
18 28 843163 847807
54 27 546525 552559
93 57 701412 704650
13 99 759627 765080
48 48 1638 4919
29 4 824986 830048
81 86 913425 913760
93 101 302049 306636
17 36 102334 111804
27 65 9469 17842
58 46 257589 267354
17 43 884042 886668
3 75 756563 764679
19 1 976247 983892
31 83 950559 958823
19 75 4359 13657
20 21 704773 708167
86 21 967196 973203
68 60 819787 821924
42 53 96666 97282
15 31 883089 887552
25 84 393900 401294
84 15 954628 954857
73 90 216772 223375
8 73 254321 259397
0 14 337703 343244
59 49 40462 41021
77 16 962972 966695
81 92 774191 775964
25 65 284193 286371
14 52 278335 282400
15 35 67326 74481
53 12 609805 611647
15 100 221264 223175
54 60 503826 508707
76 63 553257 555187
47 30 404763 410010
95 15 805449 806761
5 70 188053 190890
81 33 540412 546653
29 74 828003 829444
10 36 357470 357585
54 98 360226 361275
32 93 817205 824339
36 34 791973 797071
92 52 508321 508782
61 85 585648 586546
55 23 971638 972733
81 98 574441 579665
85 1 544588 549597
70 40 620399 625337
12 20 722635 725690
94 45 691062 694300
49 17 268759 276890
77 38 251581 261289
13 89 669458 671482
86 55 259268 259819
5 27 668350 671057
6 79 65849 67058
101 50 662895 669538
84 70 683741 685821
53 64 483897 485219
47 39 608965 610609
100 45 5163 10559
51 96 464924 472628
54 14 189902 195145
21 25 821987 828542
35 32 880929 881097
89 44 857665 858630
48 51 682443 689195
42 42 646712 646883
8 18 422007 428108
18 57 474406 482363
98 9 634645 641212
74 5 638801 642013
0 62 51664 58762
58 18 480295 482306
83 77 569468 576809
25 76 282252 286621
80 69 573618 582456
33 32 317516 320402
45 30 279698 281293
28 1 835156 839977
22 4 568648 574759
67 79 88138 88256
29 46 640239 643777
15 87 987416 989263
61 81 361962 364129
63 37 695523 704630
96 83 482315 491963
90 43 768847 770863
75 14 95241 102415
63 77 50775 56744
9 99 983397 990455
50 70 547041 553989
91 52 921452 930614
87 82 842813 847680
76 89 141239 148918
93 100 606909 609426
33 73 864126 869478
67 15 529061 534567
32 52 830327 834604
52 89 190350 196486
92 51 767408 768312
89 37 997474 1001491
62 70 681604 686351
35 30 452361 455468
42 63 250749 257900
100 44 485759 486290
15 3 276120 280896
56 3 248191 255467
81 0 626455 634591
41 99 867519 875835
69 64 833837 838232
18 29 709729 718099
15 65 353595 360699
40 29 302089 311524
1 10 249752 252085
77 60 945616 948840
71 33 60832 64870
28 71 91658 94096
15 68 969286 973033
48 64 139475 143480
12 39 570717 571108
1 51 302834 306990
69 63 590853 591909
92 68 726256 731701
36 23 576854 581044
76 55 585772 591069
51 62 723410 728515
80 77 91654 92415
45 52 403802 409577
2 33 228740 236642
45 37 672430 673093
50 41 466003 474332
16 56 913384 918287
67 94 131477 133536
75 23 222840 224038
12 74 736471 743524
70 64 605838 606637
57 88 388164 397383
31 3 329427 331515
6 68 844954 845951
28 9 748794 751101
85 4 814342 820362
55 10 31442 33544
21 91 48817 55520
50 83 229876 236746
31 89 700406 707590
71 9 416350 420342
26 23 308240 312756
32 77 892854 896983
45 12 829478 835868
46 43 472675 475877
14 100 229365 236793
80 27 998742 1005168
86 97 925737 931757
82 9 141117 147350
14 24 411094 414546
25 74 311728 318720
69 17 73925 77687
76 28 683977 689998
41 16 242108 251783
76 8 312810 314400
36 90 384735 391667
99 40 722851 729043
79 84 960620 965676
48 3 653441 658003
10 1 45382 49731
56 18 268069 271163
21 93 568834 576608
65 10 562281 562853
44 24 59959 66998
77 85 682812 685078
78 75 400502 405460
20 22 172031 173194
88 25 729724 732870
15 12 933977 934315
83 93 293338 295963
84 98 29654 38581
11 101 729171 735442
44 6 501559 502566
45 65 224070 233357
45 73 641005 642974
87 101 795627 796193
93 13 622047 628190
68 94 113298 119911
10 79 332359 339008
74 38 809784 816407
56 15 794435 800231
63 60 659531 667395
43 11 20381 27093
77 4 233554 237164
41 78 184892 191385
25 81 461939 462638
95 27 320859 321857
55 39 457870 458954
23 18 24206 28112
68 18 354359 362902
37 72 549783 549970
7 74 509657 513650
19 53 47460 51388
28 80 925690 928464
80 31 378822 379773
92 29 169359 170421
27 3 141490 149203
8 59 334394 336338
38 70 267237 267906
78 61 711475 712044
7 61 215652 221241
43 28 469294 478021
99 85 548348 556509
58 25 11351 11485
55 84 362912 367672
99 68 239509 240257
95 23 697311 703153
100 73 344179 351414
58 73 59738 66737
24 46 857244 860958
68 58 656424 661803
2 52 412581 413013
22 80 719463 723309
3 69 773562 781729
76 99 475172 476627
14 42 938431 943517
18 39 671650 679669
0 98 300025 306894
84 100 690075 697958
84 27 549982 558075
82 53 400150 407386
7 17 728523 729975
69 49 756960 763040
56 16 840046 844904
75 30 747415 754532
72 12 242158 250157
86 71 520921 524793
70 47 299973 305463
10 14 865544 871565
55 85 145742 153283
30 88 8032 12428
4 98 161046 164782
53 72 101480 102801
42 25 183870 187428
89 46 617359 623449
9 41 827186 834080
74 56 121823 127513
40 83 518504 527342
85 95 397960 401908
33 68 989830 996847
19 76 699064 701514
7 97 972120 973736
2 68 657778 666423
34 40 465092 466167
50 85 438260 439772
96 24 428234 436712
68 51 563202 570052
63 59 688845 697026
99 37 74263 77748
89 96 684153 693541
90 6 314868 316224
1 68 398009 398357
37 53 513002 518680
80 50 676065 681776
10 46 910540 912213
52 4 279238 280415
45 47 147704 154026
32 78 573726 578436
1 36 320058 325466
59 31 129952 131134
7 40 887523 890497
3 21 125071 129229
65 43 39447 47509
35 101 211875 218634
65 20 496722 505829
69 7 354083 358857
32 27 725369 734940
28 99 456381 458617
49 73 704148 713556
26 11 118973 124634
66 46 672139 672816
39 13 856107 858245
0 23 674500 677416
78 42 19825 27695
62 59 280037 288734
17 34 175909 183889
4 61 777360 783159
84 18 703708 705138
78 3 139861 145918
84 86 642727 648909
69 27 248 9157
80 65 682192 685265
94 84 171412 173984
91 57 114101 123335
39 1 389316 394911
91 0 460699 461717
94 80 218505 225646
1 23 208793 211906
31 14 815815 820964
89 89 475996 483897
40 3 888713 891223
32 51 304657 310139
100 60 819667 821203
75 97 735745 737113
90 44 861391 862085
23 89 222667 227253
53 13 522215 527772
25 18 925676 926303
31 7 348604 349699
26 28 417175 419733
21 22 856217 856255
13 3 291141 291299
11 2 508720 515375
31 70 712638 716326
101 60 171016 177286
5 25 131762 131950
63 76 506559 514916
92 25 24709 25532
34 76 517914 525081
5 63 795302 801041
4 5 381852 386795
7 37 725865 731082
82 83 680239 688012
98 27 680999 684640
100 57 996362 996800
77 101 181459 188274
34 26 606260 612539
29 89 955891 958239
37 68 395602 399649
66 68 653902 662376
10 56 690126 694848
85 63 627242 630823
91 34 589095 594451
22 15 420660 424081
75 48 80142 86698
45 98 248737 257849
0 89 461184 468242
30 40 5211 6668
29 1 477399 480998
23 35 43749 45566
94 65 225199 233516
1 93 628758 630006
31 67 361880 368385
63 75 526282 527031
85 55 133375 139716
34 96 769849 776036
85 74 495614 504735
33 69 155465 156887
80 51 108420 112204
9 23 687216 689462
46 55 625295 633199
47 19 734978 735927
10 24 219628 228536
67 62 676676 682741
61 87 217104 217149
82 67 851439 852856
94 66 526238 531092
49 45 188260 197522
35 31 843881 852466
76 101 465759 469858
43 77 341706 347476
45 3 408403 414942
72 65 879761 887125
33 16 83420 86786
72 52 726454 728432
23 55 919306 920462
56 68 727276 727360
93 14 538713 546165
28 67 889004 892218
44 2 186406 193503
55 89 218793 228635
85 27 609782 619062
67 93 876996 877805
4 14 853049 855413
64 90 369468 378633
100 25 94059 96768
75 49 474755 480897
4 4 575229 580585
3 98 83443 87273
37 20 681730 683128
4 76 493582 498956
19 6 904473 907596
88 50 56848 65668
24 95 29463 38566
55 52 899603 902877
32 70 743271 750686
24 12 877807 884004
100 85 692293 696901
101 18 564176 566828
16 5 35024 36183
28 5 416988 423641
3 84 861041 869923
64 14 316718 323813
93 84 355302 356342
78 85 184016 187743
51 99 758307 766657
0 56 962326 971627
12 58 532698 534268
23 90 42601 43227
100 43 861203 866394
77 40 480778 486524
83 6 80012 82157
98 10 145580 147539
42 19 866443 870006
83 69 9123 18594
84 1 369015 378609
26 31 344427 347198
98 91 339272 343869
98 39 783914 784485
49 74 976739 983315
40 44 735106 736503
69 10 6007 6254
58 28 157149 161447
55 94 79152 80677
12 17 795628 802342
1 32 456306 464732
1 27 726043 734149
10 71 291509 300481
41 33 288099 290622
54 97 879022 887676
73 89 659916 666618
78 50 884505 885739
43 82 925151 928386
101 24 35423 41885
14 3 766026 773510
37 44 440085 447382
54 44 516808 523575
39 98 216864 226693
93 94 984554 993083
65 15 644157 645153
12 70 678898 679687
36 64 151946 154263
11 43 56370 66202
38 46 179486 183495
5 79 185239 192928
77 26 672215 677259
34 101 616269 617952
67 98 771255 780725
13 75 715428 724787
33 91 420566 424138
22 16 528175 529026
55 41 146137 152796
19 49 3271 11036
25 39 106515 110205
95 64 845081 853567
4 87 246677 250175
32 15 20125 23835
57 58 613920 623804
72 21 463088 467733
62 15 245560 245581
92 46 200147 206327
20 84 57996 63824
11 99 890349 896789
76 90 48264 52014
53 93 376213 376555
44 0 84069 90223
71 2 746983 752495
34 88 931432 932582
86 13 754785 757842
6 92 959093 964288
6 50 96920 103560
94 4 485088 489565
30 100 618180 627035
28 18 937063 943561
93 95 528397 534137
10 75 816003 816889
101 30 957019 958444
39 69 364660 367373
0 31 970687 971224
7 23 815314 823460
35 38 265774 268753
81 31 253996 255144
83 5 545394 554850
11 50 821434 826689
12 35 295150 295763
99 83 771798 773210
97 60 846462 847693
24 32 808219 816753
98 74 749259 758911
51 28 243245 246081
81 18 663462 671864
68 12 80014 87470
11 34 332238 337260
11 51 305789 309055
0 48 223399 228147
20 42 581981 591757
12 29 499102 506582
38 48 440269 445649
83 84 102226 103660
56 93 896579 905601
82 33 300019 303880
10 20 414478 422595
8 4 960761 963950
85 30 596738 597313
56 84 507725 516276
24 73 127634 134782
97 99 135733 140894
95 30 118618 122567
53 55 112169 119487
22 68 907962 909165
97 84 166189 172264
59 42 455086 457210
76 40 835135 837272
87 3 625799 625944
13 35 197227 199460
16 35 786250 792635
88 18 295049 299516
22 91 813834 820482
51 86 289191 292732
73 75 523167 532105
4 8 794482 796845
8 9 489621 498296
18 54 683860 685180
72 100 388745 394593
65 25 575665 579507
9 96 50079 52537
80 61 419371 422123
91 100 627205 635760
51 39 276031 285344
6 15 458330 464882
13 82 915388 919751
77 15 813229 817313
78 98 767791 771940
27 73 125947 134595
60 84 517195 524039
27 41 627367 630783
91 62 507871 515205
43 69 89730 93664
14 55 79159 86783
70 44 697183 706922
90 80 241797 248119
100 29 465834 474786
2 3 108542 116983
79 24 778252 781264
4 53 997591 998482
23 79 702088 703566
60 59 388325 396732
72 96 152118 159182
47 92 310848 316655
24 38 844348 845148
67 28 608536 612080
46 32 352092 352609
62 76 871709 881146
92 14 663047 671132
36 43 554114 561199
56 63 337365 343634
92 10 24871 34235
44 1 447530 455085
19 51 647567 656242
68 66 753518 756080
31 15 697121 704956
16 55 908385 912990
27 6 490600 500470
76 49 697523 698919
9 80 540071 545121
4 52 300948 310825
38 59 772642 781821
43 66 199528 203312
73 43 229712 237222
21 57 705043 712570
66 17 783388 787925
92 20 849149 849165
11 11 226886 230357
33 20 429749 432567
32 24 745725 752875
15 37 189554 192530
44 77 37193 43439
18 95 239491 249404
81 52 147606 148852
88 26 315111 322400
42 16 91482 95589
84 24 902937 908578
57 21 416899 418903
96 61 655265 656324
53 42 310771 317153
95 67 686913 689473
24 52 174047 179939
3 14 189472 193847
17 96 852304 860602
69 95 686720 693138
33 19 875817 884489
9 18 661119 663730
80 75 73046 73635
20 75 14735 21191
34 95 394399 396098
88 69 477581 487034
