15 1246
75 84 35148 41838
57 31 699641 700439
25 38 328750 328858
10 98 129972 132003
79 71 557172 565832
68 92 475174 484023
31 58 754157 758472
65 18 42789 43822
97 94 805879 809103
30 36 260576 260783
6 50 184142 188918
100 58 675452 679723
4 85 798949 800986
95 68 110149 114491
95 99 612411 617952
60 57 890778 894461
14 53 1586 6309
0 17 555544 561729
13 79 462188 467960
34 91 892670 898839
54 71 798877 800941
12 36 137567 144301
17 9 341456 351076
12 87 249635 256049
36 22 596232 601246
87 60 562957 568886
68 52 767294 768480
52 47 679061 685626
68 10 511201 517154
12 38 39102 41465
5 96 333031 338535
3 91 302887 312653
19 89 582709 585529
76 60 240227 249656
49 80 24923 32702
29 94 511388 516095
45 57 386482 386840
37 78 336170 338093
61 25 757985 766546
97 48 84060 93842
3 28 363878 372302
62 51 94801 104584
55 54 82260 90596
73 97 242232 244022
5 65 812407 815675
94 95 988084 988617
29 5 361614 369130
24 98 189943 199809
21 5 575417 580207
80 100 275622 280376
36 101 777852 777910
29 67 870267 875428
49 70 115412 116400
62 54 99609 106101
17 101 292182 293750
58 70 147309 156098
61 51 230879 232334
11 63 615476 621183
3 18 354898 360932
87 75 273275 273324
94 52 8734 9988
46 30 154265 161685
6 13 607393 616442
90 10 29874 34046
38 59 608313 610322
87 4 473167 481208
50 18 526189 535323
37 12 610846 612014
82 29 431190 434001
69 95 790641 797841
97 53 338518 342335
98 73 135027 142891
100 20 447935 457854
69 94 768058 769861
7 31 544920 554484
74 99 642490 646433
11 20 751928 756873
10 73 139445 141874
49 14 694393 702737
45 53 824867 834583
68 60 642347 644572
26 64 661511 664820
77 56 211421 213902
25 16 258973 264013
83 78 466228 469963
66 32 930019 930774
64 100 726257 735931
13 11 353960 356834
23 40 478955 484686
74 69 940885 950035
39 69 371572 372098
2 44 6413 9069
9 51 500754 506900
23 55 688314 694160
14 92 716487 720634
12 35 805468 805751
83 66 25751 30906
53 5 809129 810273
40 71 858274 860819
31 88 738835 746630
1 78 334200 342793
52 68 713796 720777
73 21 781779 784976
58 73 999229 1007027
14 18 665226 669876
28 35 585474 591676
101 19 930818 940773
34 73 878142 887883
20 6 639928 643217
96 100 905648 913309
93 0 91806 98095
96 49 368745 378316
46 97 177883 180866
20 4 267767 268225
10 14 998771 1007774
29 90 143047 145659
45 2 751017 758449
55 36 7021 16193
85 30 943320 952730
46 13 847610 857503
36 55 198389 205874
51 57 431326 434229
3 77 967710 973507
75 37 720486 729121
38 57 6797 14946
75 28 431657 439141
25 93 273083 273106
61 60 927309 936786
18 87 972483 972697
8 27 389922 399280
62 94 308728 311732
21 18 728182 736071
28 84 678609 686223
85 9 845876 852130
82 77 320458 326877
66 13 602628 609830
16 79 613531 614240
70 78 792266 798242
92 62 504872 511265
88 53 134567 141534
65 80 421238 421502
35 99 958526 964859
69 99 730802 739577
92 0 13996 17200
20 91 244965 246045
76 95 767930 775225
40 96 123313 128483
28 94 591307 600939
68 82 589595 590640
89 36 38215 47904
60 48 892891 900993
53 30 451638 453608
16 66 338122 343868
68 19 741946 742194
29 46 613200 613400
38 28 53754 55934
92 46 233438 235128
8 70 392377 399838
32 54 987247 995309
5 74 351051 359233
95 52 463690 469484
54 78 290457 297221
20 23 338018 345014
73 47 908996 911195
101 70 997288 1006435
2 53 656431 663716
68 63 34880 40234
42 46 414053 421083
74 68 525800 533903
46 69 789485 792379
99 46 324456 326331
72 53 76920 85464
32 94 244351 247281
78 67 673767 676031
76 79 958961 968952
78 50 551491 557045
69 6 843015 849634
91 16 95321 100927
96 94 747038 756900
30 18 316992 318826
56 89 654664 657498
70 23 317136 321914
75 80 44266 49575
90 79 258771 265681
43 22 705574 711107
46 41 585877 594043
9 4 246307 249257
77 97 511603 512533
87 30 30753 37860
9 13 835504 841494
36 33 551822 559558
11 29 844655 846410
25 56 391738 391961
59 90 793878 803297
82 21 369179 375547
98 71 278209 285625
84 51 823611 829656
91 79 259687 260890
49 24 781702 787025
43 37 837508 844195
73 16 240411 244017
59 77 528873 531967
70 85 681868 689805
61 8 741166 748082
86 73 114460 123993
30 47 855740 859468
71 69 90383 93649
49 89 755575 759125
51 8 301522 304820
62 36 33791 37438
67 48 779870 780490
36 42 893785 896316
75 14 541174 544375
29 60 672339 680285
85 65 764333 766856
9 46 66244 70071
79 61 608999 614735
9 85 62075 70410
47 29 502241 502886
48 52 841750 844804
80 2 624041 624480
34 98 438394 444340
92 9 852985 855908
93 59 610622 615364
67 55 154094 160518
4 70 212870 216700
68 1 117692 125589
55 68 776040 785076
30 62 956591 958820
62 52 353754 362498
47 61 721605 723805
64 101 316339 318605
100 46 171917 178116
72 67 95983 105608
12 17 821203 825113
5 38 967510 971128
61 52 453708 454060
99 13 394242 399608
54 62 484179 487856
51 41 614262 615658
100 27 603356 605081
8 83 563811 568849
93 80 685461 685810
94 54 177282 177954
14 72 955087 964526
14 45 920284 929480
57 70 352929 362597
68 98 916112 918174
4 43 800729 804271
3 24 964345 970476
54 54 316939 324335
88 91 778153 786879
1 2 63387 70951
28 52 594191 596898
33 39 270978 277993
4 77 811571 820047
33 60 733550 738157
36 46 999281 1008123
23 17 480737 481146
58 72 103193 107454
70 39 756169 759529
12 32 158810 159637
3 87 762052 766882
4 49 509459 518084
3 47 507492 514130
79 72 275194 282433
3 54 897401 907370
22 85 327837 335288
34 9 490091 495790
0 18 583149 587827
33 23 116721 118615
7 72 420702 426024
70 25 930529 934853
71 65 389579 396822
51 85 986153 989795
2 30 158809 166881
50 14 330703 336582
42 70 939976 944938
39 25 686255 696059
65 47 657724 662324
80 42 341122 341921
79 20 118233 121816
81 54 791116 796141
20 76 475894 485325
0 11 480359 490152
68 48 187306 191475
17 38 111663 115918
11 55 673097 678878
60 51 986642 990697
83 91 81301 81617
69 0 895139 898061
62 9 585623 585927
0 94 49527 58868
54 10 537643 545223
94 86 34184 39111
65 5 631837 632674
75 59 532042 535033
72 48 368231 369911
24 58 332716 337157
99 94 756884 760296
38 81 920718 927968
27 15 85649 87650
56 51 682236 687490
46 62 84738 86873
92 48 463298 467658
45 30 127334 128831
99 63 480447 485901
81 45 954287 955067
41 88 255305 264427
60 93 409919 412818
97 95 285421 287529
17 12 810175 819446
9 36 539818 540259
96 42 154915 155359
13 67 18815 24094
34 78 9225 11224
88 25 904741 906334
3 57 497029 499914
85 48 702527 707160
40 100 842881 845597
42 77 551480 555547
82 37 845209 846858
76 26 341432 344634
10 27 629036 637778
39 18 783712 784956
39 26 506938 512667
64 63 980112 985077
47 62 566387 572586
45 31 860687 863122
70 24 568293 570277
70 95 896850 900498
41 96 939607 941510
32 69 222472 229724
24 56 146467 152978
7 74 58579 60345
15 12 475103 475169
27 62 766111 774431
12 83 920227 928416
86 96 214884 218593
86 35 349479 359418
54 46 302679 308929
22 67 407992 417065
35 53 489209 491756
62 8 784493 785235
12 95 933147 933504
52 7 209314 212811
22 88 212858 222843
49 86 24358 30420
46 21 604637 608463
27 58 11028 11806
74 66 54994 62794
15 7 546031 548763
4 67 7584 10042
80 76 630444 633222
89 13 888036 891030
29 52 451177 454427
70 36 277815 287725
9 61 315248 317618
34 62 730542 736587
97 100 596450 602133
0 58 655940 657640
30 43 593956 597378
67 1 749131 750061
65 57 66991 72985
15 84 196068 201235
14 69 308232 317804
47 56 324337 333178
42 15 407441 409732
0 38 917461 922370
99 88 758292 758371
87 85 392182 394609
63 30 569809 579436
19 54 770967 779803
80 15 253033 256241
22 92 478672 483088
29 31 781025 788176
68 100 513272 513919
56 5 417458 425535
59 89 772396 774508
81 62 274689 274887
18 64 458013 462978
89 56 54538 61257
25 44 843013 851507
40 55 369645 379445
69 75 282289 288846
82 95 912944 919839
48 8 567946 573215
1 66 790672 796664
6 25 942751 944796
45 60 64107 72022
78 4 780167 785652
100 1 921785 923296
83 70 249995 252503
37 64 262330 270204
54 8 177114 177322
73 96 738938 747033
93 7 57167 64896
61 22 753532 759926
71 55 434907 440633
60 98 228104 236979
17 93 119567 124141
28 56 754181 759865
64 32 550573 553922
101 35 883001 889863
1 95 279137 279793
98 7 994686 998990
90 11 913676 917577
28 59 226472 235953
37 65 517316 524111
33 42 104962 114182
88 52 8218 15975
46 28 521297 524746
94 94 285883 287864
91 25 129418 129735
39 65 270441 277509
40 99 488128 491789
93 72 438959 445879
47 37 235615 243988
72 80 497812 502096
96 24 744042 752605
100 39 769983 770591
20 21 508867 516711
53 28 673635 679956
40 64 692473 699661
71 52 8507 13740
10 21 446872 454254
49 18 359327 361658
99 87 884983 894409
74 11 19845 21546
78 69 505893 508034
30 54 623736 632044
72 22 839291 848927
32 91 870019 877156
21 80 634325 634972
47 96 586999 591340
70 82 425953 428440
65 32 704985 708103
63 45 638528 641838
24 88 455550 462774
81 2 209288 215575
60 37 587435 596689
10 34 164930 167682
18 6 663634 666860
37 50 796413 798268
77 75 70268 79043
53 60 414952 420573
10 100 522599 529230
63 79 566959 573143
45 61 46141 52410
53 93 763786 765318
53 46 816180 822540
33 80 31531 35159
39 75 33946 37656
40 29 551195 556428
1 8 781267 782145
29 40 488810 493912
68 12 995626 1003360
32 61 510121 519326
85 11 651721 658245
84 72 521952 523549
59 19 435115 442688
37 17 459250 461983
68 36 813495 819610
23 26 403453 404983
70 71 26805 34130
62 67 560752 566392
51 17 761115 766033
19 38 308513 313301
74 72 992044 999298
50 17 732188 740822
72 43 873832 883184
71 93 87959 95145
33 9 597881 601373
44 37 463891 471794
85 67 534394 538790
92 94 723879 731590
36 91 905060 911004
36 83 563452 566138
71 71 905576 909261
79 89 566623 570816
72 54 913563 921247
83 52 181996 187546
20 52 661852 671826
29 96 41467 45250
33 97 546488 556278
42 61 675660 677584
14 34 379813 382514
13 14 42712 46724
58 53 367229 370807
90 100 657628 666316
23 11 117391 123255
48 78 942326 951404
39 62 767812 770161
57 18 177007 179361
15 22 616779 619063
11 61 479196 483645
74 97 423050 429223
37 28 752302 752768
71 94 44793 47294
6 73 467303 476148
6 31 747995 749342
57 25 991089 1000838
86 45 493492 501299
48 26 914340 915597
23 19 93536 98888
27 26 365230 373585
59 86 500870 504671
10 47 915357 924822
65 64 737518 741699
26 56 892449 897628
46 67 733161 737795
36 61 53130 55312
88 74 397544 406164
82 72 899566 907987
11 37 933901 940308
2 36 46873 51781
32 37 283208 292373
76 73 631186 634858
98 57 358736 363095
14 41 978014 984127
100 13 17958 26375
53 91 303308 311921
19 48 10506 17288
96 51 208436 218400
98 13 712955 717713
41 81 467374 470813
38 55 386826 395397
28 18 367682 376091
29 10 40043 47627
6 98 789882 796753
32 59 646277 651471
56 57 215109 221999
57 54 88064 94664
45 59 553669 561897
92 58 92584 100531
33 32 956219 961582
95 89 785428 792709
81 24 44564 47030
68 2 1809 9991
59 84 939270 948216
53 78 863031 868507
64 54 555990 565392
93 45 479793 483391
47 93 274790 275661
42 47 122329 123076
92 26 886263 892992
40 75 916271 922141
87 38 463045 473034
96 4 245516 247330
1 55 301203 310353
37 43 66372 73963
97 84 484644 494230
19 66 747645 753588
6 19 639709 640022
3 53 367131 372435
48 97 734764 740843
59 13 532617 540535
49 55 2761 4480
83 56 232169 241822
65 70 860842 864694
46 15 30810 38122
57 39 220829 221023
68 4 914866 921023
34 87 957348 965173
34 0 468585 476758
79 88 832731 838081
97 87 893748 896615
7 38 323274 326342
54 48 913155 917953
99 97 862161 869656
53 57 125098 129292
21 27 628111 635911
10 64 492567 494718
92 67 223790 230813
11 60 743288 751769
85 22 917332 919526
82 3 21661 31470
98 44 93490 95989
38 11 246534 255045
89 57 191034 192343
86 100 979131 985087
90 89 141785 149709
83 98 505034 508153
74 63 274862 284505
74 6 823006 830681
30 31 474601 477360
29 45 161147 167544
47 79 807097 812286
15 31 638476 643656
92 19 203481 206342
64 31 967742 974382
43 91 466680 473001
77 73 689395 693304
51 49 893841 898417
66 4 936955 944157
46 51 678610 679107
44 18 541819 548938
64 40 641382 647247
13 101 869592 869996
81 0 506683 512236
52 94 935187 943941
53 89 424005 428619
47 71 555407 561556
59 92 771011 773633
4 57 256009 264413
21 58 638143 647239
89 30 318397 325828
46 56 607428 614028
10 66 36097 44442
95 17 190716 195127
37 6 805201 813406
31 38 164150 164317
5 45 259505 266996
54 98 346734 347423
12 44 613048 615604
25 25 357521 366684
78 14 744940 745505
68 56 265019 268637
10 48 383714 385490
40 11 883005 886222
16 42 155258 163687
89 82 888648 896334
100 43 551300 559646
52 62 355529 363239
96 79 540968 544140
61 74 397746 405894
77 91 616072 624046
35 14 683928 689504
19 49 471993 477983
28 46 296502 298772
54 60 202710 211293
34 34 90696 99952
52 90 626429 630628
55 5 247607 249683
42 19 305157 314126
49 74 590645 600401
61 99 980922 986794
31 52 277389 278374
80 84 52363 61383
5 72 450825 459456
14 68 359821 360916
21 42 488672 492587
97 66 535148 543230
55 16 932439 935975
35 5 763239 772316
99 48 901567 902587
100 93 755599 761422
36 96 526217 527036
11 24 364974 368645
9 79 345258 353184
41 39 781123 790148
10 77 14829 16856
83 97 272693 276315
4 11 90827 96186
81 78 214776 219953
65 26 46861 53692
90 32 332994 340144
56 20 621725 627154
19 69 893514 900316
82 2 28141 31561
4 63 830298 835353
63 78 425387 427148
88 24 457920 460175
19 76 343803 346362
51 99 910604 917540
7 0 678286 682193
36 86 780860 784537
74 91 222971 227232
37 29 457440 465695
11 85 24162 32351
79 58 589720 597739
15 47 323641 327613
82 42 713048 718995
75 48 717687 726537
60 58 380050 382193
101 49 397470 402873
74 44 78094 83220
28 54 106353 108668
20 62 276260 279162
28 97 993555 1000047
52 26 122287 123636
82 86 139600 142160
83 79 818127 826191
68 6 449374 452917
42 83 467623 474101
1 33 679294 687888
81 8 744482 750540
82 28 571282 573256
50 2 929166 934931
53 12 219846 222706
64 33 181589 183884
11 77 130348 140314
85 15 971825 974713
36 72 225672 229510
16 53 56337 58551
78 57 774492 783489
43 26 859311 868569
30 20 316521 317059
100 5 718572 720044
44 84 940675 946139
40 7 792268 799325
47 28 662120 663619
73 22 107523 113302
33 31 830732 834721
44 42 841851 851083
83 69 637137 642321
12 79 748984 756489
90 45 116405 126353
80 67 632632 638736
90 35 160996 165721
35 93 56188 61028
49 46 78446 87967
0 1 146079 146412
67 19 324885 334131
8 6 2339 5719
86 84 563235 569687
83 22 345278 346038
22 13 932264 937178
16 47 63881 65788
48 87 575457 577628
65 74 213447 220570
44 91 121487 128159
2 92 951966 961096
40 97 133146 135332
38 20 881396 883544
18 67 276938 286738
26 97 260497 268394
33 44 887430 887817
14 94 996825 1003915
76 17 534398 536466
63 67 980154 989320
36 52 733660 742388
6 7 91577 92628
70 6 881277 889132
26 50 159336 161220
17 30 583602 585280
8 12 25966 30115
85 78 810784 814610
66 94 644891 649791
55 47 376003 384445
56 73 911174 911777
100 88 480460 485882
36 21 635670 642571
96 97 496642 503382
80 49 229462 239349
4 38 102037 105050
19 53 749639 758879
101 50 762674 770488
97 62 605117 607735
36 88 934097 942144
66 2 174688 183988
45 98 395437 399731
33 90 715894 725746
7 12 694689 695410
69 55 251731 260463
62 58 204057 209276
16 31 538676 545667
78 79 902720 909399
30 41 91594 100520
34 21 964809 968343
10 16 309070 315070
10 60 55581 60722
84 100 20220 25167
79 14 444691 451779
29 33 637432 642608
67 57 709033 714965
4 79 137027 142652
7 79 171455 180546
95 21 169311 174211
38 43 915394 916757
98 98 828077 831893
97 39 538095 547191
91 49 931463 940361
99 37 787791 792073
81 60 616326 621443
6 22 869871 877922
57 37 632612 642106
97 81 612324 618794
17 13 380456 389257
42 5 196270 201037
1 38 131364 137332
14 64 537005 542620
24 75 2485 5992
17 99 458683 460128
45 20 103430 109769
7 43 120318 127328
75 78 125564 127572
72 42 324655 329835
11 50 966843 966895
60 95 511226 517601
99 22 323887 324183
57 61 169802 174766
88 20 95698 105085
36 64 56946 60234
83 71 639258 639475
74 40 446725 450356
36 26 508000 514611
57 90 523328 530458
100 21 323864 329503
61 9 335888 344033
52 34 969564 976497
52 100 7580 12761
85 45 712635 712765
32 43 969880 975059
29 59 573397 579340
4 18 430294 438374
99 6 595784 604768
53 71 633028 640256
1 41 575810 585007
90 61 205830 215520
5 46 449138 451203
95 4 769380 777215
23 48 395275 400642
2 86 325382 325847
100 34 344738 347751
82 25 997094 1006583
83 63 261213 268704
59 36 743184 747042
91 64 71655 75637
4 82 912908 920361
18 32 287351 293267
60 65 847316 851918
77 93 998858 1000321
61 83 298929 300823
101 54 755087 763050
9 78 400954 402022
24 23 496521 497164
75 41 563266 570238
70 5 920740 927753
70 48 794089 803536
62 22 703882 705811
63 85 354776 359058
31 15 213405 214999
14 14 702319 703709
44 70 2660 7958
34 22 299600 303579
33 91 903470 912755
99 3 224253 227643
4 25 98492 104052
92 59 147490 156179
53 8 537481 541129
78 61 97366 98982
2 91 66048 68078
44 35 90297 97640
2 90 813408 817235
10 25 758275 766719
63 2 332838 339319
72 31 216711 220994
63 0 162247 165320
36 11 287306 294526
86 49 341647 342547
69 93 282473 287142
14 36 240603 245321
96 36 333219 334696
62 37 125588 126990
80 82 656530 658874
20 63 266296 272651
91 5 942791 945167
101 15 419990 429187
81 88 483921 489742
63 70 429889 435441
32 88 779320 781853
65 41 222088 227093
40 68 408774 415290
73 36 718704 721784
10 19 350117 357211
31 19 684467 693233
93 82 795560 802881
89 86 630565 634692
21 32 662375 665888
77 29 59733 66971
85 96 671846 676403
93 62 207166 210261
3 4 288294 294758
64 5 809666 813635
66 17 366715 376566
25 62 400314 403154
7 88 779556 784392
22 5 3669 13320
60 61 678300 683762
85 24 892811 893649
50 55 732301 733837
98 96 515568 516845
46 6 906479 912579
34 53 145195 154581
18 21 271817 279564
25 35 315218 325088
75 10 547863 552540
21 31 217791 227684
78 91 885729 888618
8 38 387608 394703
60 25 815090 822537
54 53 707316 711539
1 100 40082 46094
91 11 178150 181465
49 41 936312 944861
79 64 824922 826599
24 73 904911 911549
51 76 78598 79899
47 92 237539 244443
66 61 39709 42499
90 14 420153 422804
67 44 81035 84546
36 32 266670 273550
73 44 274013 274796
30 13 919288 923409
92 70 404992 406132
10 76 777529 783596
66 93 281803 282476
43 76 887032 887895
11 67 665950 673750
13 70 871469 880596
76 58 174137 178705
9 9 935889 940739
92 10 484240 490394
67 96 473732 482479
49 72 245477 250991
51 91 228834 230772
84 59 376669 381486
19 90 128280 137803
84 98 836495 838926
3 25 598852 605393
6 94 132329 142133
32 60 465674 469440
20 97 273734 278580
51 35 100535 102928
92 72 396593 402881
98 33 448493 449177
38 72 532628 540405
45 32 131925 139027
60 44 659610 668833
61 23 202673 203374
6 56 105663 106428
60 90 2462 3971
72 15 228284 234602
20 99 891478 893921
89 54 436395 441427
69 43 799316 801556
101 61 325779 327254
93 86 741679 750001
95 11 596389 605000
28 0 78050 80994
76 6 595611 600845
97 38 480705 487121
1 37 16535 23479
42 49 719258 719984
23 86 39134 39300
61 43 738070 743017
52 52 400327 407314
89 77 305326 311843
55 79 222773 223548
79 21 491258 491836
41 20 3034 8602
4 93 364046 370233
73 88 987264 994079
97 19 748751 758063
19 91 539334 547377
77 12 685358 689610
69 50 91516 91681
51 77 414868 415196
7 50 800170 805937
97 14 95694 102845
54 93 923392 928648
5 86 280532 281008
94 64 57376 64717
53 92 481275 485255
24 59 666503 674630
51 28 411044 413863
91 78 201875 208004
52 9 93842 99206
42 56 833447 833964
98 76 804894 804902
28 42 652871 654738
49 45 822989 823067
88 9 387352 389087
99 67 426218 433025
75 45 817383 820947
20 81 721571 727408
27 98 267000 274366
97 2 7447 7656
61 31 172246 176342
43 50 967005 975307
87 14 195971 200866
10 5 618509 624323
59 4 948293 951336
87 86 820635 829111
24 52 202273 208036
54 40 240089 247860
73 70 201657 208212
56 55 650664 651776
53 64 458329 466367
53 52 547603 548790
82 20 324906 332368
62 62 962524 970867
20 44 111819 116759
77 101 8337 16616
80 70 668159 671367
101 79 823558 827627
58 1 183639 191063
44 27 651306 652640
37 15 994143 997324
91 51 435774 443395
35 77 14914 17249
76 34 80481 82117
4 15 491224 493998
18 12 563766 565098
84 36 196532 197302
18 97 317438 325427
25 74 474090 478322
63 4 403795 404873
61 55 447536 457094
13 22 798246 801803
9 34 853320 854210
20 85 177122 180148
35 39 742657 744236
73 27 137483 142458
13 8 574368 576644
5 85 506225 508455
37 100 992459 995578
3 92 566135 571488
9 43 72742 77206
92 21 771117 772944
10 58 784727 787291
42 63 185928 194223
48 69 11625 19248
7 96 279534 287501
16 39 216564 219647
9 32 243691 249599
8 92 453806 463434
38 8 473770 474374
6 83 785580 794721
17 63 431481 434791
66 66 845634 851271
26 98 912201 917361
71 38 571214 579698
78 42 155447 157659
84 95 804097 813786
47 21 852373 853846
93 63 578021 583909
27 24 509822 513837
46 82 415490 423248
76 98 811954 821481
70 86 40617 44033
12 90 891310 894253
21 87 675506 676128
76 54 253248 255908
88 17 802094 807222
72 14 245030 250073
68 51 204706 212625
0 59 850697 860375
81 53 103245 112676
11 15 454181 456466
22 11 87819 94786
40 23 9585 13216
95 7 636951 645070
21 71 796802 801662
60 82 431676 433179
77 85 508009 511461
5 9 758507 766532
99 47 492775 495720
56 1 208623 216447
66 64 636980 637889
31 85 829821 835871
20 13 98474 101368
93 8 520963 527803
44 67 432518 434992
84 70 469966 470585
15 49 693457 701662
23 8 76023 81855
44 87 395083 403079
27 19 195566 201020
86 12 354466 358241
94 100 241233 243524
3 81 741303 747223
91 20 897611 905262
5 13 60737 65840
23 63 86871 93682
54 34 371658 372979
65 29 85136 87920
4 83 988876 992139
71 30 565663 569122
58 56 324161 328774
94 18 976615 980402
49 31 54515 61240
73 77 422092 423776
90 76 244016 244145
98 23 865388 869516
101 92 602371 603005
91 87 509464 514126
49 65 941933 943641
48 74 606420 616039
101 97 551823 553215
39 74 933058 939360
43 88 428033 434803
92 33 455431 456423
67 36 728494 733562
77 4 35274 37688
11 5 299053 308851
13 82 475265 479342
101 62 142523 147723
55 97 456723 461517
78 38 930255 931089
70 61 644709 645651
99 70 605107 606366
36 43 18665 19110
68 59 95678 103457
87 23 648741 656153
83 35 887923 893924
36 93 499265 506816
95 22 223515 230080
4 28 444820 454042
52 0 772509 781174
2 10 557377 563062
66 100 249853 256321
67 39 510127 519398
1 94 240718 241396
35 33 288094 294524
88 28 251973 259001
7 80 783390 786300
13 89 808365 814391
27 65 925821 931743
42 39 622394 629578
94 30 503227 507368
33 4 122424 128236
8 97 974696 981471
34 36 153612 154675
2 12 702367 705634
37 23 387542 391003
68 20 870601 879467
89 68 388529 389066
16 58 474049 480462
64 12 703022 704161
20 59 16522 25272
61 41 363781 373318
73 72 851173 861169
60 71 546890 555434
27 5 10657 13901
34 58 376844 379586
30 29 423775 425713
90 26 93459 100171
85 21 497709 498693
88 26 590751 592217
9 82 547994 550078
80 99 789675 794216
88 63 67306 70135
1 65 300847 306255
101 2 208776 214545
33 16 350224 357615
25 96 740973 749637
6 71 171623 172905
89 74 904129 912377
57 3 553974 560465
37 3 629388 635624
60 10 21888 21903
60 76 538093 547041
98 61 389323 398466
99 7 426952 436267
60 52 903327 910427
40 56 230660 234205
99 18 573524 573874
30 56 880571 883468
9 56 125231 126253
90 78 486036 494057
90 92 552508 554647
82 17 660875 670793
62 61 77957 83748
59 43 348988 352361
8 100 721116 722551
67 31 523103 530749
42 41 113562 115453
94 17 71622 79049
75 25 653873 654534
101 82 409363 410815
51 98 924709 930714
26 46 464373 467533
74 35 783238 786553
66 31 217737 223303
55 77 268545 271843
48 15 251223 256296
5 40 390591 399341
85 19 890824 890966
95 74 394981 395660
92 11 865548 868906
49 8 836481 844354
47 85 948983 954896
92 66 362330 369255
1 3 366714 374191
26 48 546153 553634
0 30 46539 46638
52 45 239176 241950
58 83 906997 912551
54 83 6309 11256
8 47 543952 544681
55 27 235421 244741
88 100 810214 820109
27 38 799579 809354
69 80 744298 752046
61 33 863979 871984
82 87 738871 747949
6 20 873695 882861
5 89 970333 971626
98 21 288976 291391
7 81 644092 646526
76 51 458398 464809
95 33 176397 181282
95 45 80237 88919
42 66 984287 987646
50 89 803868 807442
66 42 780559 782046
32 101 450693 455195
70 74 927125 929484
4 84 633795 639612
86 23 889346 896507
26 10 116941 121884
63 65 620666 623807
84 3 217271 219838
53 18 891097 894008
40 4 446932 452368
89 97 277535 287453
84 39 6369 13448
3 76 635984 642793
73 66 312366 320552
56 37 542039 549375
13 33 434829 442353
61 86 947681 957176
80 46 530355 537138
96 59 678553 679175
79 74 839643 846564
85 38 554407 557224
29 63 955691 961436
16 78 440510 448737
56 41 810685 814797
100 3 826849 827284
95 56 221629 225330
87 53 732670 740929
82 6 553124 556519
61 21 319220 329143
76 97 668830 669929
9 64 345211 349351
95 93 100813 104034
12 51 349257 349680
56 44 780714 784187
60 7 675135 675968
12 31 21738 27390
5 10 572049 580407
77 70 237648 245169
