12 956
100 23 580604 585729
99 10 870749 874794
74 23 368062 368571
76 13 185928 189710
90 50 602225 607779
101 84 411049 420023
54 30 312989 314237
73 98 574159 576222
6 97 579730 584398
83 43 927411 931371
45 5 162626 171970
48 98 21496 24598
24 21 191922 199817
92 54 598848 606566
7 57 313117 322426
8 88 950533 956322
30 26 1728 7769
98 74 183043 192807
86 22 998803 1004707
54 96 373646 374872
33 9 465493 474021
97 41 110851 112720
26 0 450112 452472
42 45 293257 299810
74 56 917306 918541
3 63 194150 194417
22 82 239208 248642
81 46 210004 213719
79 10 981449 988782
55 48 167773 172521
99 99 722093 723898
36 56 298083 307738
65 12 74383 83889
6 2 540297 545950
82 10 485048 489782
95 34 108073 113323
80 52 999381 1005521
71 0 505396 507497
45 22 488018 490458
23 89 365847 371050
56 68 181486 187734
91 69 489053 492079
62 4 768566 774662
43 81 732009 741177
77 70 19808 25861
83 40 157661 160124
91 24 142727 149990
5 46 562322 563178
15 28 254123 259524
99 60 315086 323934
65 36 437074 438538
17 34 481463 489118
84 10 113034 119050
49 74 9480 10439
52 69 651519 654382
30 23 473985 479673
22 51 208694 214381
40 50 894927 904174
70 43 512455 517739
28 84 884839 889348
21 47 211688 214246
68 74 151791 154789
27 9 845582 847521
88 24 466551 473365
74 83 637401 646868
54 42 897237 905970
12 26 842615 846478
3 72 757929 761232
78 18 898554 906149
57 10 768755 772197
88 64 550383 553571
20 4 338265 347397
39 19 286866 287293
79 7 967058 969578
38 20 656948 665483
57 43 12572 18899
7 60 59070 63493
96 43 424917 428216
20 14 175645 180499
3 59 153117 159843
32 31 201785 206597
84 11 115330 118937
10 22 597993 607074
95 56 496671 502371
95 50 698770 705771
61 11 154962 163020
59 11 741492 743794
73 66 124987 132173
46 16 561422 568075
65 67 640535 646470
62 91 976837 979835
25 17 801142 804326
41 20 313114 314371
83 68 218034 220085
19 30 890576 900169
0 97 554684 564216
22 73 508415 515748
7 24 574980 576003
79 42 484705 486595
36 53 899862 907975
25 33 941086 942161
93 40 990114 993083
80 46 911800 913728
88 86 514961 515572
95 2 900284 904860
23 97 590803 594025
101 49 634393 642261
60 79 36909 45545
67 50 747667 750225
67 85 286142 295437
50 55 647129 656087
66 31 810313 816278
53 53 201380 201559
81 51 805932 809945
91 101 465030 468192
91 11 47741 53427
56 22 395965 402799
9 26 803534 813301
78 73 226194 235070
75 1 117987 125160
42 39 189427 194648
44 36 717853 725068
60 8 77943 82781
38 34 42432 47947
3 7 481498 487577
4 27 609618 610064
8 84 451554 457736
75 68 839988 842032
13 72 718284 719536
69 29 298163 305169
70 54 289473 296646
67 9 515570 520119
11 87 825897 829887
28 88 342057 346917
21 59 383558 393454
51 15 177353 183675
4 39 79971 85967
2 35 310673 314753
95 77 50452 51268
74 85 969388 971858
49 0 320303 327585
13 10 45274 46616
50 29 492184 493003
40 22 1610 2018
10 81 651640 656547
42 54 1242 1600
99 78 494855 500450
41 6 114811 123308
55 23 862660 864773
75 51 146946 150769
7 78 858103 861629
84 3 208805 210516
91 19 894517 903320
11 95 888555 896258
25 35 869443 871810
16 88 575347 582232
9 74 67005 76228
69 27 817998 824986
38 62 777383 785820
95 13 928610 931558
84 62 842029 848229
24 65 958953 967246
3 20 747341 749668
70 44 65291 74253
0 12 323334 328793
90 48 547239 552926
20 50 866651 869660
95 97 331181 333587
26 64 697128 705416
93 18 886501 887177
45 83 22746 32532
31 94 560080 560344
1 82 522544 531227
59 80 223828 223874
79 38 158597 166619
47 98 188378 196636
30 41 34118 37282
100 75 349919 352601
39 84 583300 588491
81 82 976483 983504
40 19 253189 257717
96 13 901727 911003
76 76 915039 922160
90 63 254166 256351
39 71 145296 146588
79 0 559706 563406
30 55 888688 892317
21 43 132870 132884
46 7 268153 274591
56 91 597247 604617
101 15 689881 690993
95 15 209811 215517
4 2 211178 218992
83 87 190626 200163
65 46 654393 660293
65 27 628333 629161
0 48 236926 238823
91 63 165623 167649
97 81 117221 125640
16 65 147907 153462
46 86 621204 626217
20 77 213389 216944
97 79 85420 88869
24 81 809330 816716
83 60 240458 250394
30 34 644431 652715
69 23 455501 458326
21 49 539783 549708
85 34 9239 17510
26 77 136446 145960
8 8 642028 645003
42 27 139196 143362
48 92 663547 673520
68 82 610572 614510
64 23 480057 489891
61 70 974187 977556
97 45 957335 965731
41 67 892805 901579
29 43 624154 628058
35 64 928113 933193
60 93 984991 993050
58 20 583885 584475
33 97 533883 536196
77 22 93411 101520
34 47 653018 660968
101 60 945299 951525
81 12 612175 620111
63 54 899726 907227
56 81 717031 719304
36 57 477791 478038
67 80 761792 766763
37 70 338433 342681
27 87 576866 582052
44 69 182298 182354
30 97 486848 491078
77 48 392249 398481
68 56 445283 451689
11 16 193782 198167
92 11 368098 369105
13 22 969462 976044
1 79 788747 796228
52 4 250065 253241
66 64 715537 725192
21 88 719091 727289
16 20 919629 923085
68 40 876128 881325
54 4 967398 969417
8 100 231168 231588
43 16 20015 26771
34 28 679161 685002
70 33 160061 169421
8 30 683203 691646
10 96 157097 160348
92 87 826000 826968
67 76 172171 179562
92 8 133956 138056
59 3 495204 495358
50 20 802589 806631
33 33 359852 360818
72 51 250674 257400
49 24 976840 985987
84 95 799167 801970
1 72 968311 975839
37 49 281608 288946
56 58 465524 466562
89 11 60128 68324
41 97 325203 335094
49 36 694985 703997
60 42 814250 820385
19 5 993800 996109
18 9 471554 475774
54 90 492642 501449
95 53 434767 441616
72 83 709368 719243
98 54 449018 453923
4 73 660149 668832
83 19 820997 826521
95 88 397517 403555
78 58 167464 169562
77 99 376025 383706
94 42 50550 56298
69 7 389138 390909
20 10 196652 200320
63 30 520268 521399
43 21 771614 779063
52 80 72636 75281
98 10 783963 791060
2 61 433668 442812
62 73 371715 381541
19 75 764091 769259
88 76 225734 230069
93 10 15763 16097
21 92 996909 1005285
54 7 135970 137021
11 17 229409 239172
85 59 353887 363396
42 15 797823 807512
65 74 923472 930494
63 8 571008 576996
80 43 316360 324254
37 33 685051 693034
76 21 102757 111284
38 89 560596 569949
11 15 969155 970533
64 3 589207 592335
64 96 470334 475381
32 40 170925 177587
48 10 286720 293141
91 39 62530 71795
78 44 114806 115610
94 59 201941 209335
15 83 422228 431670
33 25 761603 762592
75 75 904573 906875
21 96 464967 472539
35 13 130367 136511
73 64 894597 896235
69 10 904255 912462
84 23 51632 55754
90 0 599781 604920
80 51 110237 117357
8 64 255700 260932
14 101 204049 206732
22 45 658226 660991
94 11 416852 421749
5 48 688908 693559
67 66 937893 945022
29 78 158456 166608
0 3 783983 786491
94 52 401166 409161
7 49 869728 877763
100 35 422609 427734
35 54 440475 444789
20 22 460622 469621
36 18 369707 370736
21 24 885725 891299
95 71 456164 462805
69 58 649552 657467
76 2 166989 173485
25 94 364149 369449
34 32 103595 112575
30 1 483736 491409
8 58 146454 152766
23 59 915888 918779
81 19 447217 454680
13 87 434718 442930
36 2 772697 778389
97 52 191741 196949
68 81 243665 249149
51 26 620046 627521
89 15 657552 664387
35 43 584853 594584
94 45 693032 702941
40 76 606435 607000
63 61 644992 646319
85 89 60917 63466
20 46 878675 885937
0 89 68876 69297
48 40 100450 108330
71 65 129442 132759
100 73 107240 112767
66 69 22506 27024
21 36 54582 57020
41 27 804509 811559
68 50 83513 88569
79 12 965594 974543
83 31 689255 690531
70 21 518059 521697
81 3 345565 355223
46 84 891105 901065
78 47 984103 987706
43 5 196783 204947
98 31 903973 910885
14 98 987337 992049
35 3 41571 49347
18 29 12587 16964
42 13 257042 262078
28 18 619585 626061
73 40 159356 168349
96 95 175782 180353
96 4 648674 654561
92 33 346444 347047
47 67 28074 30123
55 96 545821 549501
25 96 899008 899703
36 4 816831 819196
2 53 824760 829375
87 75 380810 389197
57 46 257704 264026
92 65 663088 663630
50 90 329895 331401
43 28 636808 638248
34 36 942537 949005
6 47 996201 1004765
69 63 497958 499575
85 100 454353 460695
26 36 370822 373678
61 5 928977 933205
84 53 500222 504284
23 4 587306 595776
71 2 605709 607665
11 101 700516 707576
63 5 187539 193138
74 53 966876 968738
46 25 632604 638008
20 7 919038 919154
62 54 571355 576988
87 36 392045 398395
12 10 101132 110084
51 8 533712 543087
101 93 262082 264245
83 70 271947 273253
60 10 678504 683749
83 59 601242 601344
12 48 870822 878114
44 2 9085 14848
73 7 563656 564837
15 101 306359 316305
83 35 736960 744289
65 8 857270 865373
84 75 834756 835733
35 98 375581 383684
94 22 990030 998856
17 27 210758 219653
69 15 440845 447787
61 28 512461 517977
24 95 41377 46478
72 65 451709 455227
26 3 153499 153906
91 52 346041 353888
77 101 977688 981689
53 67 967329 975029
11 55 641378 645751
68 3 831330 834102
65 21 377469 383901
87 96 20127 26306
25 48 254833 259453
82 20 980512 984383
51 42 488166 497907
30 3 789184 789873
65 94 309402 313772
38 49 791935 799651
53 63 41362 50736
28 39 336305 340529
74 57 351591 351925
25 42 540553 542459
22 101 478617 485865
46 69 764565 768839
8 24 749469 755980
63 24 28077 29740
97 3 563739 564881
24 35 367804 371058
59 21 560613 561320
38 35 96960 104344
42 99 863949 864987
10 17 347435 348079
47 12 299492 307123
20 82 555168 556370
62 40 737173 741736
62 32 85929 86842
80 2 527142 532544
72 50 415754 418300
53 6 642209 648316
45 11 591124 593968
48 36 790529 791155
83 52 116759 118091
38 11 865719 869438
23 28 25642 27381
30 29 417945 422027
42 43 608358 614155
23 78 904416 910148
43 43 592506 595337
9 93 966570 975027
69 100 223976 232862
69 78 955214 959682
76 91 33133 42648
21 54 943895 944757
101 82 670041 670104
23 83 184733 193613
72 72 164321 173632
1 98 694297 700017
86 56 491 3768
83 48 655109 661425
24 96 510479 511189
43 65 604088 604585
2 74 982020 987287
6 82 664012 670649
34 44 621094 628623
4 25 455393 458973
22 58 300728 300749
62 90 977946 978922
54 85 931102 936297
46 99 789101 797550
58 37 952929 959108
53 86 140391 140443
48 25 109429 115584
9 22 33202 39677
61 73 544622 546198
81 7 11214 17370
20 51 715579 722133
32 27 773466 774629
94 77 441019 442173
2 17 595395 602473
67 2 201037 207081
67 29 88121 93473
62 33 734830 741733
92 44 638660 640045
34 3 493635 497111
26 35 706593 709491
79 91 392515 398663
60 15 866109 873569
79 50 246345 247709
11 60 243968 251332
34 4 695751 704179
90 87 654216 657778
77 58 863500 870556
97 22 847097 849355
75 57 807026 808891
73 73 113189 115260
68 58 557938 558399
69 66 965650 969555
38 9 962775 971657
2 66 274677 277100
97 75 122904 132494
96 12 502059 505458
36 16 167370 175521
45 59 950979 956167
99 38 735372 740274
21 14 562084 564032
100 24 610839 615058
7 37 634135 634198
73 93 195056 197341
48 31 635157 644388
60 78 236907 238263
36 39 216584 216963
33 90 279702 280139
72 18 912118 917711
81 60 261182 271101
88 10 632521 633007
72 1 998822 1003392
55 9 188973 191561
81 45 273647 278477
38 6 373203 374828
93 1 214910 219968
71 28 609609 610352
85 97 207430 217125
48 33 230379 233166
30 10 807271 811439
64 94 527161 531901
88 91 674915 678677
31 19 43068 47207
88 75 923406 932724
33 4 452163 458493
97 12 796154 805042
28 92 710715 715768
71 12 478460 482656
84 70 780260 785447
18 46 569875 571650
43 76 697419 702813
17 2 641596 642369
93 47 187288 193442
95 35 744822 746074
87 100 814397 814751
5 73 797209 804724
94 31 79266 79990
14 40 665294 674770
67 15 923974 927047
85 6 382457 383443
99 54 151221 155620
42 68 218434 223130
49 57 993670 1002737
90 70 567457 568248
31 97 655079 659785
34 69 448378 455423
60 50 173274 176989
24 61 23980 32396
52 72 31269 37833
48 13 717802 724274
37 83 689829 696173
101 57 3286 12714
58 10 884212 888497
53 39 260349 263386
24 16 34691 38264
43 66 24935 32083
0 1 912112 913726
26 99 404966 410614
75 77 556616 564416
56 84 468479 472894
26 12 793287 795669
44 89 541685 541953
41 50 639179 643507
35 85 214874 216566
37 73 825457 825530
96 29 991740 996707
44 46 866441 868670
23 93 406153 410947
42 64 245 7219
38 70 655323 655440
66 39 198224 199111
27 70 71376 78272
20 11 320988 330893
30 35 956019 959638
32 0 834095 837875
52 5 569417 572066
78 93 436576 442529
82 65 258398 264685
89 97 66231 73133
27 41 427077 434949
4 19 637247 641653
97 40 550808 556739
77 88 866929 873411
21 93 141428 144817
30 98 27759 30824
14 90 924058 929816
77 44 67829 73847
58 87 199608 200046
16 1 286030 286973
58 14 225708 230872
99 12 621937 629839
42 78 263770 271527
75 98 399333 409299
63 90 777182 779462
94 14 287823 289212
67 36 583862 590499
15 22 811016 816954
25 16 370954 379246
39 90 590466 600436
21 99 281361 290815
36 65 739620 745408
34 0 756419 763970
81 59 579006 588524
38 36 471739 472188
96 56 550491 557687
98 13 534166 539389
5 61 755803 763111
70 27 56488 62608
78 25 63430 71707
3 21 817232 824369
54 22 578568 588179
38 79 655071 658721
1 62 612620 619946
23 76 423615 428876
4 89 663587 669005
4 94 290746 299936
10 10 437474 440348
41 44 230082 239472
70 7 337704 343239
20 32 444008 449200
87 44 66820 67465
35 75 621593 623913
56 71 856168 860012
61 86 731530 741093
11 41 843498 850524
77 68 969923 976773
87 91 192928 202663
93 78 118012 127157
80 16 132995 142698
36 24 715984 718194
60 74 683769 692028
1 61 537593 543224
94 36 675589 676179
18 70 801252 806747
21 13 504707 514265
61 2 38416 47769
85 33 497343 501872
20 52 702084 702652
59 10 426128 434750
54 97 105041 109483
42 81 647486 652854
76 78 866286 873359
51 69 348502 351994
62 72 713439 716966
68 1 280826 281221
97 26 367370 370107
70 18 955175 963561
5 94 657175 664342
75 81 763798 771989
28 48 94541 97292
83 96 647608 654865
92 57 273026 278320
54 18 176984 178643
32 10 48393 54417
4 1 962881 969976
52 100 666284 669077
78 20 112342 113623
0 40 280592 290371
74 40 401352 404056
49 29 448691 453603
98 19 903861 904220
25 25 730530 731433
73 61 798309 804988
13 98 184428 186823
92 31 230011 235574
76 87 493696 501972
41 83 67284 74671
41 39 557748 565697
79 99 510494 515627
50 23 781417 781484
43 60 226538 232284
94 26 329745 331744
64 17 380009 380425
45 91 1077 3195
62 9 965875 967753
85 10 237237 240435
22 61 993394 1002044
20 8 725037 728046
71 34 191062 199010
29 10 434060 443531
14 23 140841 146651
53 64 89027 97630
45 79 986022 991906
25 29 705618 710661
43 45 520897 523425
18 6 849756 856346
99 47 415599 424504
9 86 974259 978296
4 100 200626 206425
6 81 232887 242687
87 26 761870 761959
88 46 787282 795369
4 88 411497 419024
81 26 511392 520627
29 95 690151 697818
57 62 927736 933825
16 80 191275 196058
54 74 170998 179289
53 49 698926 704242
89 76 521611 528451
91 55 984875 986756
68 39 36026 44770
80 73 881532 889398
41 3 711743 714409
21 86 694940 699254
100 47 241433 245793
22 96 31681 32058
17 28 839864 849425
1 14 616964 621635
84 13 639226 647465
35 50 885750 892666
92 50 545030 554842
4 36 260622 269888
86 63 280171 286864
67 96 335 3989
62 64 81357 82251
82 60 394149 397219
40 70 15091 23229
37 82 270598 272454
21 5 228493 230972
19 86 923506 926477
24 43 847694 848300
63 58 197678 206390
62 6 574370 577501
43 91 195139 204584
7 76 84359 91923
3 29 6399 8629
5 25 435274 440146
16 79 824007 825935
26 16 246008 246433
79 82 302568 304346
23 30 275930 277087
54 45 293421 301263
33 101 42232 48836
63 59 162603 165057
5 40 627517 628749
64 70 730411 733647
46 58 363682 364299
85 15 643193 649092
33 62 780060 789568
66 53 509422 513541
39 22 383118 391001
72 87 484645 491068
67 90 848057 851542
85 2 556412 556789
101 38 461114 463041
40 98 343574 351982
100 46 666206 670729
96 99 549463 557578
52 60 105865 106006
3 39 599951 600118
48 69 247848 257798
63 99 883205 888284
59 94 428311 432647
98 45 827345 835682
40 34 690327 692409
21 22 687403 695712
33 39 125505 133447
49 19 851762 860242
86 71 43764 48367
80 70 613725 621806
101 77 677419 686077
4 43 207118 209491
26 76 673538 674988
51 5 657961 662885
24 44 388334 396098
21 72 164261 166190
50 12 936330 942185
31 0 30360 37261
42 88 879692 885375
70 37 289737 295343
60 11 446215 455294
73 31 16258 21929
77 3 480679 486224
12 25 7062 10929
67 7 234805 241511
25 93 22860 24595
31 77 366865 376096
18 99 37163 44507
22 70 728808 730501
62 58 638071 643184
71 48 843490 844158
91 70 26695 34375
59 55 337298 344062
69 68 594364 604293
19 51 620763 630124
48 32 881534 882152
16 56 716330 720679
62 45 109769 112872
79 28 308830 309521
39 34 841560 849618
69 9 299193 304736
81 65 450447 450557
31 29 603333 603881
28 50 848839 856587
83 42 318450 321671
98 89 213518 217660
6 74 662192 663997
8 65 247570 252717
32 56 354080 355648
36 87 659180 661188
93 52 995977 996275
2 59 436203 445977
84 48 612725 622021
36 34 99798 109228
70 71 399725 406908
0 32 939580 947422
16 63 430197 437203
25 82 484069 488668
53 44 44467 48073
86 68 160929 167906
74 4 302833 304616
29 99 90307 91562
78 9 335930 335976
33 34 590203 596598
65 58 653589 663235
47 28 106418 108901
89 25 860119 861401
2 93 260159 260281
7 46 192775 196999
85 9 369073 376688
55 93 482351 490175
13 5 876159 876210
84 0 13730 19657
7 32 13853 23747
94 94 184243 185458
50 2 552098 561691
78 33 974576 976638
94 99 30499 40261
47 69 671463 676890
7 94 924727 928230
93 67 608624 613786
65 34 75204 84640
46 77 132281 134748
90 95 968433 970133
84 74 126874 132221
28 91 204897 212109
13 51 444313 452560
86 58 496959 506616
61 13 101589 102093
21 81 695127 696998
65 89 433159 437771
74 15 963054 969049
40 100 540580 550563
100 1 613813 622314
7 9 333561 336105
8 23 937784 945262
101 63 54375 54977
85 37 825864 833364
25 67 756948 760119
28 41 870801 877885
64 64 858995 864968
5 15 641620 646445
29 20 956013 964221
71 86 843622 848583
19 50 86023 92197
26 23 302116 305366
54 87 442978 447258
52 38 5404 15363
44 1 757680 765369
37 51 39162 48841
61 23 882898 892121
80 10 184394 190286
94 79 486340 491184
94 43 229684 237621
42 80 817350 824079
76 67 806027 806161
12 34 269612 270555
68 42 789044 789473
72 8 681456 687985
27 89 636561 638183
38 96 351655 352800
31 73 223151 225896
78 45 329769 336998
61 41 572944 579357
55 38 61266 64613
47 20 441169 449138
45 29 333281 336439
28 16 766381 772350
66 7 17719 19613
37 67 853586 859671
54 58 127328 129313
60 31 362489 363050
82 53 235518 241593
2 4 396762 406173
7 42 156795 159295
34 93 155629 160550
44 22 68975 70525
12 35 555688 559934
52 43 82159 83347
16 30 9565 16452
7 44 378370 381309
13 34 159661 165144
40 40 760836 767424
53 38 17178 22801
54 86 522338 525519
86 100 616856 623419
57 73 686991 691983
43 36 276051 283090
56 26 704659 704877
63 94 383147 383321
16 42 789867 793257
79 47 201002 207717
42 23 397517 401484
95 23 105078 112339
66 1 479544 483301
45 2 777252 781738
89 94 84391 85031
69 17 924096 926601
67 97 148267 152753
20 17 573024 581231
50 48 786260 787001
14 71 327832 333581
16 95 743648 751643
25 72 182356 186640
54 34 709449 711291
42 79 327494 327926
10 94 290465 292675
90 12 426944 430121
30 61 503969 504269
67 49 705646 705981
69 101 787009 792676
21 2 301818 307511
33 31 38313 38498
7 3 5882 11704
72 48 738784 744903
43 78 470967 471921
95 67 383027 390973
